face,S11,S22,S12,von_mises,principal_1,principal_2,T_wale_Nm,T_course_Nm
0,813.8455,737.9755,64.8391,786.7443,851.0315,700.7895,813.8455,737.9755
1,813.9663,1183.9056,-68.9271,1055.8254,1196.3308,801.5412,813.9663,1183.9056
2,968.1607,1351.5094,12.1286,1206.5968,1351.8928,967.7774,968.1607,1351.5094
3,938.2366,1361.5991,19.9799,1207.4500,1362.5400,937.2958,938.2366,1361.5991
4,504.8500,125.9115,295.9773,685.5424,666.8080,-36.0466,504.8500,125.9115
5,475.4289,-179.4990,429.3164,946.8523,687.9142,-391.9844,475.4289,-179.4990
6,488.7991,349.0580,328.0506,716.2390,754.3374,83.5197,488.7991,349.0580
7,596.5701,-272.6528,152.2806,813.9165,622.4762,-298.5590,596.5701,-272.6528
8,678.4302,-106.1626,-219.1477,829.2401,735.4913,-163.2238,678.4302,-106.1626
9,614.1667,41.2471,-302.2238,792.2039,744.1182,-88.7045,614.1667,41.2471
10,664.5581,-66.4576,-91.7977,717.9829,675.9093,-77.8089,664.5581,-66.4576
11,724.9951,390.1340,115.2999,659.4387,760.8551,354.2739,724.9951,390.1340
12,637.4359,-747.0824,-36.4345,1201.9385,638.3940,-748.0405,637.4359,-747.0824
13,584.4816,721.7274,-233.2663,777.1179,896.2552,409.9538,584.4816,721.7274
14,378.2608,774.7308,225.6896,776.5604,876.8837,276.1079,378.2608,774.7308
15,199.8196,989.8557,33.0481,908.4196,991.2358,198.4396,199.8196,989.8557
16,501.8591,1106.9935,-78.0811,969.5527,1116.9060,491.9466,501.8591,1106.9935
17,837.3856,1182.9392,43.3621,1056.2312,1188.2974,832.0273,837.3856,1182.9392
18,229.9978,813.4372,-255.8301,850.7864,909.7245,133.7105,229.9978,813.4372
19,575.7628,717.6995,-259.9195,797.5245,916.1652,377.2972,575.7628,717.6995
20,503.7823,1014.1432,-150.4774,916.1364,1055.2067,462.7188,503.7823,1014.1432
21,346.0304,363.8061,436.6353,835.5568,791.6440,-81.8075,346.0304,363.8061
22,353.1549,840.0907,-147.7191,774.1133,881.3991,311.8465,353.1549,840.0907
23,211.5315,429.7698,308.0040,650.4899,647.4127,-6.1114,211.5315,429.7698
24,700.8211,979.2808,-120.2789,898.4662,1024.0400,656.0619,700.8211,979.2808
25,363.4388,1058.3498,-31.4970,933.0182,1059.7745,362.0141,363.4388,1058.3498
26,381.1367,1032.5466,88.5143,917.2680,1044.3597,369.3235,381.1367,1032.5466
27,522.8756,966.4107,153.6878,879.1449,1014.4593,474.8270,522.8756,966.4107
28,216.9394,910.2598,-186.9026,884.8515,957.4344,169.7647,216.9394,910.2598
29,593.2596,938.4026,170.6191,873.5975,1008.5074,523.1548,593.2596,938.4026
30,587.8835,-92.7391,-176.5022,708.6511,630.9321,-135.7877,587.8835,-92.7391
31,621.1945,-758.1423,-48.3777,1199.4322,622.8892,-759.8370,621.1945,-758.1423
32,784.0024,434.1630,-36.3288,683.1777,787.7351,430.4303,784.0024,434.1630
33,505.4625,194.9295,-286.6330,664.4063,676.1809,24.2110,505.4625,194.9295
34,741.4072,261.8056,-119.5141,683.3543,769.5393,233.6735,741.4072,261.8056
35,411.5000,97.5840,-454.7533,871.2639,735.6203,-226.5364,411.5000,97.5840
36,744.6455,752.5929,113.3367,773.9597,862.0255,635.2128,744.6455,752.5929
37,612.2444,-704.4164,160.6368,1174.6205,631.5593,-723.7313,612.2444,-704.4164
38,686.2847,-70.1047,155.6208,772.4420,717.0509,-100.8710,686.2847,-70.1047
39,579.3131,245.5801,326.0611,756.6988,778.7256,46.1676,579.3131,245.5801
40,322.1032,512.3875,415.1759,847.5628,843.1831,-8.6925,322.1032,512.3875
41,463.7153,340.6083,-287.2817,648.6085,695.9638,108.3598,463.7153,340.6083
42,979.9735,1358.5462,4.7437,1214.3822,1358.6057,979.9140,979.9735,1358.5462
43,935.7109,1304.1899,29.5349,1165.6494,1306.5423,933.3586,935.7109,1304.1899
44,822.3942,668.7820,-71.8916,767.5313,850.7906,640.3855,822.3942,668.7820
45,293.7170,627.7551,-379.4463,853.1719,875.3140,46.1581,293.7170,627.7551
46,648.8888,1135.8381,56.5093,991.8327,1142.3098,642.4170,648.8888,1135.8381
47,973.1087,1384.3122,5.3671,1231.3655,1384.3822,973.0386,973.1087,1384.3122
48,965.9632,1382.7129,9.1769,1228.6508,1382.9149,965.7612,965.9632,1382.7129
49,869.8512,1321.2693,-28.7938,1164.2909,1323.0985,868.0220,869.8512,1321.2693
50,893.8983,1237.2317,51.0022,1109.7932,1244.6479,886.4821,893.8983,1237.2317
51,600.4756,-492.2470,323.3484,1100.9646,688.9882,-580.7596,600.4756,-492.2470
52,842.5778,1078.3386,-92.7938,994.9872,1110.4799,810.4366,842.5778,1078.3386
53,490.9240,1089.6859,-50.2034,949.2260,1093.8660,486.7439,490.9240,1089.6859
54,518.3627,882.3288,158.2249,815.4403,941.4949,459.1965,518.3627,882.3288
55,360.9034,708.8833,-181.2479,689.5511,786.1368,283.6498,360.9034,708.8833
56,650.7408,8.0625,182.7917,720.0836,699.0930,-40.2896,650.7408,8.0625
57,648.0803,70.4627,257.3781,760.2882,746.1229,-27.5799,648.0803,70.4627
58,466.7294,941.6184,-31.8999,817.3454,943.7517,464.5962,466.7294,941.6184
59,778.1540,488.8707,-120.6695,712.5903,821.8799,445.1448,778.1540,488.8707
60,481.4196,605.9809,327.6216,793.2555,877.1891,210.2115,481.4196,605.9809
61,752.8904,739.8705,-173.3537,804.5902,919.8564,572.9045,752.8904,739.8705
62,579.3337,858.0830,234.5386,860.1411,991.5337,445.8831,579.3337,858.0830
63,554.9869,859.3954,-184.4584,819.5685,946.3377,468.0446,554.9869,859.3954
64,606.8254,105.8654,-285.6211,748.2920,736.2396,-23.5488,606.8254,105.8654
65,660.5666,-179.3522,-41.7624,769.5595,662.6380,-181.4236,660.5666,-179.3522
66,923.0893,1160.6582,-35.7286,1063.7950,1165.9152,917.8323,923.0893,1160.6582
67,886.8670,1272.1373,44.4683,1132.5114,1277.2032,881.8010,886.8670,1272.1373
68,823.2511,1201.7369,29.2590,1065.4346,1203.9854,821.0025,823.2511,1201.7369
69,567.9348,1021.4465,45.2346,889.9024,1025.9143,563.4670,567.9348,1021.4465
70,465.5520,610.1920,-331.3046,796.4201,876.9780,198.7659,465.5520,610.1920
71,790.2902,1200.4383,1.5379,1056.8459,1200.4441,790.2844,790.2902,1200.4383
72,424.9979,843.2820,-264.2664,861.8961,971.1521,297.1279,424.9979,843.2820
73,851.4287,1239.7564,-16.9047,1098.7356,1240.4909,850.6942,851.4287,1239.7564
74,761.4733,1141.4864,-64.4813,1012.9634,1152.1296,750.8301,761.4733,1141.4864
75,447.4822,883.8575,106.5228,787.3851,908.4722,422.8676,447.4822,883.8575
76,705.1688,241.8519,-38.8075,624.2812,708.3969,238.6239,705.1688,241.8519
77,903.5094,1138.6826,-60.6546,1046.4959,1153.4047,888.7872,903.5094,1138.6826
78,828.1259,680.2214,46.8850,769.2720,841.7359,666.6115,828.1259,680.2214
79,909.5643,1000.5078,24.7901,959.2396,1006.8263,903.2458,909.5643,1000.5078
80,502.1099,812.3215,168.3668,767.5597,886.1374,428.2940,502.1099,812.3215
81,656.2845,575.4438,-248.0482,754.1709,867.1841,364.5442,656.2845,575.4438
82,605.4165,-679.1659,190.3542,1160.8954,633.0303,-706.7797,605.4165,-679.1659
83,752.2710,876.5470,-144.1160,858.5765,971.3503,657.4677,752.2710,876.5470
84,607.5520,934.4229,-127.4188,850.4479,978.2233,563.7516,607.5520,934.4229
85,326.2104,914.5104,26.6457,804.0831,915.7148,325.0060,326.2104,914.5104
86,291.5217,655.5181,373.6171,861.6034,889.1075,57.9322,291.5217,655.5181
87,446.5830,-34.4530,452.2849,910.8757,718.3253,-306.1953,446.5830,-34.4530
88,470.1872,912.2857,-115.8574,815.2698,940.8074,441.6654,470.1872,912.2857
89,930.1406,1203.9065,-30.4254,1094.3158,1207.2471,926.8000,930.1406,1203.9065
90,809.3002,1020.7149,101.6548,949.6115,1061.6627,768.3524,809.3002,1020.7149
91,648.0987,501.0072,261.9131,743.0568,846.5960,302.5098,648.0987,501.0072
92,897.0652,1160.8339,34.5602,1055.6992,1165.2870,892.6122,897.0652,1160.8339
93,769.3908,966.3073,-138.4025,916.3568,1037.6998,697.9983,769.3908,966.3073
94,860.6196,1296.3336,21.2125,1143.1740,1297.3639,859.5893,860.6196,1296.3336
95,671.1044,1219.6120,29.1909,1059.1996,1221.1611,669.5553,671.1044,1219.6120
96,745.5269,1120.9984,72.9550,996.3336,1134.6755,731.8498,745.5269,1120.9984
97,830.8640,1026.5967,-99.0157,959.5237,1067.9493,789.5113,830.8640,1026.5967
98,741.4168,1069.4776,77.9754,958.5369,1087.0680,723.8263,741.4168,1069.4776
99,413.6351,845.0349,252.9957,853.0312,961.8004,296.8696,413.6351,845.0349
100,657.1588,-212.4731,-55.6358,791.1492,660.7037,-216.0181,657.1588,-212.4731
101,546.3207,-77.4640,-221.6337,702.9592,617.0487,-148.1920,546.3207,-77.4640
102,648.5001,7.0307,-250.3213,777.1903,734.6210,-79.0903,648.5001,7.0307
103,553.0257,-395.6618,-370.9283,1045.9256,680.8363,-523.4723,553.0257,-395.6618
104,557.3678,334.5451,335.9280,758.0616,799.8774,92.0354,557.3678,334.5451
105,654.3578,-30.4060,181.6159,740.2419,699.5449,-75.5930,654.3578,-30.4060
106,544.5244,866.9078,-180.8102,821.0119,947.9455,463.4867,544.5244,866.9078
107,312.1894,782.2488,196.0554,761.8916,853.2856,241.1526,312.1894,782.2488
108,586.4303,65.2511,301.4067,763.1717,724.2789,-72.5974,586.4303,65.2511
109,480.9056,1102.4575,74.2152,965.9339,1111.1961,472.1669,480.9056,1102.4575
110,616.9673,890.7602,-194.2078,858.8845,991.4713,516.2562,616.9673,890.7602
111,623.2712,-596.9417,257.1920,1146.8680,675.2657,-648.9362,623.2712,-596.9417
112,363.9717,252.6233,443.7151,833.6639,755.4918,-138.8967,363.9717,252.6233
113,791.7755,949.6569,84.1258,893.3494,986.0799,755.3525,791.7755,949.6569
114,857.4894,1015.0794,86.4321,957.9488,1053.2424,819.3264,857.4894,1015.0794
115,399.5431,67.8662,446.2282,857.0204,709.7530,-242.3437,399.5431,67.8662
116,704.3401,377.1603,-177.4574,683.4977,782.1064,299.3940,704.3401,377.1603
117,547.5918,20.0918,-308.4849,758.1207,689.7075,-122.0239,547.5918,20.0918
118,634.0773,520.7601,-224.4900,703.0151,808.9483,345.8891,634.0773,520.7601
119,704.5273,653.5009,144.4575,724.9944,825.7073,532.3209,704.5273,653.5009
120,865.3013,994.8563,39.2541,939.2857,1005.8218,854.3357,865.3013,994.8563
121,986.5675,1380.2717,1.0970,1231.5591,1380.2748,986.5644,986.5675,1380.2717
122,938.0693,1311.8633,-12.8600,1170.8274,1312.3052,937.6274,938.0693,1311.8633
123,606.8912,1032.9825,117.0855,921.7314,1063.0365,576.8371,606.8912,1032.9825
124,633.0108,1094.4678,-125.1334,976.0777,1126.2160,601.2626,633.0108,1094.4678
125,605.9246,1115.0666,-101.3337,982.6889,1134.4936,586.4976,605.9246,1115.0666
126,463.9638,804.0010,-140.6310,740.2594,854.6256,413.3392,463.9638,804.0010
127,668.9898,635.6094,164.7191,712.5501,817.8621,486.7371,668.9898,635.6094
128,570.1560,-569.4092,286.1583,1104.3625,637.9774,-637.2306,570.1560,-569.4092
129,885.9943,1265.5115,21.8796,1125.4801,1266.7687,884.7371,885.9943,1265.5115
130,806.2949,1266.2173,-53.5289,1114.0329,1272.3652,800.1470,806.2949,1266.2173
131,681.6324,1115.1560,-97.1193,988.1122,1135.9186,660.8699,681.6324,1115.1560
132,774.2367,1062.0528,70.3309,959.1442,1078.3195,757.9700,774.2367,1062.0528
133,475.0343,747.2179,197.0999,738.6360,850.6451,371.6071,475.0343,747.2179
134,703.2851,-128.2930,-72.8140,785.6216,709.6127,-134.6206,703.2851,-128.2930
135,563.8540,-132.5481,270.6344,793.7046,656.6597,-225.3538,563.8540,-132.5481
136,580.1806,-195.4481,228.9158,803.3754,642.7021,-257.9697,580.1806,-195.4481
137,615.1895,-614.0597,-243.8372,1145.2773,661.7910,-660.6612,615.1895,-614.0597
138,829.4483,894.1433,-111.8209,885.0666,978.2014,745.3902,829.4483,894.1433
139,681.0209,212.5535,-103.0410,629.3389,702.6834,190.8909,681.0209,212.5535
140,770.7565,1107.9873,116.8911,1004.3424,1144.5418,734.2020,770.7565,1107.9873
141,988.0113,1360.6507,-9.1775,1217.9701,1360.8766,987.7854,988.0113,1360.6507
142,844.4646,1145.9630,-69.7073,1035.9555,1161.2994,829.1282,844.4646,1145.9630
143,835.1394,1123.4502,55.6437,1015.2090,1133.8167,824.7729,835.1394,1123.4502
144,672.9612,820.9409,204.1616,836.3045,964.1064,529.7956,672.9612,820.9409
145,855.5379,1291.7400,-16.6472,1138.5237,1292.3744,854.9035,855.5379,1291.7400
146,900.7614,1177.0300,-54.8851,1070.3199,1187.5344,890.2570,900.7614,1177.0300
147,759.8050,1195.1791,19.8741,1048.2550,1196.0844,758.8996,759.8050,1195.1791
148,726.4282,1189.8485,-84.1337,1048.9677,1204.6501,711.6266,726.4282,1189.8485
149,485.3338,1115.3420,-9.5483,968.7606,1115.4867,485.1891,485.3338,1115.3420
150,315.0751,667.8409,108.6343,608.4965,698.6109,284.3051,315.0751,667.8409
151,654.5831,711.5462,-200.1865,767.6163,885.2671,480.8622,654.5831,711.5462
152,794.9432,593.4451,-109.6295,740.5488,843.0867,545.3015,794.9432,593.4451
153,864.6433,993.1676,36.5015,937.6840,1002.8107,855.0002,864.6433,993.1676
154,441.4991,5.3643,-455.5437,902.8521,728.4797,-281.6162,441.4991,5.3643
155,623.3290,384.9434,-203.6202,648.9665,740.0771,268.1953,623.3290,384.9434
156,358.6932,1030.0051,61.9642,911.9398,1035.6767,353.0217,358.6932,1030.0051
157,702.0349,164.3886,19.9117,636.9140,702.7713,163.6522,702.0349,164.3886
158,202.1501,883.2903,-156.0745,845.9237,917.3496,168.0907,202.1501,883.2903
159,556.3524,1023.6588,15.6880,888.0476,1024.1849,555.8263,556.3524,1023.6588
160,340.0117,351.0922,-431.0951,822.8167,776.6826,-85.5788,340.0117,351.0922
161,546.3299,365.7235,-340.2281,761.3736,808.0350,104.0185,546.3299,365.7235
162,677.2938,260.7711,146.5748,643.8652,723.7028,214.3622,677.2938,260.7711
163,584.1202,1120.1349,61.4133,976.1762,1127.0813,577.1738,584.1202,1120.1349
164,328.8944,411.6958,421.6870,822.0221,794.0096,-53.4194,328.8944,411.6958
165,476.3385,641.1247,326.7258,807.9579,895.6861,221.7771,476.3385,641.1247
166,515.4269,-347.9348,-388.6135,1009.5147,664.5806,-497.0885,515.4269,-347.9348
167,722.4860,268.6763,-180.7850,705.7675,785.7001,205.4621,722.4860,268.6763
168,451.3947,-35.4897,451.4043,912.3235,720.8170,-304.9120,451.3947,-35.4897
169,715.1841,127.7067,-147.5089,708.3362,750.1418,92.7490,715.1841,127.7067
170,574.3998,-511.1065,-318.3974,1090.3556,660.8985,-597.6052,574.3998,-511.1065
171,560.1512,-355.6637,389.6406,1046.3989,703.4916,-499.0041,560.1512,-355.6637
172,911.1251,1348.0838,18.6132,1191.7404,1348.8752,910.3336,911.1251,1348.0838
173,954.4657,1297.0174,15.1966,1164.4712,1297.6903,953.7929,954.4657,1297.0174
174,918.7874,1354.5729,-13.1096,1197.9103,1354.9669,918.3934,918.7874,1354.5729
175,813.4387,999.0467,-81.9423,931.2664,1030.0454,782.4399,813.4387,999.0467
176,873.7952,955.6978,-2.0487,917.4992,955.7490,873.7440,873.7952,955.6978
177,906.1195,1116.9723,15.0546,1028.2262,1118.0417,905.0501,906.1195,1116.9723
178,891.2393,1044.5417,-69.4002,984.3208,1071.2917,864.4894,891.2393,1044.5417
179,782.1386,1250.8984,-36.1559,1096.3728,1253.6707,779.3662,782.1386,1250.8984
180,523.3655,451.1975,336.0919,761.7235,825.3049,149.2581,523.3655,451.1975
181,870.6920,1294.5555,-44.6923,1145.7799,1299.2166,866.0309,870.6920,1294.5555
182,972.9253,1313.0744,-20.7456,1180.8962,1314.3350,971.6647,972.9253,1313.0744
183,649.2437,641.4940,216.7096,746.6158,862.1131,428.6246,649.2437,641.4940
184,638.8770,596.3082,194.4016,704.3832,813.1559,422.0294,638.8770,596.3082
185,192.2916,929.5335,-72.2070,859.0160,936.5390,185.2861,192.2916,929.5335
186,529.9919,980.1463,-181.8153,906.2444,1044.4072,465.7310,529.9919,980.1463
187,621.4293,1168.9525,-59.3239,1018.2146,1175.3065,615.0753,621.4293,1168.9525
188,460.4457,334.6063,294.5642,655.9023,698.7351,96.3169,460.4457,334.6063
189,661.8322,872.9895,196.8017,859.3909,990.7442,544.0776,661.8322,872.9895
190,523.8200,983.6034,173.0935,903.6127,1041.4816,465.9417,523.8200,983.6034
191,202.6464,826.8206,200.0493,822.9245,885.4329,144.0341,202.6464,826.8206
192,552.0824,601.3510,-221.7218,694.1933,799.8028,353.6306,552.0824,601.3510
193,598.6453,529.5999,-223.3469,686.6304,790.1219,338.1233,598.6453,529.5999
194,198.9595,987.5308,-27.2242,905.8404,988.4696,198.0208,198.9595,987.5308
195,558.5165,1061.2767,107.5158,938.1830,1083.3040,536.4892,558.5165,1061.2767
196,552.8494,967.2604,101.5030,858.7167,990.7862,529.3236,552.8494,967.2604
197,599.6850,0.5104,-245.5374,734.9708,687.4492,-87.2538,599.6850,0.5104
198,669.1743,518.6070,-239.8174,736.3736,845.2470,342.5343,669.1743,518.6070
199,744.5366,180.6205,40.2268,676.2652,747.3917,177.7654,744.5366,180.6205
200,751.8418,618.8998,136.0868,733.8577,836.8238,533.9178,751.8418,618.8998
201,713.1626,150.2449,68.7343,661.9658,721.4338,141.9737,713.1626,150.2449
202,640.1895,264.5700,-253.1973,709.0780,767.6279,137.1316,640.1895,264.5700
203,509.1979,705.7273,-263.2858,778.4195,888.4881,326.4370,509.1979,705.7273
204,671.2113,970.8002,120.7050,886.0444,1013.3805,628.6309,671.2113,970.8002
205,384.2445,562.8665,276.1065,690.5712,763.7472,183.3637,384.2445,562.8665
206,658.2778,-652.3595,186.9941,1180.3545,684.4350,-678.5167,658.2778,-652.3595
207,525.6422,195.4713,310.9790,708.4381,712.6379,8.4756,525.6422,195.4713
208,704.2047,-179.9444,-4.8613,809.3657,704.2315,-179.9711,704.2047,-179.9444
209,199.3374,914.4450,124.9486,860.5222,935.6483,178.1342,199.3374,914.4450
210,344.8807,860.7377,-123.9469,780.4157,888.9734,316.6450,344.8807,860.7377
211,904.4371,1105.9967,7.5909,1020.3448,1106.2822,904.1516,904.4371,1105.9967
212,773.3898,588.4936,-40.3957,703.0057,781.8301,580.0533,773.3898,588.4936
213,903.5375,1084.9520,-16.1617,1006.9705,1086.3806,902.1090,903.5375,1084.9520
214,713.8036,1075.7181,154.2227,984.9810,1132.5216,657.0001,713.8036,1075.7181
215,698.5752,1067.3383,137.5891,968.7076,1113.0161,652.8974,698.5752,1067.3383
216,995.3931,1382.7839,-0.6886,1235.5106,1382.7851,995.3919,995.3931,1382.7839
217,955.4660,1269.3769,-18.0591,1145.5850,1270.4124,954.4305,955.4660,1269.3769
218,991.9986,1394.1482,2.8374,1242.8763,1394.1682,991.9786,991.9986,1394.1482
219,961.2738,1221.9825,1.5579,1114.7359,1221.9918,961.2645,961.2738,1221.9825
220,807.4432,939.3472,-128.0245,908.3166,1017.4089,729.3815,807.4432,939.3472
221,764.3528,1192.7095,-66.4051,1052.7912,1202.7677,754.2946,764.3528,1192.7095
222,908.2361,1274.9222,-19.9393,1137.3574,1276.0032,907.1550,908.2361,1274.9222
223,722.6719,1221.8976,-59.2968,1069.0209,1228.8440,715.7255,722.6719,1221.8976
224,554.0161,914.0081,210.6078,876.9472,1011.0576,456.9666,554.0161,914.0081
225,696.5550,1032.9468,81.8516,923.4516,1051.8058,677.6960,696.5550,1032.9468
226,662.7762,691.9967,-196.7264,758.6808,874.6546,480.1183,662.7762,691.9967
227,769.3136,1027.8135,-108.4096,944.8762,1067.2591,729.8680,769.3136,1027.8135
228,837.6838,1233.9019,-45.9730,1094.0516,1239.1662,832.4195,837.6838,1233.9019
229,773.9671,1197.4216,-35.1950,1053.4680,1200.3269,771.0619,773.9671,1197.4216
230,751.6279,617.0556,103.6167,717.0183,807.8887,560.7948,751.6279,617.0556
231,605.9472,55.2621,222.0006,696.1270,684.2963,-23.0870,605.9472,55.2621
232,503.1320,1116.0310,-52.9766,972.4072,1120.5764,498.5866,503.1320,1116.0310
233,495.5874,762.0987,-180.3985,739.1519,853.1212,404.5649,495.5874,762.0987
234,398.0601,570.8917,-309.3928,737.7613,805.7104,163.2414,398.0601,570.8917
235,766.8233,654.1822,137.4472,755.6489,859.0414,561.9641,766.8233,654.1822
236,623.4136,419.9640,245.6824,695.9041,787.5981,255.7795,623.4136,419.9640
237,475.5332,1085.0632,43.6204,945.1024,1088.1690,472.4274,475.5332,1085.0632
238,571.1623,1050.0219,-6.7623,910.5914,1050.1174,571.0669,571.1623,1050.0219
239,756.6617,234.0497,-22.5491,672.1199,757.6328,233.0785,756.6617,234.0497
240,702.4424,112.2392,95.9266,674.3791,717.6420,97.0395,702.4424,112.2392
241,668.7364,261.8698,173.1393,656.1965,732.4403,198.1658,668.7364,261.8698
242,510.1075,250.9146,319.8715,708.6097,725.6386,35.3835,510.1075,250.9146
243,629.7149,599.3948,259.3850,761.7145,874.3825,354.7272,629.7149,599.3948
244,473.3939,855.4195,-160.7039,792.6986,914.0297,414.7838,473.3939,855.4195
245,496.5176,331.0817,-317.7694,703.3413,742.1586,85.4407,496.5176,331.0817
246,481.1723,-263.9939,-408.3623,963.6003,661.3802,-444.2019,481.1723,-263.9939
247,363.7869,570.7844,241.9701,652.7943,730.4615,204.1099,363.7869,570.7844
248,744.0751,188.3041,-74.7102,682.4505,753.9429,178.4363,744.0751,188.3041
249,649.1568,-716.6609,-103.7061,1196.8699,656.9863,-724.4903,649.1568,-716.6609
250,257.0792,553.1260,345.7818,767.1611,781.2355,28.9696,257.0792,553.1260
251,221.7507,911.2256,200.4612,893.3054,965.2720,167.7043,221.7507,911.2256
252,384.6338,976.7355,188.4772,912.6012,1031.6402,329.7292,384.6338,976.7355
253,672.1355,315.5387,-159.2350,644.4481,732.8896,254.7846,672.1355,315.5387
254,553.2555,50.4912,-263.6889,699.5012,666.1875,-62.4408,553.2555,50.4912
255,619.2675,-763.2965,23.2669,1200.1760,619.6589,-763.6879,619.2675,-763.2965
256,998.2173,1388.1986,1.3826,1240.0866,1388.2035,998.2124,998.2173,1388.1986
257,967.1372,1341.8710,8.2752,1199.3349,1342.0536,966.9545,967.1372,1341.8710
258,933.1121,1327.6269,26.2028,1181.7472,1329.3596,931.3794,933.1121,1327.6269
259,849.1028,942.4057,97.9126,915.2406,1004.2127,787.2957,849.1028,942.4057
260,862.0940,1249.0333,65.0295,1113.1903,1259.6698,851.4574,862.0940,1249.0333
261,930.1552,1139.4012,34.5705,1052.2306,1144.9648,924.5915,930.1552,1139.4012
262,919.0994,1130.5172,-19.0303,1041.5573,1132.2165,917.4001,919.0994,1130.5172
263,826.5756,758.7682,-100.3194,813.6148,898.5654,686.7783,826.5756,758.7682
264,937.8151,1206.0615,-5.9316,1096.8703,1206.1926,937.6840,937.8151,1206.0615
265,982.6771,1316.4361,7.7141,1185.4135,1316.6143,982.4989,982.6771,1316.4361
266,685.6800,848.1924,-157.8465,826.2841,944.4695,589.4029,685.6800,848.1924
267,797.6110,879.5548,-132.5707,872.3430,977.3406,699.8253,797.6110,879.5548
268,789.0144,1248.0108,-17.1269,1093.7349,1248.6490,788.3762,789.0144,1248.0108
269,607.8149,1179.1904,-22.9609,1022.1453,1180.1116,606.8936,607.8149,1179.1904
270,826.3627,1048.8887,-76.2598,966.2955,1072.5146,802.7368,826.3627,1048.8887
271,748.0854,917.3927,-113.3418,868.0392,974.2049,691.2731,748.0854,917.3927
272,746.0984,447.7680,-47.7426,655.6814,753.5525,440.3139,746.0984,447.7680
273,672.6163,-56.0446,-180.9573,769.0817,715.0809,-98.5092,672.6163,-56.0446
274,540.9341,296.2525,288.7077,685.6958,732.1526,105.0340,540.9341,296.2525
275,698.5767,1221.2807,-16.8986,1061.7130,1221.8265,698.0309,698.5767,1221.2807
276,810.8084,1300.5272,12.8468,1137.8919,1300.8640,810.4717,810.8084,1300.5272
277,809.4692,878.8143,74.1754,855.9719,926.0208,762.2627,809.4692,878.8143
278,674.5587,1044.3770,-86.2105,929.2771,1063.4866,655.4492,674.5587,1044.3770
279,657.0440,969.3774,-135.5547,888.5950,1020.0032,606.4183,657.0440,969.3774
280,805.6543,1176.3890,93.0896,1054.1366,1198.4505,783.5928,805.6543,1176.3890
281,637.8157,770.3439,164.0530,767.8810,881.0100,527.1496,637.8157,770.3439
282,759.2960,488.0121,5.7788,666.5139,759.4191,487.8891,759.2960,488.0121
283,844.3723,735.1787,2.6900,795.4304,844.4385,735.1125,844.3723,735.1787
284,514.2670,-151.0786,-445.0797,979.4273,737.2624,-374.0740,514.2670,-151.0786
285,523.2055,33.3150,-316.2745,746.6672,678.2949,-121.7744,523.2055,33.3150
286,382.9218,601.3539,-249.3827,681.5859,764.3875,219.8882,382.9218,601.3539
287,519.0107,1045.2199,-140.9069,937.5183,1080.5759,483.6546,519.0107,1045.2199
288,977.5903,1342.1827,-2.4343,1202.1024,1342.1989,977.5740,977.5903,1342.1827
289,921.7983,1346.6658,-23.3485,1193.1061,1347.9451,920.5191,921.7983,1346.6658
290,480.9872,764.3241,197.3178,751.4738,865.5636,379.7477,480.9872,764.3241
291,422.8162,813.5864,151.1551,751.8260,865.2300,371.1726,422.8162,813.5864
292,221.7658,922.6193,194.5094,899.6126,972.9828,171.4023,221.7658,922.6193
293,854.2529,1200.6152,-44.0852,1073.0454,1206.1384,848.7298,854.2529,1200.6152
294,785.8345,1162.6257,-46.0470,1030.5164,1168.1714,780.2888,785.8345,1162.6257
295,719.7281,749.3085,200.4932,812.8751,935.5563,533.4802,719.7281,749.3085
296,552.8438,327.9611,347.3310,770.5841,805.4803,75.3246,552.8438,327.9611
297,201.7489,1005.2768,-3.4137,921.1436,1005.2913,201.7344,201.7489,1005.2768
298,457.2915,979.7624,17.2430,849.6499,980.3309,456.7231,457.2915,979.7624
299,550.7762,575.4372,237.3105,697.4913,800.7374,325.4761,550.7762,575.4372
300,772.1535,600.3505,117.8141,731.2452,832.0574,540.4466,772.1535,600.3505
301,606.0777,-184.3080,65.5456,725.1850,611.4764,-189.7068,606.0777,-184.3080
302,767.5743,430.5135,64.0490,675.5500,779.3347,418.7530,767.5743,430.5135
303,676.3523,111.5179,90.4332,647.3004,690.4779,97.3923,676.3523,111.5179
304,444.3820,958.4958,0.5137,830.8141,958.4963,444.3815,444.3820,958.4958
305,441.8719,962.8123,-0.7868,834.7577,962.8135,441.8707,441.8719,962.8123
306,342.9704,262.3598,-436.5076,817.3715,741.0295,-135.6993,342.9704,262.3598
307,618.5878,158.7866,260.4285,716.3167,736.0736,41.3008,618.5878,158.7866
308,399.7920,451.4888,271.2485,635.5324,698.1177,153.1631,399.7920,451.4888
309,435.8443,694.9963,314.2931,816.3396,905.3763,225.4643,435.8443,694.9963
310,623.7922,653.9175,-252.7091,774.8559,892.0124,385.6972,623.7922,653.9175
311,510.1975,498.0535,-329.1126,761.0509,833.2941,174.9569,510.1975,498.0535
312,573.6964,273.6282,-322.5339,747.7330,779.3845,67.9400,573.6964,273.6282
313,706.4309,443.7496,204.6510,712.8295,818.2618,331.9187,706.4309,443.7496
314,798.6602,642.4949,85.5398,747.9799,836.3962,604.7589,798.6602,642.4949
315,593.4051,972.8545,102.6664,867.6980,998.8515,567.4081,593.4051,972.8545
316,419.3999,834.9792,261.6551,853.3971,961.3152,293.0639,419.3999,834.9792
317,408.2280,599.6734,-303.7396,747.1466,822.4167,185.4847,408.2280,599.6734
318,598.1690,-758.7076,-86.2849,1187.2717,603.6339,-764.1726,598.1690,-758.7076
319,746.5906,948.1318,119.9668,889.7535,1004.0353,690.6872,746.5906,948.1318
320,893.2717,1086.6394,70.3048,1011.3771,1109.4985,870.4126,893.2717,1086.6394
321,874.7872,870.8138,38.7557,875.3848,911.6070,833.9940,874.7872,870.8138
322,960.3093,1233.5192,17.0876,1122.5327,1234.5838,959.2447,960.3093,1233.5192
323,944.6171,1351.0550,20.4619,1201.1151,1352.0826,943.5895,944.6171,1351.0550
324,920.3086,1364.0614,-3.1888,1205.1159,1364.0843,920.2857,920.3086,1364.0614
325,857.7182,1326.5862,-9.4929,1165.3089,1326.7784,857.5260,857.7182,1326.5862
326,876.7664,1181.5259,56.2663,1066.9106,1191.5822,866.7101,876.7664,1181.5259
327,892.2293,1142.6718,-57.9713,1045.1453,1155.4398,879.4613,892.2293,1142.6718
328,941.1492,1249.7756,-38.2392,1129.5408,1254.4429,936.4819,941.1492,1249.7756
329,962.4318,1354.9213,-6.1284,1207.5513,1355.0170,962.3361,962.4318,1354.9213
330,801.2235,804.3609,-72.7445,812.6241,875.5536,730.0309,801.2235,804.3609
331,794.4771,518.6174,-77.3535,711.3922,814.6871,498.4075,794.4771,518.6174
332,966.2530,1366.8301,13.8694,1217.2686,1367.3098,965.7733,966.2530,1366.8301
333,959.3535,1378.7422,-7.5834,1224.2388,1378.8793,959.2165,959.3535,1378.7422
334,862.6052,1016.8069,-92.1771,962.4816,1059.8774,819.5347,862.6052,1016.8069
335,739.4228,692.9634,-181.0603,782.8792,898.7374,533.6487,739.4228,692.9634
336,965.8827,1314.3508,-24.0696,1180.1173,1316.0055,964.2280,965.8827,1314.3508
337,932.6473,1245.3482,-36.8962,1123.9824,1249.6427,928.3528,932.6473,1245.3482
338,584.3060,645.1758,-215.6158,721.2183,832.4941,396.9877,584.3060,645.1758
339,432.8565,530.1195,-372.3372,809.2161,856.9877,105.9883,432.8565,530.1195
340,548.8310,979.0517,66.8590,857.8078,989.2025,538.6802,548.8310,979.0517
341,705.9742,1085.8228,80.6479,964.5518,1102.2364,689.5606,705.9742,1085.8228
342,683.9877,1093.0323,-38.9686,958.9024,1096.7116,680.3084,683.9877,1093.0323
343,579.4633,952.9153,-120.7676,857.5548,988.5660,543.8125,579.4633,952.9153
344,512.2313,1087.9396,-100.2123,958.5637,1104.8847,495.2863,512.2313,1087.9396
345,704.2816,1061.4867,-83.1193,946.5239,1079.8809,685.8875,704.2816,1061.4867
346,586.0594,1012.7072,-132.3821,910.0055,1050.4453,548.3213,586.0594,1012.7072
347,604.6119,831.0998,-173.1242,802.3127,924.7283,510.9835,604.6119,831.0998
348,579.0318,1048.4197,0.6438,909.6123,1048.4206,579.0310,579.0318,1048.4197
349,686.8451,1205.8801,43.2568,1050.3636,1209.4605,683.2648,686.8451,1205.8801
350,811.5527,742.8949,56.3249,785.5760,843.1856,711.2619,811.5527,742.8949
351,715.5904,463.1104,183.1295,704.0971,811.7756,366.9253,715.5904,463.1104
352,501.4299,697.2905,213.9691,724.8117,834.6752,364.0453,501.4299,697.2905
353,723.8942,803.1227,-185.7118,831.3360,953.3983,573.6186,723.8942,803.1227
354,531.0857,685.7101,199.5055,712.3811,822.3596,394.4362,531.0857,685.7101
355,584.4190,1005.7341,-68.3138,882.7666,1016.5339,573.6191,584.4190,1005.7341
356,372.5203,994.3454,-137.3419,902.0359,1023.3290,343.5366,372.5203,994.3454
357,329.5732,884.2563,-12.2509,774.3066,884.5267,329.3028,329.5732,884.2563
358,384.5119,1028.9037,-100.9667,917.3055,1044.3533,369.0623,384.5119,1028.9037
359,513.0416,-368.0125,379.7132,1009.9490,654.1040,-509.0748,513.0416,-368.0125
360,430.4764,57.3107,458.1515,890.8602,738.5813,-250.7942,430.4764,57.3107
361,605.0261,290.3996,-225.7926,653.9389,722.9032,172.5224,605.0261,290.3996
362,776.7873,531.4655,42.2392,691.6436,783.8563,524.3965,776.7873,531.4655
363,705.3497,109.8633,-49.6358,662.9384,709.4587,105.7544,705.3497,109.8633
364,585.6846,753.0587,258.3780,818.1360,940.9646,397.7787,585.6846,753.0587
365,744.4534,424.9025,60.3927,655.2669,755.4862,413.8696,744.4534,424.9025
366,724.0448,379.3673,122.8989,662.4152,763.3775,340.0346,724.0448,379.3673
367,636.2181,1049.0305,105.1288,933.2644,1074.2611,610.9875,636.2181,1049.0305
368,642.6338,1029.8105,116.5842,923.2943,1062.2051,610.2391,642.6338,1029.8105
369,372.8787,1013.1249,137.1835,918.7742,1041.2806,344.7230,372.8787,1013.1249
370,951.9514,1264.9660,29.7739,1142.2888,1267.7729,949.1445,951.9514,1264.9660
371,979.5185,1339.6024,-8.2571,1200.8457,1339.7917,979.3293,979.5185,1339.6024
372,488.4415,884.6828,-130.9802,800.3689,924.0650,449.0593,488.4415,884.6828
373,225.6357,858.6978,-231.7026,869.2403,934.4396,149.8939,225.6357,858.6978
374,434.7102,332.4857,289.4784,637.4778,677.5541,89.6418,434.7102,332.4857
375,847.4149,1129.7151,-70.0704,1025.5537,1146.1506,830.9795,847.4149,1129.7151
376,627.2063,1013.5097,-157.0154,926.7532,1069.2784,571.4375,627.2063,1013.5097
377,599.1541,-696.1943,-176.4234,1163.6905,622.7527,-719.7929,599.1541,-696.1943
378,692.3056,-149.3603,-107.0478,799.6101,705.7072,-162.7619,692.3056,-149.3603
379,446.5596,883.2180,66.1315,773.4340,893.0137,436.7638,446.5596,883.2180
380,645.7037,762.2019,163.0581,765.1746,877.1027,530.8028,645.7037,762.2019
381,427.2935,131.8402,-254.6286,581.4932,573.9457,-14.8120,427.2935,131.8402
382,564.2644,494.5934,-267.5546,706.1812,799.2417,259.6161,564.2644,494.5934
383,265.3406,626.6365,346.5897,810.6664,836.8313,55.1457,265.3406,626.6365
384,764.6964,343.4828,-81.4041,678.2042,779.8812,328.2980,764.6964,343.4828
385,856.5695,858.0391,26.6613,858.5481,883.9757,830.6329,856.5695,858.0391
386,486.4351,690.2961,-227.5198,729.8215,837.6749,339.0564,486.4351,690.2961
387,377.2209,1039.0998,-66.8725,918.4060,1045.7886,370.5320,377.2209,1039.0998
388,349.4177,1054.8569,-2.3170,930.7235,1054.8645,349.4101,349.4177,1054.8569
389,623.8960,393.1131,225.2606,671.3788,761.6004,255.4087,623.8960,393.1131
390,935.0900,1204.3876,-2.7580,1094.8766,1204.4159,935.0618,935.0900,1204.3876
391,976.9893,1299.2210,-13.1803,1172.0407,1299.7593,976.4511,976.9893,1299.2210
392,812.8083,1065.2677,77.1310,973.3662,1086.9675,791.1085,812.8083,1065.2677
393,775.0058,1266.2051,41.6937,1108.0651,1269.7190,771.4919,775.0058,1266.2051
394,784.9640,1165.1735,38.6073,1031.3341,1169.0541,781.0834,784.9640,1165.1735
395,667.2815,1022.9311,173.7318,948.4819,1093.7112,596.5014,667.2815,1022.9311
396,894.2085,1122.8821,38.5944,1029.9762,1129.2202,887.8704,894.2085,1122.8821
397,908.5293,1135.7556,49.4783,1044.4344,1146.0620,898.2229,908.5293,1135.7556
398,849.1510,1065.1411,58.6100,980.5217,1080.0202,834.2719,849.1510,1065.1411
399,901.8526,1043.9718,56.2311,985.4909,1063.5290,882.2954,901.8526,1043.9718
400,708.6059,386.9981,-81.4415,630.5227,728.0535,367.5505,708.6059,386.9981
401,696.9426,522.4837,-135.6978,670.6853,771.0292,448.3972,696.9426,522.4837
402,924.2574,1304.7241,-43.8364,1164.6547,1309.7095,919.2720,924.2574,1304.7241
403,817.9413,1166.4758,-72.6725,1044.7148,1181.0216,803.3955,817.9413,1166.4758
404,885.5533,1000.5994,-53.9200,952.9123,1021.9196,864.2331,885.5533,1000.5994
405,978.2427,1361.2272,-3.9445,1215.8677,1361.2678,978.2021,978.2427,1361.2272
406,924.7243,1258.3070,35.5639,1130.7780,1262.0564,920.9749,924.7243,1258.3070
407,997.7057,1382.6840,1.5470,1236.0126,1382.6902,997.6994,997.7057,1382.6840
408,974.3854,1381.7150,8.8832,1229.8281,1381.9087,974.1918,974.3854,1381.7150
409,905.0356,1288.6313,4.2703,1146.0618,1288.6788,904.9881,905.0356,1288.6313
410,850.8974,1237.9560,15.6529,1097.2342,1238.5880,850.2654,850.8974,1237.9560
411,916.7580,1304.0071,-33.6784,1161.3886,1306.9142,913.8508,916.7580,1304.0071
412,938.1288,1241.7372,-35.1872,1122.8543,1245.7619,934.1041,938.1288,1241.7372
413,862.4038,1238.4475,-60.1192,1104.6690,1247.8251,853.0262,862.4038,1238.4475
414,774.5888,1007.8957,-109.6469,933.3832,1051.3374,731.1471,774.5888,1007.8957
415,553.2551,488.5011,-253.6248,683.6925,776.5611,265.1952,553.2551,488.5011
416,738.1014,865.7500,-124.7631,837.8562,942.0662,661.7852,738.1014,865.7500
417,877.0082,1013.6429,-27.8211,953.9204,1019.0905,871.5605,877.0082,1013.6429
418,649.8142,5.9483,-240.3176,769.2115,729.6193,-73.8567,649.8142,5.9483
419,728.6387,322.7302,-155.4997,687.3542,781.3611,270.0078,728.6387,322.7302
420,603.6698,1008.4979,-86.6774,891.7536,1026.2756,585.8921,603.6698,1008.4979
421,481.5427,926.4102,-91.8868,818.1337,944.6421,463.3108,481.5427,926.4102
422,577.1851,592.6705,272.5944,751.8268,857.6321,312.2235,577.1851,592.6705
423,491.9966,551.6125,330.3778,776.1405,853.5243,190.0848,491.9966,551.6125
424,463.8819,929.1781,-55.0820,810.3280,935.6098,457.4502,463.8819,929.1781
425,602.9683,827.0754,-172.4806,798.8572,920.7050,509.3387,602.9683,827.0754
426,493.4868,659.0554,-235.1351,720.0789,825.5536,326.9886,493.4868,659.0554
427,719.8173,974.6493,-141.6094,909.2130,1037.7275,656.7390,719.8173,974.6493
428,680.4544,840.8754,-193.0413,842.4412,969.7072,551.6226,680.4544,840.8754
429,736.4429,320.0563,9.0676,639.7872,736.6402,319.8589,736.4429,320.0563
430,804.2101,713.9363,-41.7230,766.5029,820.5399,697.6066,804.2101,713.9363
431,658.2542,766.1169,-162.8041,771.6538,883.6900,540.6811,658.2542,766.1169
432,624.3145,849.7773,-192.7221,832.3384,960.3174,513.7744,624.3145,849.7773
433,530.0359,607.8039,215.8975,684.1352,788.2910,349.5488,530.0359,607.8039
434,559.7703,764.3919,251.8427,812.4211,933.9123,390.2498,559.7703,764.3919
435,486.7855,1094.1777,42.7192,952.3812,1097.1675,483.7957,486.7855,1094.1777
436,596.8474,1165.8092,18.9671,1010.2509,1166.4407,596.2158,596.8474,1165.8092
437,646.3130,349.5904,251.4292,709.6753,789.8896,206.0138,646.3130,349.5904
438,745.7008,395.6874,102.9099,670.3321,773.7157,367.6724,745.7008,395.6874
439,693.4614,251.0442,168.3657,674.4357,750.2461,194.2595,693.4614,251.0442
440,986.8660,1373.0186,-1.0447,1226.4185,1373.0214,986.8631,986.8660,1373.0186
441,990.4110,1358.2091,1.3629,1216.7441,1358.2141,990.4060,990.4110,1358.2091
442,607.0178,1194.1197,-36.1925,1036.0841,1196.3424,604.7951,607.0178,1194.1197
443,708.5325,1231.5402,-26.1987,1071.5328,1232.8493,707.2234,708.5325,1231.5402
444,834.5600,1250.6358,14.9858,1103.4144,1251.1749,834.0210,834.5600,1250.6358
445,776.1244,1192.6106,-13.1561,1048.6154,1193.0258,775.7093,776.1244,1192.6106
446,486.8976,1055.4392,131.4926,942.8687,1084.3779,457.9589,486.8976,1055.4392
447,464.3080,827.4883,124.6673,750.1568,866.1637,425.6326,464.3080,827.4883
448,702.0666,677.1315,-146.8981,735.3573,837.0253,542.1728,702.0666,677.1315
449,577.5314,498.7800,224.6447,667.5767,766.2252,310.0862,577.5314,498.7800
450,673.6573,288.5248,196.1762,676.8671,755.9853,206.1968,673.6573,288.5248
451,339.2811,796.5132,-86.3895,708.3025,812.2912,323.5031,339.2811,796.5132
452,384.6494,996.3125,-160.9633,913.8328,1036.0850,344.8769,384.6494,996.3125
453,721.4621,1126.3031,-108.2543,1005.8023,1153.4323,694.3330,721.4621,1126.3031
454,460.8183,764.0150,279.0988,823.2186,930.0300,294.8034,460.8183,764.0150
455,755.2730,1000.5076,150.0322,939.8539,1071.6548,684.1258,755.2730,1000.5076
456,714.2392,654.5826,162.4693,741.8061,849.5957,519.2261,714.2392,654.5826
457,189.6404,944.0253,24.7789,866.0045,944.8383,188.8274,189.6404,944.0253
458,353.1295,1057.8540,7.0828,932.9237,1057.9252,353.0583,353.1295,1057.8540
459,441.5838,903.3988,54.7134,788.1497,909.7924,435.1902,441.5838,903.3988
460,328.5583,799.9266,115.9564,724.8091,826.9075,301.5775,328.5583,799.9266
461,467.3814,1050.8095,104.6959,929.7316,1069.0282,449.1627,467.3814,1050.8095
462,654.6243,-224.8210,29.6311,793.0225,655.6215,-225.8183,654.6243,-224.8210
463,548.5839,231.8708,-330.6006,745.2504,756.7973,23.6573,548.5839,231.8708
464,376.9274,520.6306,-279.8824,672.2299,737.7372,159.8208,376.9274,520.6306
465,425.2762,400.6004,-281.7441,639.6201,694.9524,130.9242,425.2762,400.6004
466,785.9718,744.2645,132.7463,799.7345,899.4925,630.7438,785.9718,744.2645
467,724.6968,629.5055,191.3723,758.3746,874.3033,479.8990,724.6968,629.5055
468,318.4876,828.9336,38.9722,727.4041,831.8920,315.5293,318.4876,828.9336
469,319.2136,892.4886,-1.4673,783.2912,892.4923,319.2098,319.2136,892.4886
470,253.5839,700.7512,-319.2235,826.6612,866.9025,87.4326,253.5839,700.7512
471,406.1334,928.8492,-203.0016,879.8281,998.4258,336.5569,406.1334,928.8492
472,629.6964,924.3516,188.6017,880.6783,1016.3481,537.6999,629.6964,924.3516
473,525.8389,815.6786,234.5785,823.4099,946.4920,395.0254,525.8389,815.6786
474,918.6836,1228.1784,35.0165,1108.0491,1232.0908,914.7712,918.6836,1228.1784
475,986.0599,1353.6503,7.6795,1212.4685,1353.8106,985.8996,986.0599,1353.6503
476,949.4815,1328.0837,-4.4433,1185.0695,1328.1358,949.4294,949.4815,1328.0837
477,843.4620,1312.3696,27.2471,1152.8380,1313.9476,841.8840,843.4620,1312.3696
478,866.9001,1102.7938,75.3498,1014.2439,1124.8078,844.8861,866.9001,1102.7938
479,915.5357,1194.0548,51.8218,1085.7390,1203.3844,906.2061,915.5357,1194.0548
480,926.8430,1166.7446,-42.1704,1069.7088,1173.9415,919.6461,926.8430,1166.7446
481,899.4906,1018.0295,-27.1611,965.3873,1023.9566,893.5635,899.4906,1018.0295
482,831.1486,834.6689,-34.9064,835.1058,867.8596,797.9580,831.1486,834.6689
483,954.0328,1342.0617,-0.6643,1196.2185,1342.0629,954.0316,954.0328,1342.0617
484,993.5219,1363.4595,4.7856,1221.2900,1363.5214,993.4600,993.5219,1363.4595
485,830.3731,799.4279,14.1955,815.7117,835.8984,793.9026,830.3731,799.4279
486,935.6972,1127.0665,6.1006,1044.6659,1127.2608,935.5029,935.6972,1127.0665
487,871.1784,1346.1851,11.1570,1182.6970,1346.4470,870.9165,871.1784,1346.1851
488,808.3881,1288.5205,30.8507,1129.1621,1290.4947,806.4139,808.3881,1288.5205
489,763.6393,775.7139,-100.4532,789.1666,870.3111,669.0421,763.6393,775.7139
490,772.2502,691.1975,-73.7438,746.0974,815.8697,647.5779,772.2502,691.1975
491,960.3879,1336.2598,-26.4584,1194.4486,1338.1131,958.5345,960.3879,1336.2598
492,995.4587,1385.5111,-3.8423,1237.4992,1385.5489,995.4209,995.4587,1385.5111
493,619.6296,889.3286,136.0681,824.2181,946.0487,562.9095,619.6296,889.3286
494,676.6706,945.1200,189.3218,905.0570,1042.9707,578.8198,676.6706,945.1200
495,799.4576,1081.5393,-101.1142,987.3637,1114.0398,766.9571,799.4576,1081.5393
496,876.2365,1268.4053,-57.4487,1129.2123,1276.6477,867.9941,876.2365,1268.4053
497,939.3050,1147.9336,26.3801,1060.1289,1151.2175,936.0210,939.3050,1147.9336
498,664.2607,1080.3879,65.8783,950.7055,1090.5682,654.0804,664.2607,1080.3879
499,695.5652,1223.3913,4.5403,1062.8314,1223.4304,695.5262,695.5652,1223.3913
500,785.0174,1102.8439,-77.8786,992.4518,1120.9010,766.9603,785.0174,1102.8439
501,791.6847,1143.0607,-89.9565,1026.0045,1164.7516,769.9938,791.6847,1143.0607
502,816.8033,614.7760,0.2116,736.8624,816.8035,614.7758,816.8033,614.7760
503,750.0922,296.3624,4.6683,654.3969,750.1402,296.3144,750.0922,296.3624
504,660.6705,1096.3144,20.0710,956.7114,1097.2372,659.7478,660.6705,1096.3144
505,639.7306,1059.1158,56.2061,928.9295,1066.5179,632.3285,639.7306,1059.1158
506,818.0551,1152.5517,57.8256,1031.8770,1162.2661,808.3407,818.0551,1152.5517
507,673.7457,1148.4019,66.8331,1006.1955,1157.6327,664.5149,673.7457,1148.4019
508,431.4696,865.7424,-237.5868,855.2642,970.4689,326.7431,431.4696,865.7424
509,734.9571,1236.6414,56.6708,1081.7580,1242.9633,728.6352,734.9571,1236.6414
510,646.8169,1043.0411,147.3032,946.9662,1091.8028,598.0552,646.8169,1043.0411
511,950.6313,1301.7595,-20.5229,1167.0681,1302.9550,949.4358,950.6313,1301.7595
512,948.5649,1302.2092,-15.8652,1166.6402,1302.9195,947.8546,948.5649,1302.2092
513,860.1397,863.1501,62.8008,868.4875,924.4637,798.8261,860.1397,863.1501
514,781.6946,849.1185,117.2530,842.3432,937.4096,693.4035,781.6946,849.1185
515,745.9215,550.0799,-93.2757,689.0366,783.2369,512.7645,745.9215,550.0799
516,645.2842,378.9691,-203.7930,663.3712,755.5656,268.6877,645.2842,378.9691
517,578.0208,902.2442,154.9719,835.8741,964.4013,515.8637,578.0208,902.2442
518,706.0948,157.2054,57.7591,649.8383,712.1069,151.1933,706.0948,157.2054
519,624.8284,-81.8193,193.5438,748.7360,674.3655,-131.3565,624.8284,-81.8193
520,787.1086,849.4758,143.5221,856.9219,965.1629,671.4215,787.1086,849.4758
521,679.0127,469.8638,154.5096,659.0951,761.0100,387.8665,679.0127,469.8638
522,730.4615,859.9117,118.2282,828.7482,929.9726,660.4006,730.4615,859.9117
523,599.1166,702.9434,258.2910,795.0269,914.4863,387.5737,599.1166,702.9434
524,704.5455,962.4773,-126.0571,890.1174,1013.8516,653.1712,704.5455,962.4773
525,787.8726,1080.5342,-89.2906,980.2513,1105.6254,762.7814,787.8726,1080.5342
526,690.9861,438.4506,190.3074,689.4840,793.1050,336.3317,690.9861,438.4506
527,600.4698,161.9687,253.4948,694.4922,716.3766,46.0619,600.4698,161.9687
528,520.0130,731.1595,-268.6591,800.8298,914.2442,336.9282,520.0130,731.1595
529,294.9386,600.9699,-390.2545,853.1121,867.1349,28.7737,294.9386,600.9699
530,593.5429,1038.8372,-43.5597,905.8553,1043.0583,589.3218,593.5429,1038.8372
531,628.9651,1143.5588,-93.1732,1005.0418,1159.9093,612.6145,628.9651,1143.5588
532,614.5956,1173.1878,-66.3693,1022.8763,1180.9652,606.8182,614.5956,1173.1878
533,498.6845,1069.7940,-117.2765,949.1665,1092.9386,475.5399,498.6845,1069.7940
534,875.7558,1085.8903,-42.4251,1000.2654,1094.1324,867.5137,875.7558,1085.8903
535,926.1015,1191.3991,-26.4163,1084.3582,1194.0038,923.4968,926.1015,1191.3991
536,832.8786,844.6275,44.8876,842.4102,884.0235,793.4827,832.8786,844.6275
537,813.3610,841.1609,81.0223,839.4249,909.4669,745.0550,813.3610,841.1609
538,640.9699,-188.0065,-97.1770,771.3789,652.2091,-199.2457,640.9699,-188.0065
539,687.4018,131.2031,-51.0604,638.2536,692.0504,126.5544,687.4018,131.2031
540,591.3938,-557.8782,-288.0121,1113.4422,659.5311,-626.0155,591.3938,-557.8782
541,644.9135,172.0450,-142.7002,629.0063,684.6396,132.3189,644.9135,172.0450
542,491.2103,70.0676,266.8056,652.1770,620.5294,-59.2515,491.2103,70.0676
543,831.5594,694.4904,-37.8635,774.9831,841.3231,684.7266,831.5594,694.4904
544,859.6475,924.9458,-29.6785,895.5633,936.4190,848.1743,859.6475,924.9458
545,961.3797,1301.1109,19.6919,1169.3768,1302.2485,960.2421,961.3797,1301.1109
546,888.7352,1222.1747,35.9766,1096.0176,1226.0123,884.8977,888.7352,1222.1747
547,798.4146,1242.0350,63.1639,1095.6400,1250.8532,789.5964,798.4146,1242.0350
548,997.0254,1388.8503,-2.1079,1240.2657,1388.8616,997.0140,997.0254,1388.8503
549,991.2773,1354.5484,5.6589,1214.4114,1354.6365,991.1891,991.2773,1354.5484
550,940.0838,1134.1511,15.8886,1051.0074,1135.4433,938.7916,940.0838,1134.1511
551,909.7806,1106.9271,-4.0571,1022.7301,1107.0106,909.6971,909.7806,1106.9271
552,893.6985,1319.8128,28.9121,1167.7310,1321.7655,891.7458,893.6985,1319.8128
553,958.9529,1316.6635,16.6940,1179.5809,1317.4409,958.1755,958.9529,1316.6635
554,963.1508,1236.7209,7.6080,1125.2391,1236.9323,962.9394,963.1508,1236.7209
555,869.2543,1333.9172,0.0356,1172.7851,1333.9172,869.2543,869.2543,1333.9172
556,915.2914,1323.9688,-3.1255,1174.2503,1323.9927,915.2675,915.2914,1323.9688
557,771.7831,1187.7176,98.9679,1057.8496,1210.0654,749.4353,771.7831,1187.7176
558,835.7155,1266.0891,52.9470,1118.8038,1272.5073,829.2973,835.7155,1266.0891
559,872.5775,1193.9342,52.8641,1073.9898,1202.4071,864.1046,872.5775,1193.9342
560,919.6721,1263.9682,31.7897,1133.1407,1266.8788,916.7615,919.6721,1263.9682
561,986.5314,1376.8244,-9.7888,1229.1853,1377.0697,986.2860,986.5314,1376.8244
562,958.0851,1355.7913,-15.5276,1207.4175,1356.3966,957.4798,958.0851,1355.7913
563,712.0903,1223.6820,-32.6749,1065.9742,1225.7604,710.0118,712.0903,1223.6820
564,671.3176,1107.7970,25.1363,967.5192,1109.2398,669.8748,671.3176,1107.7970
565,820.9554,747.2019,-0.6864,786.6769,820.9618,747.1956,820.9554,747.2019
566,828.5967,916.1762,-60.2857,881.8809,946.8976,797.8753,828.5967,916.1762
567,906.8686,1089.5820,-17.1876,1011.1272,1091.1847,905.2658,906.8686,1089.5820
568,852.4704,1005.1425,-53.6600,942.7625,1022.1156,835.4973,852.4704,1005.1425
569,640.2303,498.6203,-222.2753,698.2150,802.7056,336.1451,640.2303,498.6203
570,683.9651,886.0875,-164.7960,853.4515,978.3423,591.7102,683.9651,886.0875
571,869.3594,1131.7912,61.3562,1031.5510,1145.4276,855.7230,869.3594,1131.7912
572,736.4203,873.1223,154.9645,856.5713,974.1403,635.4023,736.4203,873.1223
573,591.7789,-46.3158,217.7380,722.4857,658.9970,-113.5339,591.7789,-46.3158
574,666.4788,-43.9658,140.0610,730.9450,693.0941,-70.5812,666.4788,-43.9658
575,792.5352,854.9797,110.9511,847.6033,939.0180,708.4969,792.5352,854.9797
576,783.3452,998.2143,82.4270,921.1394,1026.1917,755.3678,783.3452,998.2143
577,910.4734,1256.6638,-34.2647,1125.8459,1260.0226,907.1146,910.4734,1256.6638
578,874.8596,1063.5837,-81.3747,992.9596,1093.8252,844.6181,874.8596,1063.5837
579,652.1446,994.6861,-132.6131,904.8606,1040.0254,606.8053,652.1446,994.6861
580,724.8812,633.8375,-140.1012,725.6934,826.6705,532.0482,724.8812,633.8375
581,748.2268,1265.1788,24.6949,1102.5922,1266.3558,747.0498,748.2268,1265.1788
582,852.2099,1252.6323,-15.2745,1108.3969,1253.2141,851.6281,852.2099,1252.6323
583,843.8559,1004.4432,72.7947,943.0222,1032.5292,815.7699,843.8559,1004.4432
584,906.6858,1021.5020,40.7183,971.7706,1034.4762,893.7116,906.6858,1021.5020
585,905.0417,1225.8587,-40.7383,1103.3384,1230.9510,899.9494,905.0417,1225.8587
586,803.5969,1222.3419,-72.4683,1083.2232,1234.5287,791.4101,803.5969,1222.3419
587,900.7762,1289.7035,2.7860,1145.8717,1289.7235,900.7563,900.7762,1289.7035
588,799.9644,1283.0914,-35.5605,1124.1142,1285.6948,797.3610,799.9644,1283.0914
589,615.4291,-173.4094,-178.7573,781.9255,654.0464,-212.0268,615.4291,-173.4094
590,623.6068,-171.0177,-193.3576,798.0863,668.1590,-215.5699,623.6068,-171.0177
591,599.1311,368.8967,224.9318,652.5399,736.6922,231.3357,599.1311,368.8967
592,840.0279,990.5786,105.0566,942.2791,1044.5444,786.0621,840.0279,990.5786
593,702.8554,819.7486,194.0726,838.3444,963.9845,558.6195,702.8554,819.7486
594,903.4783,1236.9975,-49.4040,1111.8263,1244.1618,896.3140,903.4783,1236.9975
595,955.4601,1227.4564,-12.2218,1116.7882,1228.0045,954.9120,955.4601,1227.4564
596,708.8108,1027.2831,-134.9488,940.3231,1076.7748,659.3191,708.8108,1027.2831
597,783.8913,527.0953,39.3555,695.5402,789.7874,521.1992,783.8913,527.0953
598,735.3547,395.8998,85.4006,654.3975,755.6290,375.6255,735.3547,395.8998
599,767.2454,575.4291,-155.2067,741.9947,853.7858,488.8886,767.2454,575.4291
600,698.0618,318.5738,-210.9766,707.0564,792.0675,224.5681,698.0618,318.5738
601,415.0689,736.5559,-299.4329,823.4413,915.6631,235.9617,415.0689,736.5559
602,520.6471,880.7118,-221.3243,857.4031,985.9795,415.3794,520.6471,880.7118
603,798.3129,488.1544,17.4550,697.7193,799.2921,487.1751,798.3129,488.1544
604,811.0846,567.5813,-31.5721,722.9389,815.1115,563.5543,811.0846,567.5813
605,695.5296,990.3651,130.2236,909.1924,1039.6455,646.2492,695.5296,990.3651
606,606.9510,835.6433,166.7622,801.8251,923.4967,519.0976,606.9510,835.6433
607,589.0963,1198.9060,16.5160,1038.7287,1199.3530,588.6493,589.0963,1198.9060
608,552.8555,1011.7364,75.8383,887.2260,1023.9452,540.6466,552.8555,1011.7364
609,579.9960,1147.7566,51.6637,998.0249,1152.4194,575.3331,579.9960,1147.7566
610,984.6926,1361.9333,-12.5650,1218.1420,1362.3513,984.2746,984.6926,1361.9333
611,958.8255,1357.2356,-1.4507,1208.3414,1357.2408,958.8202,958.8255,1357.2356
612,712.2545,-163.1352,-16.6891,806.8141,712.5726,-163.4532,712.2545,-163.1352
613,955.9659,1319.4352,16.0480,1180.7699,1320.1424,955.2588,955.9659,1319.4352
614,934.3458,1177.4501,41.3328,1079.0600,1184.2853,927.5105,934.3458,1177.4501
615,842.7907,1214.4840,41.3582,1080.2052,1219.0303,838.2444,842.7907,1214.4840
616,774.1706,1114.5155,57.2366,994.2273,1123.8833,764.8028,774.1706,1114.5155
617,857.8183,814.4876,23.6040,837.9924,868.1925,804.1134,857.8183,814.4876
618,873.2033,830.4604,5.1119,852.6817,873.8061,829.8575,873.2033,830.4604
619,979.0209,1340.6774,-0.0992,1201.3936,1340.6775,979.0208,979.0209,1340.6774
620,988.7885,1379.5874,1.8446,1231.6063,1379.5961,988.7797,988.7885,1379.5874
621,932.6076,1216.8913,15.5570,1102.9167,1217.7401,931.7588,932.6076,1216.8913
622,948.4148,1233.9088,28.2890,1119.8950,1236.6849,945.6387,948.4148,1233.9088
623,977.7412,1366.2929,-12.2186,1219.5496,1366.6767,977.3574,977.7412,1366.2929
624,940.9508,1344.3816,10.4603,1195.0237,1344.6527,940.6797,940.9508,1344.3816
625,768.3544,1250.2444,57.9189,1096.7737,1257.1079,761.4908,768.3544,1250.2444
626,753.5602,1160.8837,31.3231,1021.5927,1163.2783,751.1656,753.5602,1160.8837
627,981.6935,1354.4871,4.8082,1211.9141,1354.5491,981.6315,981.6935,1354.4871
628,993.3296,1380.7082,-2.1651,1233.5212,1380.7203,993.3175,993.3296,1380.7082
629,832.5169,1204.5509,73.6348,1075.8645,1218.5949,818.4729,832.5169,1204.5509
630,801.2637,978.9269,90.2451,916.7199,1016.7256,763.4650,801.2637,978.9269
631,858.1055,1184.7781,-59.9013,1064.9620,1195.4157,847.4679,858.1055,1184.7781
632,862.0788,1171.5311,-66.2419,1057.7697,1185.1147,848.4953,862.0788,1171.5311
633,903.5392,1344.5635,6.4934,1187.2214,1344.6591,903.4436,903.5392,1344.5635
634,880.5018,1234.6100,36.1392,1102.8994,1238.2606,876.8512,880.5018,1234.6100
635,777.9588,862.3385,-98.1053,840.7483,926.9412,713.3562,777.9588,862.3385
636,843.0062,850.3577,-90.8443,861.2020,937.6006,755.7633,843.0062,850.3577
637,693.0273,-94.9793,20.8030,745.9419,693.5761,-95.5281,693.0273,-94.9793
638,905.1179,1012.7032,22.4167,964.2084,1017.1871,900.6340,905.1179,1012.7032
639,875.5855,949.2575,-1.0415,914.6512,949.2722,875.5708,875.5855,949.2575
640,687.1159,1126.7587,-9.8702,983.7641,1126.9801,686.8945,687.1159,1126.7587
641,698.7287,1110.0225,-46.2971,975.2935,1115.1695,693.5817,698.7287,1110.0225
642,814.4686,822.7968,-121.5814,845.3151,940.2854,696.9800,814.4686,822.7968
643,870.5081,968.5915,-81.4502,934.1785,1014.6247,824.4749,870.5081,968.5915
644,973.6954,1299.5494,-1.9342,1171.1351,1299.5609,973.6839,973.6954,1299.5494
645,722.9353,708.7364,-172.8639,776.0271,888.8455,542.8262,722.9353,708.7364
646,714.0308,570.8587,-157.1248,708.6421,815.1085,469.7810,714.0308,570.8587
647,353.8456,579.4904,-182.0597,596.1568,680.8516,252.4843,353.8456,579.4904
648,900.2927,1290.3890,-32.5048,1147.6378,1293.0789,897.6028,900.2927,1290.3890
649,794.9727,1276.7925,-8.3815,1116.8600,1276.9382,794.8269,794.9727,1276.7925
650,613.8425,-307.7014,129.7772,843.1425,631.7697,-325.6286,613.8425,-307.7014
651,694.5821,-179.0485,79.2562,810.9939,701.7140,-186.1804,694.5821,-179.0485
652,948.8555,1374.0010,11.8445,1218.5639,1374.3307,948.5258,948.8555,1374.0010
653,932.9110,1281.4626,23.1194,1148.2954,1282.9895,931.3842,932.9110,1281.4626
654,699.5363,1192.5189,-63.9887,1043.8035,1200.6892,691.3660,699.5363,1192.5189
655,886.2579,1155.9651,-44.1173,1050.2686,1162.9982,879.2248,886.2579,1155.9651
656,936.8643,1309.0367,11.7840,1168.4685,1309.4094,936.4916,936.8643,1309.0367
657,896.5566,1269.2705,28.4640,1131.0699,1271.4318,894.3954,896.5566,1269.2705
658,878.2702,1254.0761,-57.3388,1119.1563,1262.6299,869.7164,878.2702,1254.0761
659,944.6922,1345.2497,-22.6406,1197.0092,1346.5254,943.4166,944.6922,1345.2497
660,997.9765,1394.2081,0.9192,1244.3428,1394.2103,997.9744,997.9765,1394.2081
661,993.6141,1379.1472,0.5088,1232.4677,1379.1478,993.6135,993.6141,1379.1472
662,789.5030,615.8353,-4.9996,718.6371,789.6468,615.6915,789.5030,615.8353
663,841.0588,786.7679,-68.8131,823.9364,887.8871,739.9396,841.0588,786.7679
664,976.3760,1302.0248,8.7362,1173.6873,1302.2590,976.1418,976.3760,1302.0248
665,976.3476,1307.1462,14.7868,1177.4178,1307.8058,975.6879,976.3476,1307.1462
666,936.6551,1238.7060,16.2413,1119.0471,1239.5768,935.7844,936.6551,1238.7060
667,963.7689,1254.9916,20.8411,1138.2599,1256.4755,962.2850,963.7689,1254.9916
668,744.2421,1071.2275,-99.5165,966.3760,1099.1333,716.3363,744.2421,1071.2275
669,740.0098,1098.3488,-95.8865,984.2654,1122.3933,715.9653,740.0098,1098.3488
670,542.5800,-401.5163,369.4056,1040.5981,669.9398,-528.8761,542.5800,-401.5163
671,712.0304,943.8143,108.8116,872.5068,986.8907,668.9541,712.0304,943.8143
672,735.6225,1161.5009,112.7078,1036.2952,1189.4894,707.6340,735.6225,1161.5009
673,723.3770,1138.2410,42.4179,1000.4436,1142.5337,719.0843,723.3770,1138.2410
674,735.4619,1232.5961,20.9554,1074.7034,1233.4779,734.5802,735.4619,1232.5961
675,935.8260,1334.6015,17.6501,1186.9757,1335.3812,935.0463,935.8260,1334.6015
676,927.2432,1298.3441,20.9302,1158.8403,1299.5208,926.0665,927.2432,1298.3441
677,772.7535,963.4969,149.0799,920.6536,1045.1014,691.1490,772.7535,963.4969
678,817.8367,1109.3580,84.2454,1006.7523,1131.9525,795.2422,817.8367,1109.3580
679,856.5208,826.1785,-32.1228,843.5967,876.8748,805.8245,856.5208,826.1785
680,868.8896,903.6808,-60.8087,893.0299,949.5332,823.0372,868.8896,903.6808
681,454.5213,519.3529,-305.1449,720.8330,793.7989,180.0753,454.5213,519.3529
682,800.3196,672.0933,36.9912,747.2861,810.2257,662.1872,800.3196,672.0933
683,783.2282,645.6740,81.5639,737.9629,821.1421,607.7601,783.2282,645.6740
684,887.8117,1018.3967,61.5985,965.7019,1042.8677,863.3407,887.8117,1018.3967
685,830.8803,842.9273,91.2694,851.7670,928.3717,745.4359,830.8803,842.9273
686,396.7003,569.0410,230.6541,644.2391,729.0954,236.6459,396.7003,569.0410
687,444.9857,522.8029,303.8147,718.0567,790.1903,177.5982,444.9857,522.8029
688,866.0547,970.7710,21.7882,923.6506,975.1236,861.7022,866.0547,970.7710
689,841.1030,873.3708,82.2432,869.4411,941.0477,773.4261,841.1030,873.3708
690,939.2203,1131.6357,-12.2324,1048.9651,1132.4102,938.4458,939.2203,1131.6357
691,906.0118,1070.8883,-48.5423,1002.2429,1084.1184,892.7818,906.0118,1070.8883
692,782.2330,647.4990,-138.7102,763.1317,869.0699,560.6621,782.2330,647.4990
693,961.1796,1282.8083,-0.3681,1156.0513,1282.8088,961.1792,961.1796,1282.8083
694,957.2426,1284.9659,-9.5654,1156.5903,1285.2448,956.9637,957.2426,1284.9659
695,341.7123,-39.8602,-410.7794,798.8716,603.8489,-301.9968,341.7123,-39.8602
696,865.0231,928.5674,-29.0851,899.8933,939.8698,853.7207,865.0231,928.5674
697,895.3594,1257.9758,-22.0331,1122.1798,1259.3097,894.0255,895.3594,1257.9758
698,833.9943,1249.2475,-42.4682,1104.4053,1253.5462,829.6955,833.9943,1249.2475
699,977.6854,1321.8327,14.0445,1188.0091,1322.4049,977.1132,977.6854,1321.8327
700,987.4094,1388.8504,5.2018,1237.9822,1388.9178,987.3420,987.4094,1388.8504
701,821.9473,1100.5644,111.1207,1009.5924,1139.4542,783.0574,821.9473,1100.5644
702,963.1571,1298.3840,1.1491,1167.4455,1298.3880,963.1532,963.1571,1298.3840
703,350.1249,818.9204,169.2868,769.7193,873.6599,295.3854,350.1249,818.9204
704,878.9683,1133.4210,62.3018,1035.6794,1147.8565,864.5329,878.9683,1133.4210
705,985.6698,1389.2757,3.4692,1237.8615,1389.3056,985.6400,985.6698,1389.2757
706,978.9249,1352.3093,-4.0009,1209.6583,1352.3522,978.8820,978.9249,1352.3093
707,948.1371,1205.5452,-9.7106,1099.8018,1205.9110,947.7713,948.1371,1205.5452
708,971.6132,1338.6008,-3.8398,1198.0511,1338.6410,971.5730,971.6132,1338.6008
709,939.7787,1266.6921,-43.8776,1141.5158,1272.4789,933.9920,939.7787,1266.6921
710,221.4642,885.7556,-210.0597,877.3948,946.6059,160.6139,221.4642,885.7556
711,899.4053,989.1916,1.0666,947.4963,989.2043,899.3926,899.4053,989.1916
712,849.3287,826.6759,-5.0847,838.2781,850.4177,825.5869,849.3287,826.6759
713,327.1884,798.6842,-37.4646,698.4549,801.6425,324.2301,327.1884,798.6842
714,415.2913,746.1085,-259.0933,787.8328,888.0911,273.3086,415.2913,746.1085
715,346.3722,802.1654,-166.1226,753.9134,856.2858,292.2518,346.3722,802.1654
716,378.8286,963.4419,-180.1427,896.7197,1014.4930,327.7774,378.8286,963.4419
717,950.5953,1270.6536,-12.6067,1144.8980,1271.1494,950.0995,950.5953,1270.6536
718,904.8249,1304.3950,42.2901,1159.8580,1308.8219,900.3980,904.8249,1304.3950
719,288.7344,605.4111,-374.5609,834.2510,853.7260,40.4194,288.7344,605.4111
720,308.3430,872.7031,227.9465,862.2488,953.2698,227.7763,308.3430,872.7031
721,924.2099,1223.1581,35.6780,1106.1843,1227.3571,920.0109,924.2099,1223.1581
722,861.4852,1228.5828,73.7985,1099.7751,1242.8631,847.2048,861.4852,1228.5828
723,314.8587,568.3133,-405.0948,857.6031,866.0405,17.1315,314.8587,568.3133
724,435.0604,972.7090,168.8875,893.2089,1021.3583,386.4111,435.0604,972.7090
725,349.4753,1006.6347,170.3324,933.1087,1048.1601,307.9499,349.4753,1006.6347
726,722.4511,823.3880,131.7894,810.6486,914.0419,631.7972,722.4511,823.3880
727,752.0960,1087.4693,137.8113,993.6461,1136.8328,702.7325,752.0960,1087.4693
728,836.5744,1141.3320,67.9684,1030.3132,1155.8034,822.1029,836.5744,1141.3320
729,450.3433,336.8509,-355.5157,737.3964,753.6132,33.5811,450.3433,336.8509
730,541.7108,280.1877,-314.3292,718.7375,751.3922,70.5062,541.7108,280.1877
731,377.9396,670.3751,207.2006,683.8684,777.7549,270.5598,377.9396,670.3751
732,240.6075,988.9233,221.4567,972.1359,1049.5495,179.9813,240.6075,988.9233
733,663.7633,-170.1024,118.0925,790.1024,680.1650,-186.5041,663.7633,-170.1024
734,466.6309,-89.7980,-445.7208,929.3609,713.8404,-337.0075,466.6309,-89.7980
