vid,x,y,z
0,0.01746021,-0.01168922,5.38605586
1,0.51607920,-0.00473245,5.34855216
2,0.51550160,0.04404680,5.34835369
3,0.50856718,0.09197028,5.34833615
4,0.49521051,0.13851931,5.34852017
5,0.47569397,0.18323717,5.34888094
6,0.45048752,0.22528352,5.34939135
7,0.41994013,0.26412181,5.35003985
8,0.39441044,0.30661313,5.34961109
9,0.36393562,0.34517526,5.34932302
10,0.32899498,0.37936171,5.34917847
11,0.29017837,0.40845780,5.34920396
12,0.24780786,0.43204887,5.34941927
13,0.20239243,0.44999296,5.34979977
14,0.15485960,0.46202532,5.35031817
15,0.10583461,0.46801179,5.35096293
16,0.05775398,0.48013993,5.35054103
17,0.00896792,0.48598733,5.35024748
18,-0.03986919,0.48557417,5.35008559
19,-0.08783524,0.47880956,5.35008221
20,-0.13441056,0.46562465,5.35025755
21,-0.17913519,0.44628013,5.35058742
22,-0.22116668,0.42124285,5.35104574
23,-0.25996828,0.39085864,5.35162181
24,-0.30244984,0.36550054,5.35113700
25,-0.34097920,0.33518711,5.35077297
26,-0.37511053,0.30039602,5.35053396
27,-0.40413010,0.26171435,5.35044816
28,-0.42762342,0.21946339,5.35053623
29,-0.44544990,0.17415327,5.35077490
30,-0.45734817,0.12671205,5.35113958
31,-0.46318665,0.07776552,5.35162064
32,-0.47517486,0.02980142,5.35104083
33,-0.48087427,-0.01888001,5.35058274
34,-0.48030990,-0.06762390,5.35025178
35,-0.47339705,-0.11550932,5.35007773
36,-0.46007117,-0.16201798,5.35008227
37,-0.44059779,-0.20668950,5.35024282
38,-0.41545097,-0.24868012,5.35053657
39,-0.38498132,-0.28745310,5.35095524
40,-0.35953407,-0.32984849,5.35031034
41,-0.32915640,-0.36830436,5.34979811
42,-0.29432546,-0.40237761,5.34942489
43,-0.25562442,-0.43136027,5.34922169
44,-0.21336444,-0.45484617,5.34921057
45,-0.16804631,-0.47269906,5.34936885
46,-0.12059297,-0.48465834,5.34967283
47,-0.07162036,-0.49059644,5.35011274
48,-0.02355549,-0.50269139,5.34947389
49,0.02525507,-0.50854887,5.34897302
50,0.07415638,-0.50819055,5.34861464
51,0.12222629,-0.50152361,5.34842879
52,0.16893497,-0.48847114,5.34843838
53,0.21380076,-0.46928010,5.34862228
54,0.25596458,-0.44440052,5.34895919
55,0.29488277,-0.41416385,5.34944194
56,0.33746381,-0.38893323,5.34883731
57,0.37607296,-0.35871757,5.34838568
58,0.41026282,-0.32399168,5.34809233
59,0.43931900,-0.28535090,5.34798640
60,0.46283059,-0.24312716,5.34808857
61,0.48066409,-0.19783142,5.34837416
62,0.49256357,-0.15038893,5.34881662
63,0.49840064,-0.10142927,5.34940448
64,0.51038615,-0.05344318,5.34890372
65,1.08913471,-0.00096136,5.28279922
66,1.08907926,0.10433483,5.28204712
67,1.07512137,0.20603650,5.28191487
68,1.04712848,0.30480182,5.28244715
69,1.00495858,0.40119577,5.28358381
70,0.94987999,0.49326380,5.28515602
71,0.88467833,0.57631962,5.28712753
72,0.83098957,0.66754288,5.28565269
73,0.76504856,0.75259000,5.28457857
74,0.69049820,0.82725073,5.28392713
75,0.60868608,0.88955033,5.28386608
76,0.51905866,0.93985822,5.28444102
77,0.42111637,0.97846930,5.28559369
78,0.31713685,1.00489097,5.28715688
79,0.21240314,1.01776445,5.28909554
80,0.10999802,1.04457830,5.28761167
81,0.00332621,1.05835184,5.28650231
82,-0.10206931,1.05866786,5.28579328
83,-0.20384035,1.04507793,5.28565387
84,-0.30263877,1.01745113,5.28613041
85,-0.39902348,0.97564768,5.28716440
86,-0.49103648,0.92092883,5.28859221
87,-0.57399182,0.85606315,5.29038610
88,-0.66516903,0.80273758,5.28877128
89,-0.75012183,0.73714496,5.28751729
90,-0.82465007,0.66290962,5.28665667
91,-0.88678133,0.58137352,5.28636075
92,-0.93688274,0.49198844,5.28667323
93,-0.97524705,0.39426022,5.28753378
94,-1.00138856,0.29046794,5.28878119
95,-1.01396504,0.18588962,5.29039578
96,-1.04050147,0.08372048,5.28860209
97,-1.05397009,-0.02273941,5.28716671
98,-1.05397774,-0.12795355,5.28613034
99,-1.04008752,-0.22957899,5.28566689
100,-1.01216798,-0.32826865,5.28581845
101,-0.97007918,-0.42458273,5.28652272
102,-0.91509508,-0.51656040,5.28762128
103,-0.85001205,-0.59950665,5.28910213
104,-0.79646990,-0.69055335,5.28716805
105,-0.73069217,-0.77540535,5.28560619
106,-0.65631642,-0.84986292,5.28446500
107,-0.57467989,-0.91196149,5.28392307
108,-0.48521279,-0.96208233,5.28402257
109,-0.38739571,-1.00053403,5.28470122
110,-0.28349995,-1.02683165,5.28579980
111,-0.17882615,-1.03961660,5.28730514
112,-0.07647299,-1.06633210,5.28536600
113,0.03019665,-1.08008341,5.28380992
114,0.13567462,-1.08046704,5.28268044
115,0.23762425,-1.06703208,5.28215414
116,0.33667264,-1.03963448,5.28227547
117,0.43333842,-0.99811610,5.28298775
118,0.52562019,-0.94371008,5.28413902
119,0.60880344,-0.87914135,5.28572261
120,0.70017178,-0.82605270,5.28384078
121,0.78527877,-0.76063141,5.28238705
122,0.85991573,-0.68651867,5.28140058
123,0.92210685,-0.60507224,5.28105650
124,0.97222516,-0.51575395,5.28139739
125,1.01057660,-0.41807888,5.28236101
126,1.03669038,-0.31431982,5.28378036
127,1.04923194,-0.20973244,5.28562638
128,1.07572189,-0.10750427,5.28400143
129,1.68769521,0.00427195,5.18209554
130,1.68615203,0.16826668,5.18084110
131,1.66441679,0.32414708,5.18064071
132,1.62246965,0.47581184,5.18152891
133,1.55878175,0.62673552,5.18346169
134,1.47407350,0.77493922,5.18605711
135,1.37464912,0.90496388,5.18972348
136,1.29020384,1.04553794,5.18686164
137,1.18300310,1.17920820,5.18508375
138,1.06591953,1.29449829,5.18394709
139,0.94033105,1.38977147,5.18381524
140,0.80347529,1.46777586,5.18472729
141,0.65181954,1.52988551,5.18664345
142,0.48727075,1.57519955,5.18918638
143,0.32521222,1.59720026,5.19276700
144,0.16623787,1.63728813,5.18985007
145,-0.00389579,1.65638893,5.18797417
146,-0.16800641,1.65545390,5.18671399
147,-0.32396327,1.63429940,5.18643589
148,-0.47565336,1.59292252,5.18717843
149,-0.62653999,1.52980668,5.18889844
150,-0.77463475,1.44566513,5.19122282
151,-0.90448250,1.34674449,5.19458404
152,-1.04494713,1.26284665,5.19146732
153,-1.17842832,1.15617142,5.18937514
154,-1.29348923,1.03954721,5.18790080
155,-1.38849655,0.91435185,5.18740958
156,-1.46619033,0.77783994,5.18793153
157,-1.52793430,0.62649311,5.18941549
158,-1.57283357,0.46222499,5.19148768
159,-1.59440900,0.30038919,5.19460356
160,-1.63409442,0.14175362,5.19124300
161,-1.65273190,-0.02807679,5.18889894
162,-1.65134205,-0.19193247,5.18718598
163,-1.62975306,-0.34768902,5.18646897
164,-1.58794880,-0.49922998,5.18677127
165,-1.52440167,-0.65002236,5.18803360
166,-1.43984040,-0.79807794,5.18988190
167,-1.34058111,-0.92792958,5.19279213
168,-1.25635560,-1.06822573,5.18921903
169,-1.14937753,-1.20159095,5.18666919
170,-1.03252263,-1.31656837,5.18478028
171,-0.90715861,-1.41153488,5.18392500
172,-0.77050314,-1.48925034,5.18412422
173,-0.61898784,-1.55110994,5.18531845
174,-0.45450981,-1.59622853,5.18713422
175,-0.29251148,-1.61808740,5.19005248
176,-0.13363303,-1.65798489,5.18645338
177,0.03647385,-1.67701984,5.18388799
178,0.20069314,-1.67615925,5.18198595
179,0.35692776,-1.65521975,5.18111420
180,0.50902724,-1.61418594,5.18129439
181,0.66039496,-1.55152396,5.18247795
182,0.80895693,-1.46790682,5.18431279
183,0.93918744,-1.36948227,5.18730596
184,1.07996440,-1.28596226,5.18375977
185,1.21368996,-1.17955716,5.18135049
186,1.32891678,-1.06313958,5.17967734
187,1.42400540,-0.93810764,5.17910823
188,1.50170133,-0.80171908,5.17966924
189,1.56338762,-0.65047771,5.18130820
190,1.60819423,-0.48628814,5.18364619
191,1.62965988,-0.32444922,5.18712331
192,1.66921045,-0.16570805,5.18404365
193,2.29217685,0.01828650,5.04634714
194,2.28458043,0.23653108,5.04577962
195,2.25427690,0.44182518,5.04583818
196,2.20098847,0.64245969,5.04675895
197,2.12195719,0.84533577,5.04834320
198,2.01151685,1.06217671,5.04970845
199,1.88174667,1.24403929,5.05418242
200,1.76056384,1.43235813,5.05090571
201,1.59880459,1.61643794,5.05072729
202,1.43915303,1.76599452,5.05024437
203,1.27262892,1.89031686,5.05032857
204,1.09320183,1.99508176,5.05121977
205,0.89403764,2.08322641,5.05272733
206,0.66286065,2.15905287,5.05397123
207,0.44279041,2.19635595,5.05828724
208,0.22420044,2.24432804,5.05487129
209,-0.02000475,2.26058757,5.05448976
210,-0.23833909,2.25383121,5.05380029
211,-0.44369186,2.22430558,5.05366281
212,-0.64432187,2.17178295,5.05431138
213,-0.84712460,2.09351832,5.05554806
214,-1.06379479,1.98389195,5.05648105
215,-1.24539741,1.85479435,5.06050820
216,-1.43349507,1.73432865,5.05682567
217,-1.61722613,1.57326361,5.05615666
218,-1.76643940,1.41417498,5.05521063
219,-1.89039762,1.24812975,5.05482423
220,-1.99475876,1.06912762,5.05521976
221,-2.08244456,0.87035816,5.05618343
222,-2.15772601,0.63958244,5.05680264
223,-2.19449817,0.41980404,5.06053582
224,-2.24195078,0.20161818,5.05656067
225,-2.25757524,-0.04223107,5.05557986
226,-2.25025511,-0.26027375,5.05435813
227,-2.22020145,-0.46539366,5.05371269
228,-2.16715722,-0.66583715,5.05385274
229,-2.08835954,-0.86850749,5.05455179
230,-1.97815094,-1.08510353,5.05487589
231,-1.84859645,-1.26670331,5.05833569
232,-1.72769867,-1.45462080,5.05408489
233,-1.56618908,-1.63826079,5.05281193
234,-1.40679813,-1.78738640,5.05134721
235,-1.24053024,-1.91129185,5.05050249
236,-1.06134715,-2.01565188,5.05048082
237,-0.86235123,-2.10343510,5.05105573
238,-0.63120158,-2.17896799,5.05128279
239,-0.41117379,-2.21605530,5.05470858
240,-0.19275678,-2.26371593,5.05040872
241,0.05137986,-2.27986922,5.04908704
242,0.26983694,-2.27318668,5.04757279
243,0.47558222,-2.24393191,5.04665665
244,0.67679434,-2.19187491,5.04653308
245,0.88033276,-2.11425913,5.04698334
246,1.09776243,-2.00545599,5.04709844
247,1.27997345,-1.87712298,5.05052302
248,1.46854560,-1.75718068,5.04625107
249,1.65263394,-1.59648105,5.04516842
250,1.80209380,-1.43771753,5.04396080
251,1.92617308,-1.27195881,5.04345962
252,2.03051615,-1.09314350,5.04389549
253,2.11807080,-0.89453806,5.04504551
254,2.19315188,-0.66392815,5.04599975
255,2.22969229,-0.44417764,5.05021439
256,2.27686595,-0.22581034,5.04668399
257,2.89172130,0.02861742,4.87403173
258,2.87018647,0.30172970,4.87739043
259,2.83156747,0.55615616,4.87773092
260,2.76605683,0.80495959,4.87880011
261,2.67799961,1.06410020,4.87674967
262,2.55616068,1.35233085,4.87113141
263,2.39738418,1.58992944,4.87535121
264,2.23588911,1.82661367,4.87267855
265,2.01360433,2.04777878,4.87993419
266,1.80544551,2.22647646,4.88329308
267,1.59841088,2.37983804,4.88358792
268,1.37639109,2.51017196,4.88454737
269,1.13115279,2.63187759,4.88234605
270,0.84153614,2.75030782,4.87651775
271,0.56166153,2.80661879,4.88047026
272,0.28051224,2.86036331,4.87753500
273,-0.03252953,2.86006070,4.88445395
274,-0.30563331,2.83961965,4.88750758
275,-0.56006275,2.80200243,4.88750173
276,-0.80879698,2.73745084,4.88814689
277,-1.06782043,2.65036859,4.88560403
278,-1.35584437,2.52959200,4.87939005
279,-1.59309906,2.37164448,4.88299505
280,-1.82943564,2.21100683,4.87973541
281,-2.05005278,1.98950993,4.88631016
282,-2.22826291,1.78199013,4.88906803
283,-2.38115739,1.57551253,4.88878433
284,-2.51098786,1.35398490,4.88914954
285,-2.63214560,1.10924311,4.88630414
286,-2.74992716,0.82016263,4.87974379
287,-2.80559265,0.54063309,4.88302885
288,-2.85869457,0.25991551,4.87945054
289,-2.85762618,-0.05280457,4.88567759
290,-2.83652661,-0.32563150,4.88813017
291,-2.79830338,-0.57981079,4.88756096
292,-2.73315548,-0.82834178,4.88764105
293,-2.64545984,-1.08717367,4.88449217
294,-2.52398505,-1.37501329,4.87758342
295,-2.36547067,-1.61221589,4.88053906
296,-2.20429290,-1.84834939,4.87663309
297,-1.98222234,-2.06893510,4.88250616
298,-1.77430777,-2.24708007,4.88466015
299,-1.56754383,-2.39990417,4.88383473
300,-1.34578835,-2.52972429,4.88369337
301,-1.10075852,-2.65094966,4.88034701
302,-0.81119024,-2.76893400,4.87324276
303,-0.53138039,-2.82492628,4.87608630
304,-0.25047971,-2.87822033,4.87209132
305,0.06246846,-2.87775626,4.87790189
306,0.33567601,-2.85738674,4.87998538
307,0.59057072,-2.82009675,4.87902811
308,0.84010315,-2.75614772,4.87868766
309,1.10020169,-2.66993400,4.87504180
310,1.38935858,-2.55030888,4.86757787
311,1.62752158,-2.39342543,4.87027534
312,1.86454127,-2.23350787,4.86623716
313,2.08567006,-2.01253426,4.87234378
314,2.26423786,-1.80549320,4.87478799
315,2.41732167,-1.59946196,4.87432353
316,2.54714306,-1.37824988,4.87471153
317,2.66808108,-1.13376243,4.87204549
318,2.78547812,-0.84492090,4.86583832
319,2.84069100,-0.56541789,4.86975540
320,2.89329364,-0.28444822,4.86684136
321,3.54059735,0.01169188,4.64098429
322,3.51145482,0.35354924,4.64679052
323,3.45873035,0.67843271,4.64887868
324,3.37918760,0.99788988,4.64858048
325,3.27214334,1.32343869,4.64454880
326,3.12547146,1.65137366,4.64083015
327,2.92425100,1.93991079,4.65020173
328,2.73232030,2.23566667,4.64259008
329,2.48213838,2.49492034,4.64875143
330,2.22022855,2.71714216,4.65441616
331,1.95366097,2.91062126,4.65629904
332,1.67196907,3.08121496,4.65574978
333,1.36653883,3.23662066,4.65141810
334,1.03145738,3.36560936,4.64733043
335,0.68573989,3.42796398,4.65626703
336,0.34144571,3.50203888,4.64825110
337,-0.01815410,3.50895929,4.65396512
338,-0.35990742,3.48131267,4.65920215
339,-0.68467068,3.42997693,4.66067515
340,-1.00395336,3.35170151,4.65971729
341,-1.32926769,3.24586406,4.65496671
342,-1.65684837,3.10032758,4.65045481
343,-1.94485851,2.90003302,4.65899555
344,-2.24015788,2.70911879,4.65060788
345,-2.49879527,2.45979558,4.65595843
346,-2.72039979,2.19860697,4.66086212
347,-2.91326103,1.93266229,4.66202210
348,-3.08320655,1.65153088,4.66075075
349,-3.23791521,1.34664248,4.65567429
350,-3.36614634,1.01206397,4.65082347
351,-3.42771728,0.66667259,4.65903355
352,-3.50105779,0.32286645,4.65031626
353,-3.50718502,-0.03640303,4.65532444
354,-3.47875434,-0.37787910,4.65990027
355,-3.42666319,-0.70238138,4.66074505
356,-3.34765554,-1.02142445,4.65915370
357,-3.24108899,-1.34649827,4.65373807
358,-3.09482854,-1.67387584,4.64852075
359,-2.89386711,-1.96183575,4.65635569
360,-2.70229826,-2.25685248,4.64727203
361,-2.45232676,-2.51536686,4.65189958
362,-2.19059056,-2.73685816,4.65611647
363,-1.92421828,-2.92962390,4.65662910
364,-1.64274411,-3.09953949,4.65472833
365,-1.33753304,-3.25430698,4.64901822
366,-1.00261173,-3.38273444,4.64352520
367,-0.65701844,-3.44468764,4.65115444
368,-0.31300912,-3.51811268,4.64191843
369,0.04644947,-3.52469856,4.64644253
370,0.38831050,-3.49708551,4.65052825
371,0.71361422,-3.44616610,4.65081561
372,1.03394905,-3.36869316,4.64855444
373,1.36079076,-3.26403438,4.64230615
374,1.69002359,-3.11995963,4.63620813
375,1.97931658,-2.92107363,4.64351816
376,2.27551232,-2.73125863,4.63399746
377,2.53477431,-2.48281762,4.63865232
378,2.75682017,-2.22239753,4.64310108
379,2.94995927,-1.95714324,4.64398221
380,3.11998872,-1.67661342,4.64263255
381,3.27444684,-1.37211214,4.63774417
382,3.40203415,-1.03763701,4.63344481
383,3.46275886,-0.69206930,4.64262185
384,3.53525523,-0.34796596,4.63479467
385,4.28197105,0.00711219,4.32710477
386,4.28241579,0.42239036,4.31809540
387,4.23566291,0.83162390,4.31258465
388,4.12016086,1.22554890,4.32039018
389,3.95654172,1.60544862,4.33260502
390,3.76200616,1.98411061,4.33948014
391,3.51316924,2.33117376,4.35578086
392,3.28539473,2.69343525,4.34166530
393,3.00677855,3.01680729,4.33740435
394,2.71416801,3.31234860,4.32800824
395,2.39258931,3.57008759,4.32195838
396,2.03319017,3.76799379,4.32918652
397,1.64968248,3.92176543,4.34078249
398,1.24517900,4.05271730,4.34702485
399,0.82465577,4.12275800,4.36267189
400,0.40820562,4.21855151,4.34794945
401,-0.01670727,4.25075631,4.34308318
402,-0.43191320,4.25333844,4.33311580
403,-0.84089775,4.20858681,4.32652559
404,-1.23433132,4.09454660,4.33327053
405,-1.61362077,3.93215522,4.34441009
406,-1.99162481,3.73878584,4.35020016
407,-2.33791779,3.49095521,4.36542329
408,-2.69953857,3.26435345,4.35029110
409,-3.02221428,2.98672797,4.34504852
410,-3.31710965,2.69500623,4.33473511
411,-3.57414137,2.37416842,4.32782247
412,-3.77118661,2.01524580,4.33426229
413,-3.92405245,1.63210789,4.34509552
414,-4.05410893,1.22799174,4.35056342
415,-4.12325502,0.80774532,4.36546130
416,-4.21822540,0.39181941,4.35000583
417,-4.24958676,-0.03269408,4.34444376
418,-4.25133412,-0.44751108,4.33382494
419,-4.20573314,-0.85616075,4.32660706
420,-4.09084073,-1.24939037,4.33272073
421,-3.92762598,-1.62854127,4.34320319
422,-3.73346042,-2.00640012,4.34829005
423,-3.48485083,-2.35265462,4.36277872
424,-3.25750013,-2.71392068,4.34693916
425,-2.97913763,-3.03631066,4.34098113
426,-2.68674063,-3.33086401,4.32997935
427,-2.36530703,-3.58763709,4.32237312
428,-2.00595795,-3.78468592,4.32807215
429,-1.62250355,-3.93772926,4.33814040
430,-1.21807195,-4.06803352,4.34282999
431,-0.79758486,-4.13757862,4.35697186
432,-0.38144781,-4.23249258,4.34088686
433,0.04324707,-4.26410378,4.33469599
434,0.45850058,-4.26642939,4.32339578
435,0.86804812,-4.22195600,4.31536283
436,1.26262819,-4.10900438,4.32047242
437,1.64383377,-3.94823753,4.32976416
438,2.02450792,-3.75703961,4.33333697
439,2.37298273,-3.51137083,4.34663371
440,2.73568550,-3.28633933,4.32989956
441,3.05881897,-3.00999732,4.32364249
442,3.35394133,-2.71946098,4.31256191
443,3.61121725,-2.39960353,4.30516418
444,3.80874807,-2.04175414,4.31135063
445,3.96168525,-1.65933719,4.32242598
446,4.09090522,-1.25525215,4.32877095
447,4.15849775,-0.83441642,4.34522218
448,4.25196864,-0.41791951,4.33110900
449,5.00859848,-0.00348266,3.98153204
450,4.99347179,0.48407564,3.97879081
451,4.92046128,0.96322887,3.98218973
452,4.80263520,1.43510114,3.98143792
453,4.62771207,1.89117767,3.98712894
454,4.38810027,2.31924907,4.00434392
455,4.08642447,2.71245654,4.03308000
456,3.83531633,3.14115493,4.00717210
457,3.52543009,3.52442034,3.99472690
458,3.17136736,3.86053044,3.99092986
459,2.78257935,4.14996270,3.99290163
460,2.36646040,4.40084478,3.99146601
461,1.92132042,4.60034780,3.99627186
462,1.45030101,4.73421356,4.01256281
463,0.96002243,4.79940732,4.04041240
464,0.48029729,4.92569241,4.01368314
465,-0.00894506,4.97812676,4.00047921
466,-0.49618223,4.96588820,3.99597576
467,-0.97508324,4.89609277,3.99725645
468,-1.44597620,4.77919073,3.99536011
469,-1.90113759,4.60547579,3.99970051
470,-2.32824014,4.36701931,4.01555150
471,-2.72044396,4.06634214,4.04299625
472,-3.14834466,3.81654409,4.01584469
473,-3.53080502,3.50772627,4.00227198
474,-3.86615433,3.15454131,3.99744321
475,-4.15495382,2.76652079,3.99842048
476,-4.40472158,2.35079400,3.99625659
477,-4.60322780,1.90600094,4.00032093
478,-4.73614360,1.43523875,4.01588476
479,-4.80039552,0.94511814,4.04303499
480,-4.92582208,0.46595482,4.01559004
481,-4.97739602,-0.02285292,4.00173455
482,-4.96428383,-0.50974475,3.99663465
483,-4.89361516,-0.98836516,3.99734738
484,-4.77585008,-1.45900808,3.99487966
485,-4.60128502,-1.91398556,3.99861606
486,-4.36199812,-2.34100956,4.01380721
487,-4.06048122,-2.73322327,4.04054009
488,-3.80992611,-3.16066799,4.01273361
489,-3.50035766,-3.54273805,3.99849459
490,-3.14643426,-3.87771169,3.99300919
491,-2.75768084,-4.16609140,3.99335989
492,-2.34154278,-4.41592462,3.99036000
493,-1.89633905,-4.61452051,3.99358584
494,-1.42521352,-4.74769092,4.00825763
495,-0.93480355,-4.81237193,4.03447027
496,-0.45544273,-4.93754251,4.00631745
497,0.03348878,-4.98909675,3.99172459
498,0.52056364,-4.97622970,3.98587757
499,0.99963080,-4.90590998,3.98590240
500,1.47177304,-4.79050955,3.98185430
501,1.92907273,-4.61863763,3.98385028
502,2.35948649,-4.38275542,3.99691828
503,2.75712973,-4.08611119,4.02053767
504,3.18647475,-3.83842232,3.99112670
505,3.56894963,-3.53114981,3.97633937
506,3.90384366,-3.17915592,3.97093306
507,4.19123945,-2.79178334,3.97214375
508,4.44325656,-2.37866599,3.96850030
509,4.64270857,-1.93558690,3.97216628
510,4.77531026,-1.46539853,3.98853101
511,4.83652158,-0.97362668,4.01847067
512,4.95906187,-0.49305343,3.99326958
513,5.64968046,0.00949730,3.64526451
514,5.61979808,0.55713399,3.64913835
515,5.54023179,1.08830535,3.65179344
516,5.40745011,1.60853289,3.65336865
517,5.22252827,2.12403863,3.65364723
518,4.98070839,2.64064321,3.65168546
519,4.66571078,3.10098647,3.67078548
520,4.35792913,3.56880564,3.65493732
521,3.96807695,3.98845671,3.66094569
522,3.56133205,4.35638322,3.66325269
523,3.13106059,4.67730354,3.66422371
524,2.67072955,4.95243518,3.66442849
525,2.17688656,5.18708514,3.66337382
526,1.64202559,5.38212644,3.66012602
527,1.09503584,5.48538119,3.67813154
528,0.54777747,5.59908457,3.66129776
529,-0.02358583,5.62049532,3.66646162
530,-0.57050593,5.59331953,3.66804579
531,-1.10095188,5.51619463,3.66837426
532,-1.62035181,5.38529965,3.66806724
533,-2.13484482,5.20203846,3.66653280
534,-2.65034386,4.96176092,3.66281032
535,-3.10959344,4.64792732,3.68041572
536,-3.57636768,4.34140713,3.66319085
537,-3.99497058,3.95249844,3.66803032
538,-4.36198537,3.54651038,3.66933515
539,-4.68206559,3.11683266,3.66941151
540,-4.95632300,2.65691584,3.66887085
541,-5.19007957,2.16343351,3.66709734
542,-5.38422735,1.62892559,3.66311003
543,-5.48661405,1.08213264,3.68045105
544,-5.59945857,0.53533831,3.66296474
545,-5.61998706,-0.03570847,3.66754700
546,-5.59197705,-0.58233695,3.66861639
547,-5.51404676,-1.11252895,3.66846220
548,-5.38235300,-1.63171591,3.66767006
549,-5.19828451,-2.14601730,3.66561857
550,-4.95719189,-2.66133821,3.66130452
551,-4.64254895,-3.12053029,3.67826212
552,-4.33531183,-3.58694515,3.66041563
553,-3.94565599,-4.00530741,3.66458007
554,-3.53900849,-4.37205108,3.66524158
555,-3.10874966,-4.69188547,3.66467750
556,-2.64835385,-4.96600416,3.66339729
557,-2.15438734,-5.19970738,3.66083312
558,-1.61933702,-5.39390374,3.65596386
559,-1.07212146,-5.49657601,3.67228480
560,-0.52524868,-5.60924938,3.65395437
561,0.04578218,-5.62996527,3.65752774
562,0.59229180,-5.60224154,3.65767057
563,1.12258132,-5.52481965,3.65663505
564,1.64249698,-5.39428079,3.65456560
565,2.15887292,-5.21200922,3.65082605
566,2.67791291,-4.97363797,3.64408095
567,3.14195726,-4.66302003,3.65786191
568,3.60594791,-4.35589173,3.64093618
569,4.02368710,-3.96817270,3.64517556
570,4.39064561,-3.56380733,3.64575394
571,4.71127336,-3.13625885,3.64502436
572,4.98682995,-2.67915893,3.64288488
573,5.22212346,-2.18834172,3.63981921
574,5.41726181,-1.65592493,3.63533205
575,5.51920163,-1.10947501,3.65387912
576,5.63109788,-0.56259803,3.63795414
577,6.28353759,0.02982304,3.27639846
578,6.23510856,0.63219519,3.29106680
579,6.14760385,1.21046739,3.29462656
580,6.00308123,1.77733240,3.29647401
581,5.81325070,2.35033770,3.28726179
582,5.57078690,2.96017150,3.25860996
583,5.23915350,3.48697607,3.26686881
584,4.87591363,3.99617140,3.26235002
585,4.40134229,4.45330320,3.29396545
586,3.94282324,4.84648127,3.30660399
587,3.47374409,5.19477484,3.30805732
588,2.97246762,5.49449926,3.30811891
589,2.43477616,5.76633572,3.29718489
590,1.83387041,6.02688233,3.26685526
591,1.22826021,6.16530776,3.27383186
592,0.61262878,6.26887278,3.26823985
593,-0.04510192,6.25667748,3.29901081
594,-0.64650438,6.21059749,3.31096449
595,-1.22377354,6.12527531,3.31181379
596,-1.78956145,5.98280329,3.31140240
597,-2.36140101,5.79484986,3.30000237
598,-2.96992130,5.55424804,3.26917424
599,-3.49554275,5.22386176,3.27576407
600,-4.00355727,4.86177764,3.26983000
601,-4.45952665,4.38796707,3.30033554
602,-4.85175810,3.93005916,3.31206289
603,-5.19920439,3.46147188,3.31270583
604,-5.49813889,2.96057205,3.31210731
605,-5.76918393,2.42324269,3.30050526
606,-6.02890800,1.82278845,3.26943673
607,-6.16657515,1.21739447,3.27579459
608,-6.26935408,0.60212577,3.26963346
609,-6.25631765,-0.05542794,3.29991111
610,-6.20948513,-0.65661488,3.31144189
611,-6.12345101,-1.23366339,3.31190009
612,-5.98026594,-1.79927121,3.31109655
613,-5.79159354,-2.37091206,3.29926879
614,-5.55025807,-2.97916454,3.26793114
615,-5.21915410,-3.50469567,3.27395260
616,-4.85642537,-4.01244679,3.26744390
617,-4.38186852,-4.46832992,3.29728298
618,-3.92335867,-4.86038846,3.30841322
619,-3.45425770,-5.20764427,3.30848620
620,-2.95286121,-5.50642089,3.30721436
621,-2.41502060,-5.77733454,3.29490068
622,-1.81393195,-6.03694949,3.26302568
623,-1.20801174,-6.17480909,3.26834082
624,-0.59262459,-6.27752565,3.26117692
625,0.06506175,-6.26488278,3.29010836
626,0.66596016,-6.21829020,3.30055597
627,1.24265774,-6.13243912,3.30017767
628,1.80826921,-5.98959989,3.29832928
629,2.38131584,-5.80165678,3.28515938
630,2.99329736,-5.56189342,3.25145538
631,3.52349806,-5.23379133,3.25416853
632,4.02683265,-4.87023864,3.24979449
633,4.48008008,-4.39714285,3.28080334
634,4.87178736,-3.94090981,3.29209496
635,5.22027544,-3.47490604,3.29157617
636,5.52083532,-2.97718404,3.28874764
637,5.79428101,-2.44368047,3.27467796
638,6.05655272,-1.84724220,3.24136801
639,6.19544833,-1.24384401,3.24766265
640,6.29805062,-0.62885999,3.24299290
641,6.92254145,0.04246532,2.85898010
642,6.85341774,0.70289122,2.88846985
643,6.75738930,1.33297821,2.89295923
644,6.60025001,1.95104969,2.89467830
645,6.40681270,2.58635822,2.87129709
646,6.16754797,3.28370572,2.80863706
647,5.81593361,3.87626408,2.80535865
648,5.39941447,4.42925157,2.81287809
649,4.84440372,4.91693402,2.87768643
650,4.33034551,5.33609322,2.90470048
651,3.81873078,5.71465021,2.90670328
652,3.27252481,6.04140613,2.90633224
653,2.68844547,6.35458626,2.88092167
654,2.02820231,6.67917582,2.81625336
655,1.36204730,6.84983525,2.81157180
656,0.67776636,6.94650622,2.81802404
657,-0.05854499,6.89884551,2.88208895
658,-0.71767357,6.83174264,2.90850161
659,-1.34648138,6.73766419,2.90996227
660,-1.96322281,6.58250575,2.90918332
661,-2.59714545,6.39099226,2.88334010
662,-3.29292452,6.15376781,2.81817421
663,-3.88421463,5.80338990,2.81313136
664,-4.43598653,5.38786451,2.81929773
665,-4.92255124,4.83335978,2.88316447
666,-5.34080886,4.31974285,2.90940676
667,-5.71856451,3.80852232,2.91070588
668,-6.04462086,3.26262499,2.90978493
669,-6.35710139,2.67890635,2.88377640
670,-6.68096353,2.01920236,2.81839948
671,-6.85099805,1.35327261,2.81315622
672,-6.94700961,0.66925956,2.81912932
673,-6.89861888,-0.06703427,2.88280269
674,-6.83085835,-0.72603127,2.90888672
675,-6.73616437,-1.35465076,2.91004716
676,-6.58038546,-1.97124928,2.90896603
677,-6.38825805,-2.60495977,2.88278421
678,-6.15044110,-3.30039136,2.81720212
679,-5.79947618,-3.89158373,2.81167324
680,-5.38340624,-4.44318868,2.81732295
681,-4.82818449,-4.92982308,2.88055950
682,-4.31400683,-5.34799225,2.90627147
683,-3.80231990,-5.72559061,2.90709642
684,-3.25591818,-6.05149587,2.90558640
685,-2.67169143,-6.36379529,2.87897291
686,-2.01138157,-6.68742391,2.81292426
687,-1.34483678,-6.85760786,2.80665999
688,-0.66052913,-6.95368594,2.81148169
689,0.07624422,-6.90587016,2.87347477
690,0.73507923,-6.83835545,2.89827159
691,1.36312858,-6.74359653,2.89860666
692,1.97900388,-6.58753430,2.89674237
693,2.61317505,-6.39505029,2.86983575
694,3.31202457,-6.15720393,2.80253832
695,3.90780216,-5.80802783,2.79370543
696,4.45364056,-5.39087986,2.80223668
697,4.93600006,-4.83715264,2.86739479
698,5.35290953,-4.32503651,2.89379105
699,5.73161412,-3.81625711,2.89400613
700,6.05943830,-3.27368048,2.89035181
701,6.37530438,-2.69492485,2.86044152
702,6.70353232,-2.04155830,2.79051919
703,6.87629707,-1.37936383,2.78380741
704,6.97222476,-0.69548202,2.79168016
705,7.58472068,0.04554291,2.36958620
706,7.49901450,0.76996407,2.41369468
707,7.39429517,1.46112624,2.41796904
708,7.22155303,2.13885726,2.42004880
709,7.01917765,2.84036886,2.38185006
710,6.77967274,3.61480669,2.28401520
711,6.40321719,4.27197737,2.27055528
712,5.93605280,4.87357528,2.28875293
713,5.31122732,5.39061339,2.38853447
714,4.74062774,5.84278795,2.42969359
715,4.17988193,6.25796933,2.43117445
716,3.58055834,6.61550931,2.43098788
717,2.94345371,6.96889097,2.39057555
718,2.22868173,7.34760062,2.29053397
719,1.49925553,7.54621642,2.27565009
720,0.74467206,7.64127956,2.29289391
721,-0.06199503,7.56487531,2.39211877
722,-0.78459510,7.48104602,2.43280413
723,-1.47414089,7.37806315,2.43383665
724,-2.15031125,7.20707869,2.43332949
725,-2.85022692,7.00649010,2.39254324
726,-3.62288309,6.76900739,2.29203622
727,-4.27876191,6.39368329,2.27682477
728,-4.87920856,5.92730653,2.29384050
729,-5.39532618,5.30270098,2.39293658
730,-5.84672060,4.73236497,2.43350629
731,-6.26118822,4.17190396,2.43442629
732,-6.61814256,3.57279461,2.43382388
733,-6.97093184,2.93601663,2.39291110
734,-7.34904098,2.22182215,2.29222573
735,-7.54718750,1.49260898,2.27684063
736,-7.64174638,0.73821927,2.29369531
737,-7.56477348,-0.06857072,2.39263378
738,-7.48040003,-0.79111003,2.43308805
739,-7.37690320,-1.48049555,2.43391775
740,-7.20539682,-2.15656440,2.43320244
741,-7.00431212,-2.85627198,2.39216978
742,-6.76640829,-3.62854131,2.29134334
743,-6.39064364,-4.28434439,2.27572034
744,-5.92384872,-4.88470475,2.29228427
745,-5.29860214,-5.40101665,2.39081688
746,-4.72776658,-5.85237436,2.43095252
747,-4.16690039,-6.26669456,2.43152251
748,-3.56730095,-6.62350489,2.43044793
749,-2.93005884,-6.97608578,2.38906795
750,-2.21538454,-7.35388422,2.28788992
751,-1.48549388,-7.55216453,2.27155434
752,-0.73059136,-7.64690759,2.28715732
753,0.07712225,-7.57062376,2.38415720
754,0.79992146,-7.48651404,2.42311074
755,1.48898385,-7.38288444,2.42298498
756,2.16404869,-7.21079994,2.42156528
757,2.86305307,-7.00847750,2.38058815
758,3.63764555,-6.76860494,2.27958216
759,4.29765887,-6.39321525,2.26113750
760,4.89138116,-5.92579609,2.28079269
761,5.40233276,-5.30236578,2.38163173
762,5.85179353,-4.73331058,2.42296541
763,6.26687728,-4.17458396,2.42329208
764,6.62523222,-3.57820441,2.41999332
765,6.98205996,-2.94700175,2.37385669
766,7.36671890,-2.24196517,2.26550498
767,7.56940332,-1.51875487,2.24653281
768,7.66313982,-0.76384410,2.26644448
769,8.30102233,0.03640589,1.76599577
770,8.22099559,0.83605552,1.80656444
771,8.11246647,1.60753658,1.80318390
772,7.91392642,2.35970339,1.81164550
773,7.67866584,3.12678781,1.77597890
774,7.41731451,3.95861716,1.66199935
775,7.00596536,4.67556396,1.64679440
776,6.49524623,5.33463566,1.66752413
777,5.82629624,5.89414627,1.78354058
778,5.20709816,6.40303994,1.82076027
779,4.58707250,6.87182966,1.81447325
780,3.91674425,7.26326978,1.82077697
781,3.20983374,7.63932075,1.78302636
782,2.43888078,8.04284183,1.66692243
783,1.64232865,8.25890353,1.65040948
784,0.81609136,8.36369732,1.67040517
785,-0.05210740,8.28609443,1.78609027
786,-0.84934809,8.20798270,1.82298660
787,-1.61884759,8.10096088,1.81638188
788,-2.36934781,7.90370103,1.82248965
789,-3.13479553,7.66974221,1.78447498
790,-3.96484428,7.41006453,1.66798649
791,-4.68063752,6.99962294,1.65118800
792,-5.33872669,6.48947682,1.67101237
793,-5.89762406,5.82053709,1.78662472
794,-6.40591552,5.20149377,1.82345727
795,-6.87412973,4.58166017,1.81679457
796,-7.26514354,3.91141051,1.82286160
797,-7.64075977,3.20469000,1.78477050
798,-8.04385094,2.43422594,1.66814457
799,-8.25962447,1.63781923,1.65119052
800,-8.36407703,0.81174145,1.67088490
801,-8.28609953,-0.05662930,1.78638008
802,-8.20758999,-0.85380730,1.82314888
803,-8.10018260,-1.62315237,1.81645198
804,-7.90251971,-2.37361051,1.82246017
805,-7.66818925,-3.13892917,1.78429885
806,-7.40825395,-3.96865007,1.66758514
807,-6.99750999,-4.68444238,1.65043106
808,-6.48709864,-5.34248355,1.66988141
809,-5.81767491,-5.90160177,1.78504512
810,-5.19827596,-6.40982558,1.82159857
811,-4.57815698,-6.87786757,1.81475642
812,-3.90747991,-7.26875836,1.82051324
813,-3.20035982,-7.64421223,1.78210629
814,-2.42957665,-8.04701661,1.66517157
815,-1.63245903,-8.26294103,1.64738044
816,-0.80575324,-8.36760735,1.66586516
817,0.06383503,-8.29019905,1.77946066
818,0.86170753,-8.21175185,1.81478720
819,1.63136181,-8.10409027,1.80707280
820,2.38164174,-7.90592018,1.81205307
821,3.14581032,-7.67027748,1.77412761
822,3.97539253,-7.40674817,1.65956291
823,4.69370392,-6.99445590,1.64159822
824,5.34494946,-6.48536441,1.66306117
825,5.89871862,-5.81803669,1.78055258
826,6.40533288,-5.19992981,1.81859288
827,6.87407434,-4.58079779,1.81198871
828,7.26565577,-3.91167455,1.81624943
829,7.64474149,-3.20934866,1.77285737
830,8.05637131,-2.45070091,1.64498336
831,8.27967991,-1.66391447,1.62021938
832,8.38097389,-0.83567910,1.64576284
833,9.11973302,0.01558788,0.97252455
834,9.06619951,0.90738864,0.98448631
835,8.94931082,1.77886764,0.97296333
836,8.72398294,2.62688595,0.98581125
837,8.43183653,3.46675567,0.97637926
838,8.09811799,4.32862014,0.90447977
839,7.63231006,5.09248230,0.91165004
840,7.09477120,5.82281600,0.91179340
841,6.42587582,6.46120456,0.98441778
842,5.76025928,7.05342790,0.99342316
843,5.06320576,7.58650688,0.97975400
844,4.30541615,8.02643914,0.99127173
845,3.50599792,8.41341706,0.98056800
846,2.66181627,8.78671638,0.90726191
847,1.79304158,8.99739607,0.91349320
848,0.89714895,9.13360875,0.91319985
849,-0.02701547,9.11191333,0.98567535
850,-0.91618325,9.05994466,0.99452494
851,-1.78579505,8.94393152,0.98071027
852,-2.63260826,8.71911883,0.99217687
853,-3.47139892,8.42743705,0.98137182
854,-4.33208910,8.09452142,0.90785454
855,-5.09531826,7.62918034,0.91386953
856,-5.82495465,7.09203504,0.91346372
857,-6.46302221,6.42314629,0.98590225
858,-7.05487887,5.75764641,0.99473447
859,-7.58762252,5.06069385,0.98091262
860,-8.02735537,4.30288166,0.99238920
861,-8.41412711,3.50346545,0.98156828
862,-8.78721316,2.65948646,0.90797917
863,-8.99781554,1.79067819,0.91385596
864,-9.13384222,0.89496718,0.91336144
865,-9.11196888,-0.02925036,0.98573812
866,-9.05979137,-0.91831137,0.99456036
867,-8.94357713,-1.78780022,0.98075203
868,-8.71854471,-2.63461519,0.99222407
869,-8.42664533,-3.47339601,0.98138370
870,-8.09358396,-4.33395193,0.90775203
871,-7.62804697,-5.09733670,0.91345521
872,-7.09081940,-5.82688657,0.91280408
873,-6.42172038,-6.46503292,0.98499939
874,-5.75609207,-7.05676683,0.99374778
875,-5.05903346,-7.58936305,0.97991646
876,-4.30097662,-8.02901099,0.99128727
877,-3.50128963,-8.41571290,0.98033522
878,-2.65710195,-8.78865742,0.90659828
879,-1.78757684,-8.99948764,0.91177604
880,-0.89144053,-9.13559916,0.91044424
881,0.03362840,-9.11388388,0.98163222
882,0.92324926,-9.06145537,0.98968342
883,1.79328530,-8.94480588,0.97534129
884,2.64096638,-8.71917111,0.98594176
885,3.48058318,-8.42641269,0.97445481
886,4.33992197,-8.09052905,0.90291958
887,5.10026084,-7.62051789,0.91368314
888,5.82458694,-7.08909064,0.91103300
889,6.45992227,-6.42163460,0.98492367
890,7.05149710,-5.75617253,0.99518841
891,7.58511543,-5.05887165,0.98188481
892,8.02500516,-4.30059397,0.99263089
893,8.41295981,-3.50209201,0.97906447
894,8.79250936,-2.66857646,0.89485863
895,9.01585382,-1.81385786,0.88469564
896,9.14407724,-0.91289775,0.89540062
897,10.00000000,0.00000000,0.00000000
898,9.95184700,0.98017100,0.00000000
899,9.80785300,1.95090300,0.00000000
900,9.56940300,2.90284700,0.00000000
901,9.23879500,3.82683400,0.00000000
902,8.81921300,4.71396700,0.00000000
903,8.31469600,5.55570200,0.00000000
904,7.73010500,6.34393300,0.00000000
905,7.07106800,7.07106800,0.00000000
906,6.34393300,7.73010500,0.00000000
907,5.55570200,8.31469600,0.00000000
908,4.71396700,8.81921300,0.00000000
909,3.82683400,9.23879500,0.00000000
910,2.90284700,9.56940300,0.00000000
911,1.95090300,9.80785300,0.00000000
912,0.98017100,9.95184700,0.00000000
913,0.00000000,10.00000000,0.00000000
914,-0.98017100,9.95184700,0.00000000
915,-1.95090300,9.80785300,0.00000000
916,-2.90284700,9.56940300,0.00000000
917,-3.82683400,9.23879500,0.00000000
918,-4.71396700,8.81921300,0.00000000
919,-5.55570200,8.31469600,0.00000000
920,-6.34393300,7.73010500,0.00000000
921,-7.07106800,7.07106800,0.00000000
922,-7.73010500,6.34393300,0.00000000
923,-8.31469600,5.55570200,0.00000000
924,-8.81921300,4.71396700,0.00000000
925,-9.23879500,3.82683400,0.00000000
926,-9.56940300,2.90284700,0.00000000
927,-9.80785300,1.95090300,0.00000000
928,-9.95184700,0.98017100,0.00000000
929,-10.00000000,0.00000000,0.00000000
930,-9.95184700,-0.98017100,0.00000000
931,-9.80785300,-1.95090300,0.00000000
932,-9.56940300,-2.90284700,0.00000000
933,-9.23879500,-3.82683400,0.00000000
934,-8.81921300,-4.71396700,0.00000000
935,-8.31469600,-5.55570200,0.00000000
936,-7.73010500,-6.34393300,0.00000000
937,-7.07106800,-7.07106800,0.00000000
938,-6.34393300,-7.73010500,0.00000000
939,-5.55570200,-8.31469600,0.00000000
940,-4.71396700,-8.81921300,0.00000000
941,-3.82683400,-9.23879500,0.00000000
942,-2.90284700,-9.56940300,0.00000000
943,-1.95090300,-9.80785300,0.00000000
944,-0.98017100,-9.95184700,0.00000000
945,-0.00000000,-10.00000000,0.00000000
946,0.98017100,-9.95184700,0.00000000
947,1.95090300,-9.80785300,0.00000000
948,2.90284700,-9.56940300,0.00000000
949,3.82683400,-9.23879500,0.00000000
950,4.71396700,-8.81921300,0.00000000
951,5.55570200,-8.31469600,0.00000000
952,6.34393300,-7.73010500,0.00000000
953,7.07106800,-7.07106800,0.00000000
954,7.73010500,-6.34393300,0.00000000
955,8.31469600,-5.55570200,0.00000000
956,8.81921300,-4.71396700,0.00000000
957,9.23879500,-3.82683400,0.00000000
958,9.56940300,-2.90284700,0.00000000
959,9.80785300,-1.95090300,0.00000000
960,9.95184700,-0.98017100,0.00000000
