vid,x,y,z
0,0.59792328,0.02113320,0.00000000
1,0.58847582,0.11705511,0.00000000
2,0.57010762,-0.08629696,0.03004813
3,0.56661924,0.07290777,0.06070030
4,0.54842591,-0.24066152,0.00000000
5,0.54375453,-0.00044265,0.09352336
6,0.55071569,0.18225444,0.04269485
7,0.54601772,-0.07382913,0.06266785
8,0.52042677,0.05514289,0.12478780
9,0.50849996,-0.17629938,0.09217088
10,0.49611226,0.24196926,0.07464883
11,0.51738666,0.25485744,0.04039401
12,0.51571502,-0.21595405,0.07685444
13,0.50965743,-0.28634330,0.03452083
14,0.49562922,-0.02223114,0.13316167
15,0.50160954,0.16460996,0.11848377
16,0.47395754,0.10938730,0.16348495
17,0.48446549,-0.05987450,0.12333176
18,0.46838238,0.06864030,0.17115001
19,0.46262659,0.26565043,0.08159688
20,0.46240788,-0.20330910,0.14036662
21,0.46725135,-0.24175612,0.12376053
22,0.43779779,-0.03544967,0.16691730
23,0.44351527,0.13250708,0.17592068
24,0.44374171,0.37479765,0.03347492
25,0.44511869,-0.36240845,0.05491376
26,0.44184650,0.09332015,0.18848262
27,0.44548285,0.22329912,0.12688793
28,0.41597638,0.43107167,0.00000000
29,0.43242484,-0.41432756,0.00000000
30,0.43286091,0.05408254,0.19218838
31,0.44004034,0.17123873,0.16332184
32,0.41775870,-0.15715561,0.17314849
33,0.40558526,-0.23186676,0.17698271
34,0.40215865,-0.11702800,0.17280959
35,0.41373487,-0.27159711,0.16281070
36,0.41073737,0.11493214,0.19649934
37,0.41193848,-0.02067662,0.18676319
38,0.42147339,-0.33222827,0.11282732
39,0.38691544,-0.39905949,0.07738002
40,0.39496295,0.38577448,0.09133635
41,0.41232567,-0.05567514,0.17073711
42,0.37992246,0.29242943,0.13384291
43,0.36456950,0.06680208,0.21711476
44,0.41026245,0.15201594,0.18575913
45,0.36169894,-0.17082345,0.20329268
46,0.34707935,-0.26221282,0.19470449
47,0.36599983,-0.10905863,0.19140335
48,0.37694554,-0.44440708,0.02749660
49,0.34761570,-0.29392754,0.18036237
50,0.36799628,0.43800150,0.06438505
51,0.37933497,-0.00227723,0.20581577
52,0.35866003,0.35476216,0.14708936
53,0.38361355,-0.34124030,0.13313405
54,0.32873006,0.04814617,0.22236059
55,0.33353901,0.16939885,0.19961927
56,0.34992559,-0.40863476,0.08724702
57,0.33422125,0.28926019,0.17469467
58,0.31509134,0.50864238,0.00000000
59,0.34473084,-0.03301363,0.20812486
60,0.32830891,-0.23757552,0.20787093
61,0.32627137,-0.17124526,0.21341673
62,0.33817795,0.38524789,0.14576820
63,0.34835735,0.13244291,0.21047244
64,0.30895844,-0.27576904,0.19776998
65,0.30762963,-0.13714262,0.21656082
66,0.36136290,0.03083220,0.21518324
67,0.32193690,0.32013166,0.18492649
68,0.31543978,-0.31452743,0.17845103
69,0.32827772,-0.10382103,0.20767156
70,0.32797362,0.09320246,0.22095237
71,0.29845297,-0.38143464,0.12651548
72,0.27984935,0.44441540,0.14073267
73,0.29769373,0.35130369,0.18835654
74,0.29485561,0.24556870,0.19836772
75,0.28662676,-0.24036237,0.21156137
76,0.28716254,-0.17189956,0.22005872
77,0.27610465,0.28081132,0.21068106
78,0.26288204,-0.27150431,0.20374309
79,0.27063396,0.00971881,0.25432251
80,0.28146504,0.41487371,0.16857308
81,0.28641910,-0.33113287,0.16891547
82,0.26271698,-0.49795776,0.05594783
83,0.28669256,0.31644638,0.20196074
84,0.26048239,0.08408172,0.25245703
85,0.27092783,0.21410151,0.20939584
86,0.24360583,0.02074468,0.27868207
87,0.24450776,-0.48242023,0.08467166
88,0.26616514,-0.20594889,0.21925896
89,0.23719565,0.23457095,0.22150852
90,0.24914151,0.12127227,0.24620576
91,0.24303163,-0.23829563,0.21425193
92,0.23639611,0.37692206,0.20453056
93,0.23965532,0.46562410,0.13544029
94,0.23635853,-0.29916676,0.18958624
95,0.24074294,0.27361501,0.22053278
96,0.22235943,0.10204174,0.27082869
97,0.22316288,-0.11267314,0.27315753
98,0.20772479,-0.43182700,0.14682915
99,0.21070266,-0.01040831,0.28831954
100,0.22308493,0.33954273,0.21933182
101,0.20643264,0.17517450,0.25224211
102,0.23623863,0.06371625,0.28001993
103,0.21567832,-0.17609111,0.24623549
104,0.21284598,0.51680020,0.08152893
105,0.21835865,-0.26836632,0.20497244
106,0.20581821,-0.14712612,0.27537759
107,0.20717088,0.26027137,0.22602142
108,0.19052119,-0.40311543,0.17004165
109,0.17396027,0.39776916,0.19601371
110,0.21239421,0.03666384,0.29734670
111,0.17601532,0.28378465,0.22669015
112,0.19656473,0.46426121,0.14854399
113,0.19184295,-0.46268673,0.14400044
114,0.15860086,-0.07193267,0.29681580
115,0.17887259,-0.33507862,0.19102846
116,0.16547314,-0.01134503,0.29525670
117,0.18074846,0.15379516,0.27374496
118,0.17266014,0.19272340,0.26836173
119,0.18351025,-0.17799950,0.26664410
120,0.15025741,0.02375146,0.30693314
121,0.15538104,0.22735922,0.25119636
122,0.16727508,-0.14647901,0.28639243
123,0.16025866,-0.40763499,0.18641277
124,0.14608910,0.41900714,0.17711916
125,0.18172569,0.55263867,0.03197152
126,0.17857346,0.04627468,0.30322066
127,0.15117848,-0.30852452,0.20730413
128,0.13393278,-0.38674850,0.20110598
129,0.13807718,0.38314101,0.19703334
130,0.12245844,-0.00159842,0.29987718
131,0.15101304,-0.50713223,0.12272982
132,0.15232423,0.13133277,0.29141074
133,0.15084555,0.17168877,0.29044211
134,0.12736585,-0.14694058,0.28699696
135,0.11302867,0.03693953,0.30114260
136,0.16590480,0.48267242,0.12639974
137,0.12343751,-0.08808475,0.30344267
138,0.13892211,0.21163839,0.27950943
139,0.12903851,-0.46113962,0.17203868
140,0.14166482,-0.34694691,0.20618956
141,0.14179723,0.30440796,0.22322641
142,0.11997625,-0.25681039,0.23710599
143,0.11823236,0.43644910,0.15401673
144,0.13137920,-0.42615121,0.18982123
145,0.11232738,-0.05674915,0.29815290
146,0.12169314,0.15086149,0.30797977
147,0.12147518,0.18688437,0.29812708
148,0.08584091,-0.08447723,0.29719646
149,0.09358986,-0.20692881,0.27353643
150,0.10368317,-0.36356745,0.21209819
151,0.11498483,-0.52217952,0.12135500
152,0.11821515,0.11084642,0.30076449
153,0.10620786,-0.11713611,0.29538749
154,0.09141162,-0.47996242,0.17245236
155,0.08472786,-0.24198250,0.26491183
156,0.10159775,0.32283941,0.21454007
157,0.10142466,0.21431735,0.28535923
158,0.10796502,-0.32164867,0.21531783
159,0.09534682,-0.44427692,0.19226039
160,0.06952797,-0.17837365,0.28981139
161,0.08276559,0.09246390,0.30413571
162,0.08595722,0.13495126,0.31069243
163,0.08701264,0.26396710,0.24549536
164,0.07835221,-0.26986968,0.24155755
165,0.09023121,0.17684976,0.30481725
166,0.06722021,-0.05150102,0.29616441
167,0.07135801,-0.34074441,0.21809699
168,0.06523001,0.20197098,0.28594329
169,0.05573164,-0.21804822,0.28408527
170,0.06102818,-0.14348454,0.29043095
171,0.06100645,-0.58001240,0.03665288
172,0.05654680,0.52478724,0.09695120
173,0.05030805,-0.51902312,0.12998595
174,0.05679418,0.16180269,0.29798609
175,0.04370485,0.49427071,0.13175183
176,0.03639133,0.05164379,0.29680584
177,0.06137371,-0.42131438,0.20115015
178,0.04061770,0.38242904,0.19446655
179,0.02626161,-0.19497634,0.29502070
180,0.03680520,-0.11843313,0.29456402
181,0.04637533,0.08218472,0.30164352
182,0.03388929,-0.36053716,0.21334071
183,0.05106139,0.12098212,0.30310012
184,0.00196880,-0.12971988,0.29381454
185,0.04016889,-0.32601315,0.21710653
186,0.08082358,0.01079229,0.29883280
187,0.01567856,0.25387321,0.26489941
188,0.01680751,-0.23021575,0.27913231
189,0.01108813,-0.08758301,0.29393576
190,0.00343664,0.17640166,0.29669605
191,-0.00516513,-0.16846977,0.29087218
192,-0.00833826,0.59918350,0.00000000
193,-0.00076876,-0.59992903,0.00000000
194,0.00120787,-0.54778043,0.09073269
195,0.02111320,0.54434609,0.09276303
196,-0.00820752,-0.49670091,0.14135604
197,0.01143903,0.41245024,0.19618397
198,-0.00593881,0.33797669,0.22081101
199,0.01635147,-0.47038618,0.16817147
200,0.02374587,-0.43424192,0.19001171
201,-0.00529908,-0.37316500,0.20408307
202,-0.01961043,-0.23660840,0.26519029
203,-0.02017638,0.06278267,0.29568501
204,-0.01187084,-0.20408270,0.28190519
205,-0.05532901,0.26150089,0.26208637
206,-0.04888653,-0.07517997,0.29255843
207,-0.03307361,0.16703834,0.30738116
208,-0.04401208,0.32834808,0.22504352
209,-0.03567490,-0.34516889,0.20221317
210,-0.03340632,0.36734934,0.21935205
211,-0.08334834,-0.02147818,0.29354803
212,-0.04278781,-0.38333743,0.18667848
213,-0.02684824,0.40652583,0.20865998
214,-0.05267334,0.19613844,0.30359305
215,-0.05539063,-0.11857083,0.29231052
216,-0.02670720,0.09751393,0.30155809
217,-0.04745103,0.47114317,0.17885359
218,-0.03907379,-0.48714820,0.13277054
219,-0.04906202,0.52679910,0.12818828
220,-0.07332897,0.03828723,0.29550054
221,-0.07112647,0.16522249,0.29974996
222,-0.04476332,0.57032925,0.06276782
223,-0.06722347,-0.20392546,0.27318612
224,-0.04460467,-0.57278364,0.04191741
225,-0.05338112,0.13091035,0.30203761
226,-0.08123458,0.20459669,0.29014539
227,-0.08932809,-0.26302658,0.24088146
228,-0.07114354,0.35647319,0.22369301
229,-0.10962206,-0.04579451,0.29307032
230,-0.09193125,0.07334242,0.29784866
231,-0.09311024,0.26646544,0.24382812
232,-0.08314899,-0.09399972,0.29302248
233,-0.11046632,0.10840247,0.29567523
234,-0.06931199,-0.16239184,0.28953384
235,-0.08660721,-0.13019548,0.29712787
236,-0.06200379,0.43707421,0.20044258
237,-0.09810953,0.17538616,0.28447921
238,-0.11202423,0.49714955,0.15383975
239,-0.12353260,0.30914149,0.22009338
240,-0.10955617,-0.32891927,0.20312940
241,-0.08820777,0.23892612,0.27100200
242,-0.12313834,-0.01549458,0.29542818
243,-0.11601650,-0.11435538,0.29035658
244,-0.10998485,0.34536555,0.21942099
245,-0.10966595,-0.36822618,0.18579605
246,-0.11211826,0.20841562,0.27089273
247,-0.11177459,-0.15505005,0.29363269
248,-0.11391405,0.04465427,0.29633243
249,-0.14542277,-0.05417477,0.29505262
250,-0.12366185,0.40676794,0.20337833
251,-0.11366480,-0.40616207,0.16469784
252,-0.13187994,0.07924639,0.30336672
253,-0.12484076,-0.25227138,0.24110375
254,-0.12486575,0.24065262,0.25098798
255,-0.12884747,0.46518890,0.17338247
256,-0.14916198,0.11497475,0.29913154
257,-0.16634106,-0.46724622,0.12986064
258,-0.13292224,-0.21857105,0.26824422
259,-0.14657744,-0.13732398,0.28225163
260,-0.14210187,-0.17870198,0.28048191
261,-0.13000682,0.14198782,0.28659473
262,-0.14788103,0.17219144,0.27214973
263,-0.18672400,-0.04164131,0.29834689
264,-0.13679512,0.51935229,0.12082949
265,-0.13487401,-0.50954436,0.08395545
266,-0.14956387,-0.30849537,0.21097124
267,-0.18040223,-0.36984125,0.19440848
268,-0.13569782,0.37137169,0.20952412
269,-0.16208686,0.29913616,0.21051000
270,-0.17693974,-0.08275274,0.28594430
271,-0.17060387,-0.43877293,0.15475514
272,-0.18456732,0.41794605,0.17451739
273,-0.19272613,0.05881383,0.28286315
274,-0.18542935,-0.33291570,0.20628740
275,-0.16622574,0.14923367,0.28572691
276,-0.15758270,-0.23429924,0.24210808
277,-0.18914362,0.20767195,0.24182158
278,-0.20071111,0.15346234,0.27371031
279,-0.17717293,-0.16059685,0.26578513
280,-0.16974613,-0.19942464,0.26009149
281,-0.19931763,0.00028781,0.28728802
282,-0.18525135,0.32758170,0.19500076
283,-0.20639972,-0.45517634,0.14079060
284,-0.20716985,0.09289259,0.28344412
285,-0.18954233,0.47191060,0.14007879
286,-0.19125037,-0.29503129,0.21378032
287,-0.21185131,-0.39031035,0.18399720
288,-0.23223982,-0.12541176,0.25034879
289,-0.20202764,-0.25982959,0.21414552
290,-0.21453222,0.51574179,0.07962395
291,-0.21536430,0.12500905,0.27739625
292,-0.21344662,-0.06982132,0.28358336
293,-0.20668785,-0.42418948,0.16397102
294,-0.22694458,-0.31912687,0.20660307
295,-0.23038446,0.06966885,0.26568729
296,-0.21274510,0.55944854,0.00000000
297,-0.24113308,-0.54817384,0.00000000
298,-0.23950578,0.41832620,0.13050349
299,-0.26543584,0.00532691,0.25583978
300,-0.23756895,0.10661544,0.26320908
301,-0.23333953,-0.28143232,0.20859816
302,-0.24327997,0.29541665,0.19240832
303,-0.24528082,-0.46524173,0.11917397
304,-0.24632191,-0.05957061,0.27349902
305,-0.25219746,-0.37943394,0.18496386
306,-0.24900904,0.23286148,0.21620635
307,-0.26118857,-0.11564745,0.23731925
308,-0.23944895,-0.24232968,0.20935101
309,-0.27033177,0.46639730,0.07716122
310,-0.27098119,-0.22220492,0.19966849
311,-0.27203588,-0.06875047,0.24484705
312,-0.28210221,-0.50718144,0.04134230
313,-0.26086791,-0.34265298,0.19176785
314,-0.26568516,0.51634559,0.03308956
315,-0.26440711,0.08745531,0.24325794
316,-0.27113601,-0.40706813,0.16281874
317,-0.26075741,0.32629993,0.17369416
318,-0.28417150,-0.02451555,0.23896564
319,-0.28599621,0.02079703,0.23441862
320,-0.26872429,0.26642081,0.20699826
321,-0.27047471,-0.26331511,0.19930487
322,-0.29004068,0.16291399,0.21941210
323,-0.30440143,0.19477142,0.21830120
324,-0.30624937,-0.16574649,0.20180396
325,-0.29263838,-0.36812431,0.16954516
326,-0.30997966,-0.43202772,0.11640037
327,-0.33134612,0.38204257,0.12298383
328,-0.32284172,-0.10013943,0.21473059
329,-0.30258813,0.33075376,0.17074191
330,-0.29701484,-0.32527276,0.18089779
331,-0.33296426,0.09807809,0.20423309
332,-0.33979787,-0.03361347,0.21459238
333,-0.31081077,0.27069586,0.20130343
334,-0.30672243,-0.13026140,0.21151756
335,-0.31327966,0.13005040,0.21409889
336,-0.33676109,-0.40241333,0.11960015
337,-0.32935031,0.16705016,0.21267452
338,-0.33624097,0.20559890,0.21219080
339,-0.34006594,0.03101684,0.20483795
340,-0.36135632,-0.28490353,0.14185250
341,-0.34457059,-0.07353569,0.21614900
342,-0.35777355,0.35810250,0.13888994
343,-0.35571821,0.00328900,0.20787755
344,-0.36138393,-0.11297707,0.20846148
345,-0.36954846,0.30439148,0.16891843
346,-0.35343396,0.46545900,0.02363701
347,-0.36935778,0.10330112,0.18836670
348,-0.37276723,0.25092344,0.19489978
349,-0.37283768,-0.15062797,0.19691653
350,-0.37046612,-0.05424913,0.21139085
351,-0.38714499,0.13875840,0.18779313
352,-0.36920146,0.17609618,0.20066680
353,-0.38062509,-0.17975989,0.18017426
354,-0.39752695,0.01058515,0.19386249
355,-0.38622843,0.38820591,0.09246817
356,-0.39085604,-0.37623587,0.08917498
357,-0.38576260,0.33031007,0.14377791
358,-0.39094300,0.27419135,0.17528982
359,-0.41183464,-0.34921827,0.08115182
360,-0.43311718,0.22102009,0.16085599
361,-0.40504064,0.10871826,0.16859272
362,-0.40408150,0.16821931,0.18359027
363,-0.43922292,-0.05427381,0.18943792
364,-0.42976737,0.41756567,0.00000000
365,-0.40000054,-0.22804492,0.14169176
366,-0.41648820,0.04417602,0.17099690
367,-0.42602931,-0.09016221,0.19692557
368,-0.43553310,0.36880960,0.06211838
369,-0.44417654,-0.37250718,0.03146932
370,-0.44444629,-0.12604103,0.17805441
371,-0.46074290,0.30632793,0.09739640
372,-0.44757192,-0.02269643,0.18110290
373,-0.48195544,0.22881894,0.11235300
374,-0.47233969,-0.18548234,0.13448055
375,-0.46428272,0.19881684,0.13901873
376,-0.45477463,0.15497108,0.14363549
377,-0.47138041,-0.04401432,0.16900449
378,-0.46131249,-0.25938540,0.08710277
379,-0.48349680,-0.10746071,0.15973210
380,-0.50063555,-0.15860107,0.12238137
381,-0.50187206,0.32775772,0.00000000
382,-0.51815328,0.26187816,0.04241251
383,-0.49897134,-0.22856579,0.08170120
384,-0.51322587,-0.27096051,0.03280526
385,-0.50816686,0.21152897,0.08777098
386,-0.53995343,0.01941979,0.09103570
387,-0.54760585,-0.12748033,0.07805440
388,-0.54788084,-0.16323833,0.05887876
389,-0.56469611,0.00253489,0.06461534
390,-0.55109027,0.17914398,0.03419737
391,-0.57817804,-0.05809024,0.04048442
392,-0.57635789,0.05475919,0.03256937
393,-0.58888495,-0.11290137,0.00000000
394,-0.59994477,0.00060879,0.00000000
395,0.33814943,0.46418434,0.06301191
396,0.42169562,0.37190471,0.06690012
397,0.13963048,0.52556858,0.07380155
398,-0.11303745,0.56374861,0.06194632
399,0.23398567,-0.51451789,0.06146773
400,-0.28448229,0.48629508,0.05037641
401,0.25809496,-0.44772709,0.09684681
402,-0.03809313,-0.54791854,0.07606156
403,-0.53446833,0.14672483,0.06143795
404,0.12174105,-0.55722771,0.06550796
405,0.52379817,-0.14191292,0.07324307
406,-0.51195308,0.03635396,0.11291957
407,-0.46808246,-0.22253100,0.11223722
408,-0.47573618,0.32022280,0.06113478
409,0.46620883,-0.33147662,0.06182441
410,-0.38209277,-0.45887926,0.00000000
411,0.36474848,-0.47311336,0.00000000
412,0.44204363,0.40260705,0.00000000
413,0.57521123,-0.16078255,0.00000000
414,0.16177262,0.57491088,0.00000000
415,0.57476550,0.16225195,0.00000000
416,-0.16671224,-0.57341248,0.00000000
417,-0.51834917,-0.29693121,0.00000000
418,-0.02594954,-0.46285248,0.15709614
419,0.54619948,0.06726559,0.09470807
420,-0.26633310,-0.48805914,0.08266047
421,0.43582391,-0.12399693,0.15114867
422,0.38232793,-0.30394970,0.16052381
423,0.49279467,0.04178498,0.15096096
424,0.30719637,0.28381584,0.19331071
425,0.10980688,0.40207819,0.17629701
426,-0.58122359,0.01940271,0.03354255
427,-0.19001199,0.38586378,0.18004692
428,-0.23713905,-0.40784865,0.16996621
429,-0.02094177,0.44157939,0.19305459
430,-0.34931654,0.40251391,0.09608144
431,-0.38809904,-0.34087961,0.10889971
432,0.47136736,0.23003072,0.10498700
433,0.39519298,0.03968749,0.20690781
434,-0.26626270,-0.30331257,0.19785008
435,-0.40466663,-0.05542927,0.20330676
436,-0.06193801,0.39535490,0.21624529
437,-0.23144220,0.14500165,0.25404273
438,0.26962421,0.04519136,0.25415298
439,-0.35812707,-0.33119636,0.13874433
440,0.42714557,0.20484140,0.14979105
441,0.11707174,0.24406089,0.25620590
442,0.25512903,-0.11169293,0.24604223
443,0.08581148,-0.50823878,0.14239767
444,-0.50023301,-0.12635725,0.13642726
445,-0.14430184,-0.38589560,0.18419945
446,0.39968567,0.18616421,0.17334988
447,0.24608117,0.40957956,0.18246423
448,0.45993149,-0.38081059,0.00000000
449,-0.47198784,-0.36611992,0.00000000
450,-0.48209521,0.35380405,0.00000000
451,-0.57878697,-0.14899495,0.00000000
452,-0.17589951,0.57062554,0.00000000
453,0.59327775,0.06830031,0.00000000
454,-0.59646612,0.03592828,0.00000000
455,-0.04460660,-0.59561139,0.00000000
456,-0.27564669,-0.52972597,0.00000000
457,0.52317095,0.28791025,0.00000000
458,0.20651637,0.49110150,0.11681139
459,-0.03052078,-0.51982040,0.10966331
460,0.53873680,-0.21858063,0.03871992
461,-0.49031519,0.19465264,0.11108732
462,0.51516435,0.01115971,0.12626069
463,0.44187404,-0.27238320,0.13578993
464,0.31134156,0.41603525,0.14496093
465,0.12243999,-0.49376361,0.14866672
466,-0.07448536,0.54312006,0.10733450
467,-0.44758611,0.34008675,0.08013102
468,0.48224777,0.00468232,0.15371802
469,-0.52195097,-0.00522729,0.11946988
470,0.38366392,-0.14729084,0.19111357
471,0.40248700,-0.36496679,0.09929687
472,0.52832238,0.17511528,0.08299142
473,0.02014916,0.52129287,0.11907299
474,-0.24985263,0.50335489,0.06424458
475,-0.34176177,0.44663444,0.05156981
476,-0.16776897,-0.49618167,0.10167902
477,-0.33819121,0.24244104,0.20496013
478,-0.55137646,0.07669777,0.05491691
479,0.25000522,0.51419920,0.06334587
480,-0.56282536,-0.09280416,0.06299161
481,-0.46648408,-0.34421143,0.02524194
482,0.48530768,0.27888447,0.05454677
483,0.34612043,-0.13850158,0.20582173
484,-0.14544158,-0.34902676,0.20072516
485,-0.31780869,0.35752651,0.14762165
486,-0.45694197,0.03009753,0.15712521
487,0.06186892,0.45718611,0.14621259
488,-0.17672232,-0.40565630,0.17762219
489,-0.12769585,-0.44408110,0.14187854
490,0.38639035,0.21824311,0.15615239
491,-0.39327520,-0.40662331,0.06255912
492,0.00320892,-0.33674308,0.21253980
493,0.33673507,0.00615636,0.21783543
494,-0.04730822,-0.42375112,0.16711185
495,-0.20640153,0.43519850,0.15010673
496,0.38100917,0.33445223,0.12941459
497,0.45071561,-0.16341232,0.14869422
498,0.54724006,-0.14584622,0.04683113
499,-0.30241507,-0.24308463,0.18365934
500,0.24746555,-0.01897618,0.26627014
501,0.26879504,-0.08277662,0.23925312
502,0.11685450,-0.23115316,0.25439621
503,-0.02855585,-0.26350982,0.24819480
504,-0.36201090,0.47536004,0.00000000
505,-0.59620458,-0.03858358,0.00000000
506,0.52908826,-0.27683973,0.00000000
507,0.27970111,0.52755880,0.00000000
508,0.30030006,-0.51654845,0.00000000
509,-0.29189527,0.52104092,0.00000000
510,-0.52032018,0.29324374,0.00000000
511,-0.32269635,-0.48724269,0.03481630
512,0.58124607,0.08298689,0.02742305
513,0.27739002,0.47085783,0.11296998
514,-0.49990521,-0.02656568,0.14547977
515,0.37010944,0.41257514,0.09438985
516,0.04259615,-0.54492582,0.09885889
517,0.14049950,-0.53425459,0.09467703
518,0.22130269,0.43822612,0.16662016
519,-0.52877193,-0.23395722,0.04199387
520,0.54114571,0.22018971,0.03231446
521,0.05435135,-0.49030369,0.16016243
522,0.50064512,0.20353489,0.09892751
523,-0.22424932,0.45795934,0.12384265
524,0.36855950,-0.37809101,0.10988113
525,-0.30969772,0.40541452,0.10320742
526,-0.43411619,0.18197787,0.16442765
527,-0.30429182,-0.40308749,0.14395040
528,-0.04263976,0.55301909,0.09362480
529,-0.41568843,-0.31625459,0.08801640
530,-0.55464788,-0.05811990,0.08207565
531,0.43771198,0.25333246,0.10703443
532,0.57491180,-0.04365513,0.03916140
533,-0.39234435,0.35644169,0.11759984
534,-0.16869891,0.45272961,0.16418499
535,0.15861283,-0.47715658,0.14870561
536,-0.47364042,-0.14666250,0.15195844
537,-0.28573647,0.30004126,0.19069211
538,-0.44574533,0.05983301,0.14609760
539,0.44709919,-0.06191270,0.14737747
540,-0.30179428,-0.28432465,0.18397456
541,-0.56087853,0.14192341,0.02819488
542,0.31155606,0.13386072,0.21669813
543,-0.15910943,0.39724267,0.19465526
544,0.44787998,0.34074111,0.05266334
545,0.17841762,0.53547618,0.06188753
546,-0.47980932,-0.28373872,0.05608020
547,-0.34202950,-0.18330689,0.18711455
548,0.53335829,-0.18141221,0.06143365
549,-0.40194285,0.23767289,0.17962019
550,0.27772321,-0.30293519,0.18790633
551,0.16926078,-0.37311213,0.18990091
552,-0.40922164,-0.19403391,0.16319316
553,-0.22431955,0.26355044,0.20753465
554,0.45686858,-0.31538683,0.09231414
555,0.19948072,-0.53115412,0.06441861
556,0.37167090,0.37856438,0.12039341
557,0.58538641,-0.00291252,0.02891754
558,-0.34009474,-0.43191164,0.09206859
559,-0.52658052,-0.16239771,0.09189694
560,-0.53887243,0.22332973,0.03462505
561,-0.48395281,0.16236488,0.11793426
562,-0.22497632,0.53507416,0.04189431
563,0.39678049,0.40909684,0.06458815
564,-0.00708118,-0.56856248,0.05826891
565,0.28907198,0.50718842,0.04019255
566,-0.41746926,0.36226459,0.09157847
567,0.27940911,0.49198061,0.07869619
568,-0.49981802,0.29666322,0.04236514
569,0.03942409,0.55931263,0.06777007
570,-0.43845571,-0.20910290,0.13973488
571,-0.57862245,-0.09335944,0.03033606
572,-0.01335058,0.51883286,0.13289437
573,0.15619597,0.45208924,0.15336422
574,0.57018737,0.11180127,0.04349137
575,-0.20826361,-0.53023911,0.05402280
576,0.52711733,0.09589967,0.11592363
577,0.03005877,0.46506920,0.16038767
578,-0.44348488,0.28670149,0.12933277
579,-0.33160365,-0.37063836,0.14457705
580,0.34218023,-0.36260978,0.13547391
581,0.46778966,-0.03144094,0.15022116
582,0.35443864,0.27175430,0.15666017
583,0.52885210,-0.25452727,0.02833624
584,-0.54866109,-0.19784732,0.03536684
585,-0.39430445,0.44885737,0.00000000
586,0.42938369,-0.19726680,0.16677160
587,-0.47022243,-0.00513363,0.16410929
588,-0.27723399,0.35470781,0.15188129
589,0.07878696,-0.53569515,0.11054863
590,-0.25624352,0.44323032,0.10419487
591,0.48148979,-0.16975656,0.12172800
592,0.27287591,0.38171319,0.18929185
593,0.16184308,-0.54562627,0.06488732
594,0.36693307,-0.42839887,0.05691451
595,0.56803836,-0.14282197,0.02082789
596,-0.29854225,0.49998616,0.02419976
597,-0.32804952,0.42664638,0.07745309
598,0.29404661,-0.49514860,0.03138259
599,0.10209484,-0.57540730,0.03626284
600,0.41201856,0.23732341,0.13202441
601,-0.49780362,-0.30278750,0.02649988
602,-0.26903060,0.19878441,0.22020676
603,-0.08250058,0.31935577,0.22484329
604,0.24020554,-0.42261798,0.12398140
605,-0.07507756,-0.55126702,0.05619867
606,0.06630180,-0.38238415,0.21397172
607,-0.35145749,0.27649553,0.19055444
608,0.33094821,0.35260865,0.16767556
609,0.53797645,0.03275285,0.10394004
610,0.20682719,0.56124371,0.00000000
611,-0.44435945,-0.39978519,0.00000000
612,-0.59269834,0.07418330,0.00000000
613,0.08388902,0.59174240,0.00000000
614,0.54562628,0.24589933,0.00000000
615,-0.25798490,-0.02933277,0.26506854
616,0.17335263,0.50979351,0.09530976
617,-0.49591795,-0.06699145,0.15190439
618,0.44855036,-0.00571189,0.17438876
619,-0.17891117,0.18241657,0.26597039
620,-0.10297555,-0.19358890,0.28321981
621,-0.16068261,-0.00958485,0.29511627
622,-0.42284890,0.14368597,0.16655641
623,0.20124077,-0.07596069,0.28215959
624,0.17946687,0.32842200,0.22116810
625,0.14588958,-0.17583430,0.27203818
626,0.43752128,-0.38828293,0.03198636
627,0.37015462,-0.23128545,0.19623816
628,0.44218306,-0.30236644,0.11906167
629,0.07877371,0.54583460,0.06439553
630,-0.15206378,0.56250690,0.04173514
631,-0.13925703,-0.53846434,0.05451505
632,0.49031816,-0.21005477,0.10955085
633,0.55093059,0.10563465,0.08204936
634,0.14401530,-0.56671138,0.03421638
635,-0.07743370,0.56119930,0.07657636
636,0.48966945,-0.32083959,0.03473748
637,-0.56807273,-0.12887772,0.03921071
638,0.22277738,-0.46379427,0.11748056
639,-0.49799220,-0.25543883,0.06245385
640,-0.02697995,0.58415336,0.03582014
641,0.13785127,0.34408907,0.21388893
642,0.02065254,-0.58388945,0.03315794
643,-0.36343070,-0.37134617,0.11875306
644,-0.09438065,-0.23222321,0.26399012
645,-0.58310930,-0.01806034,0.03416317
646,-0.52049287,0.22941149,0.06097364
647,0.40064421,-0.44365448,0.00000000
648,-0.24538737,-0.52983890,0.03253073
649,-0.15048608,0.48613287,0.14790602
650,0.27284657,-0.35703942,0.14889741
651,-0.10634979,0.44078209,0.19527988
652,0.49976571,0.08281035,0.14583805
653,-0.40918234,0.29953000,0.14969422
654,-0.44325837,-0.17009274,0.16117903
655,0.46706210,0.34610697,0.02575548
656,-0.18571537,0.12097757,0.29197227
657,0.14239836,0.55451706,0.03841902
658,-0.50059457,-0.19428351,0.10381957
659,0.55434983,-0.17875649,0.02998111
660,0.47380171,0.15051847,0.14992518
661,-0.08057475,-0.57731340,0.02355157
662,-0.22385698,-0.03100241,0.28468602
663,-0.54640240,-0.02098151,0.09324786
664,0.22333133,-0.53972806,0.03311209
665,0.42695263,0.32787471,0.08011898
666,0.00412981,0.37602212,0.21085172
667,-0.06889194,-0.52237786,0.08650395
668,0.25045741,0.31061597,0.21644644
669,-0.53048170,0.05955648,0.08321939
670,0.49715852,-0.13588646,0.10024993
671,0.09875953,-0.40476468,0.20460364
672,0.30701824,0.38487607,0.16963308
673,0.34919318,-0.32934782,0.15848310
674,-0.40432529,0.41884304,0.03619365
675,-0.43441396,0.00884070,0.17897273
676,0.14710208,-0.11432256,0.30040803
677,-0.38614431,-0.08641517,0.20933773
678,-0.56063014,0.20884998,0.00000000
679,0.24307497,0.54713589,0.00000000
680,-0.51485321,-0.09267510,0.13119536
681,-0.09879398,0.38122703,0.21665580
682,0.32555840,0.25191829,0.17886709
683,0.56828817,-0.00267685,0.05955899
684,-0.02166009,0.20736541,0.29868283
685,0.22240383,-0.39379810,0.14877417
686,-0.41903077,-0.40469412,0.03232550
687,0.29871189,0.16932499,0.20740513
688,-0.23323604,-0.49145927,0.09497365
689,0.00864264,0.49683069,0.14828661
690,-0.14858469,0.33552881,0.21091482
691,-0.49212376,0.01439978,0.13995183
692,-0.08973476,0.41435025,0.20949655
693,0.34138186,0.44132462,0.09326429
694,0.49253758,-0.24984371,0.09172672
695,0.46579624,-0.35553923,0.03084255
696,-0.19052472,0.55432926,0.03112918
697,-0.10949084,0.54480698,0.09844731
698,-0.01606892,-0.58501627,0.02722999
699,-0.52685910,-0.19850788,0.07000715
700,-0.43375432,0.39126862,0.03512625
701,-0.24229816,-0.51106863,0.06470518
702,-0.36629190,-0.40477141,0.09247041
703,0.03944946,0.59611928,0.00000000
704,0.17680912,-0.52018950,0.09490649
705,-0.30093680,-0.47998627,0.06838996
706,0.10625102,-0.54473775,0.09331792
707,-0.38997878,-0.43415356,0.03293505
708,-0.27653851,-0.43624068,0.13434179
709,-0.00593410,0.56569043,0.07121696
710,0.40188413,0.35188670,0.10047103
711,0.52474701,0.21403823,0.06354419
712,-0.32795135,0.30435503,0.18399610
713,0.27740262,-0.47005559,0.06611453
714,0.26155577,-0.52063162,0.02893945
715,0.13411110,0.49799635,0.10294742
716,-0.53043706,0.19197460,0.06187205
717,-0.38825799,-0.30202011,0.11659068
718,-0.23537719,0.00664144,0.27093143
719,-0.47293243,0.26776316,0.10655911
720,0.18400004,0.43216250,0.17490209
721,0.01194368,-0.52409468,0.11962676
722,-0.50412254,0.13370289,0.09205311
723,-0.01115974,-0.40941569,0.19109073
724,0.56218070,-0.20373854,0.00000000
725,-0.56714153,-0.18738475,0.00000000
726,0.35187578,0.48367769,0.00000000
727,-0.54189104,0.25288740,0.00000000
728,0.12668239,-0.58555543,0.00000000
729,0.59307426,-0.07036635,0.00000000
730,-0.00782913,0.47201729,0.17251679
731,-0.51099930,0.17144993,0.08840296
732,-0.03106957,0.49954589,0.15555361
733,-0.41876226,-0.37567547,0.05974032
734,-0.06110994,-0.45709484,0.14026517
735,-0.01967196,0.24509061,0.27997327
736,-0.20409235,-0.50806775,0.08511640
737,-0.20754795,-0.18558761,0.24148518
738,-0.37219299,0.41873787,0.06698616
739,0.58106606,0.03892058,0.03747258
740,0.21882749,0.53804185,0.04221522
741,-0.17611202,0.52153280,0.09777865
742,-0.00990281,0.13611093,0.30275761
743,0.07480975,0.48899781,0.11551478
744,0.31066131,-0.41125677,0.09630718
745,-0.09341336,0.52361084,0.13037805
746,0.24436527,0.49359162,0.10037336
747,0.46911511,0.36962032,0.00000000
748,0.38283698,0.13354633,0.20172762
749,0.55055474,0.14407164,0.06544287
750,-0.14606714,0.54388783,0.08170386
751,-0.31491608,-0.45492398,0.08984483
752,0.51305517,-0.25329151,0.05852208
753,-0.56651773,-0.03121043,0.06334890
754,-0.35136525,0.13588126,0.20364982
755,-0.40875876,0.39400851,0.06454929
756,0.31232522,0.44529012,0.11953753
757,-0.42546588,0.26198010,0.15738948
758,0.25354994,0.43690660,0.15923538
759,-0.42986022,-0.24447761,0.11629939
760,0.34247037,0.41395410,0.12098095
761,-0.29296449,0.38099316,0.12831010
762,-0.14597768,0.43176377,0.18614236
763,-0.40336988,0.20077702,0.18388592
764,-0.06629764,-0.49136628,0.11347481
765,0.40480291,0.31030608,0.10773966
766,0.46975081,0.19316673,0.13399220
767,0.03201065,-0.15751530,0.29793166
768,-0.35795018,-0.46155955,0.03296573
769,0.01632218,0.58139931,0.03793481
770,0.16574302,0.36408006,0.21089364
771,-0.20670883,-0.54926694,0.02326713
772,0.02773090,-0.39765998,0.20488668
773,0.39279213,0.43443930,0.03419760
774,-0.42451686,0.32665276,0.11750104
775,-0.52446882,-0.12637256,0.11047291
776,-0.24140369,-0.43571437,0.14920202
777,-0.32406564,-0.34133291,0.16157672
778,0.56184721,0.20483784,0.00000000
779,0.20816483,-0.56083798,0.00000000
780,0.08397210,-0.59173423,0.00000000
781,-0.55592757,-0.22435221,0.00000000
782,-0.31076312,-0.51095587,0.00000000
783,-0.47207029,0.12511534,0.12070309
784,0.26199249,0.34687761,0.20612306
785,-0.07330350,0.57950919,0.03870398
786,-0.13059904,-0.47849864,0.11290350
787,0.21021700,0.40498033,0.19097016
788,0.54712084,-0.03755817,0.07684943
789,-0.23764725,0.48129714,0.09462200
790,0.21215333,0.30053930,0.22462088
791,-0.54102636,-0.09051864,0.09956114
792,0.21254450,-0.50171749,0.09334793
793,-0.55887156,0.03972323,0.06205622
794,0.18733278,-0.49016851,0.12095157
795,0.19053133,-0.20798105,0.24019588
796,0.19133495,0.07965364,0.29274443
797,0.56019869,0.03451264,0.07435834
798,0.14839274,0.06224502,0.29862856
799,0.34941682,-0.20235612,0.20677797
800,-0.29624883,0.23206424,0.21384131
801,-0.13596790,0.58273870,0.00000000
802,0.38044097,-0.26716006,0.18112281
803,0.51908416,-0.03085581,0.10911715
804,0.43850001,-0.23631567,0.15337905
805,-0.44018128,-0.33809925,0.05729280
806,0.37934855,-0.04354763,0.19161957
807,-0.45490255,0.24418637,0.13570013
808,0.18450093,-0.55447304,0.03386426
809,0.03383556,-0.56571671,0.06623523
810,0.30778060,-0.20572619,0.21659032
811,0.52871992,0.13590733,0.10163374
812,-0.28466091,-0.46150281,0.10397736
813,0.39145421,-0.19176425,0.18998124
814,0.46808121,-0.27895536,0.10557010
815,-0.36433109,0.37829192,0.11423038
816,0.00795684,-0.26158379,0.25883095
817,0.07639423,0.23815990,0.26742079
818,0.40474010,-0.41607581,0.03843708
819,0.38623139,0.45548278,0.00000000
820,-0.41514957,-0.43175024,0.00000000
821,0.48766616,-0.34701583,0.00000000
822,0.24448305,-0.54638326,0.00000000
823,-0.04987665,0.59509230,0.00000000
824,0.23750919,-0.08015126,0.26235258
825,-0.18454064,0.54029176,0.06302309
826,-0.17147286,0.36193931,0.19695940
827,0.16828249,-0.44043122,0.16822436
828,-0.48942412,0.28395632,0.07265347
829,-0.33504817,-0.46021449,0.06276385
830,-0.49975706,0.24936818,0.08104909
831,0.32759396,0.48750259,0.03398646
832,-0.17343971,-0.54821579,0.03891749
833,-0.21519810,0.17719620,0.24664831
834,-0.33695147,-0.14262093,0.20554450
835,-0.07049648,0.50027047,0.15660473
836,0.03162112,0.34466247,0.21093116
837,0.01121136,0.21683938,0.28393736
838,0.10432528,0.36457896,0.19675433
839,-0.25217047,0.54227424,0.00000000
840,-0.34819371,-0.48669949,0.00000000
841,0.35751657,0.19735715,0.17924753
842,-0.01970583,0.27471005,0.25139029
843,-0.11238757,0.57697286,0.03115870
844,-0.20665980,-0.10586435,0.26883696
845,0.05652698,-0.45787737,0.18301652
846,-0.41163725,-0.15677295,0.18213109
847,-0.37579909,0.03890959,0.19033758
848,-0.01039701,-0.44129493,0.17712923
849,0.30893864,0.48558202,0.06074305
850,-0.20429573,0.49331016,0.11130423
851,-0.36982941,-0.20961900,0.16442703
852,-0.05354491,0.23044672,0.28893351
853,0.51039135,-0.31181920,0.00000000
854,0.41350432,-0.30597719,0.13945851
855,-0.37097252,0.21733617,0.19858980
856,0.41814322,-0.38278801,0.06488557
857,0.33329990,-0.38924769,0.11293420
858,-0.56278675,-0.16463648,0.02849960
859,0.23677305,-0.14378139,0.24852760
860,0.37196230,0.16431404,0.19408961
861,-0.17113082,0.08558185,0.29761197
862,0.42113629,0.01556425,0.19281182
863,0.36214599,0.46068360,0.03453079
864,0.35390556,0.31662520,0.15725325
865,0.01386582,0.44335576,0.18132387
866,-0.20383494,-0.48184061,0.11477311
867,0.45899318,0.03018674,0.17457859
868,-0.01228512,0.54147781,0.10711960
869,-0.20582474,0.35694129,0.17635517
870,0.19881156,0.36830483,0.20947648
871,0.42042399,0.40485724,0.03516914
872,0.37187541,0.10220568,0.21148811
873,0.04303190,-0.59576648,0.00000000
874,0.48743158,-0.29149168,0.06953821
875,0.18566866,-0.11094459,0.29146870
876,-0.17069035,0.49992415,0.12432231
877,0.01860611,0.28346986,0.23988999
878,-0.15373537,0.05118210,0.29279051
879,-0.14532838,-0.41781616,0.16511972
880,0.20237282,-0.36443226,0.17133047
881,-0.37433180,0.43987539,0.03828471
882,-0.34473026,0.33254752,0.16189865
883,0.31199052,-0.34853259,0.15359994
884,0.18567634,0.01450400,0.30160357
885,-0.17133476,-0.52322845,0.07113696
886,-0.46216481,-0.08322002,0.17784704
887,-0.40229048,-0.12142675,0.19691449
888,-0.33186467,-0.30514112,0.16380070
889,0.40456585,0.07841768,0.20653902
890,0.51639299,-0.06779621,0.09334623
891,-0.45712209,0.38423386,0.00000000
892,-0.08969717,0.59117037,0.00000000
893,-0.59264344,-0.07474077,0.00000000
894,0.19166403,0.20859622,0.24304147
895,0.28205325,-0.02149294,0.24050209
896,-0.20453438,-0.56193924,0.00000000
897,-0.24229410,-0.09235276,0.26335746
898,-0.22019821,-0.35575557,0.19762427
899,-0.33267926,-0.26367286,0.16427981
900,0.12735086,0.46799694,0.13004791
901,0.50245064,0.12398581,0.13415174
902,0.07735237,-0.56046506,0.07247529
903,-0.38066355,-0.02353166,0.20612962
904,-0.18714167,-0.21580862,0.23684911
905,0.16072313,-0.20295265,0.25424244
906,0.02457806,-0.50104002,0.14615381
907,-0.36515909,-0.43430469,0.06298698
908,-0.47845328,0.05160292,0.13064031
909,0.26483721,0.24888096,0.21282041
910,-0.21939161,0.39260291,0.15691940
911,-0.52667072,-0.05135553,0.11927916
912,0.04703437,0.42329397,0.17363001
913,0.46764409,-0.12990359,0.12644015
914,0.34438006,-0.46095035,0.03225795
915,-0.25429416,0.12631882,0.24049187
916,-0.44011141,0.11627253,0.14525521
917,0.43552210,-0.34921933,0.08298042
918,-0.08774026,0.47162233,0.18098297
919,0.31056657,0.46830181,0.09019564
920,-0.41708123,-0.02177917,0.19463134
921,0.59738815,-0.02656682,0.00000000
922,0.32834482,-0.43597442,0.06671734
923,0.16753040,-0.57316428,0.00000000
924,-0.46181141,0.35513937,0.04015951
925,-0.08339666,-0.59179091,0.00000000
926,-0.14110644,-0.56353009,0.02437515
927,-0.53842467,-0.25937259,0.00000000
928,0.04664476,-0.25393959,0.26757635
929,0.56809799,0.14275738,0.03083789
930,-0.49854485,0.07326391,0.10263250
931,-0.48990883,0.32671021,0.02696003
932,0.06161067,0.57444354,0.03649896
933,0.03711168,-0.27973258,0.24053936
934,0.25515645,0.52779795,0.03214912
935,0.25246798,-0.32918072,0.17067114
936,-0.00870486,-0.28579796,0.23525004
937,-0.57146867,0.08969393,0.02664328
938,-0.57406944,0.16454650,0.00000000
939,0.49979690,0.29373068,0.02765459
940,0.27274251,-0.53127831,0.00000000
941,0.58847582,-0.11705511,0.00000000
942,0.58847582,-0.11705511,0.00000000
943,0.56322896,-0.11288636,0.02635324
944,0.56322896,-0.11288636,0.02635324
945,0.51234609,-0.10341142,0.07501521
946,0.51234609,-0.10341142,0.07501521
947,0.53926277,-0.10845562,0.04946584
948,0.53926277,-0.10845562,0.04946584
949,0.49888572,0.33334476,0.00000000
950,0.49888572,0.33334476,0.00000000
951,0.47158200,0.31512281,0.03387354
952,0.47158200,0.31512281,0.03387354
953,0.45139414,-0.09188716,0.12557302
954,0.45139414,-0.09188716,0.12557302
955,0.48209921,-0.09768614,0.10059649
956,0.48209921,-0.09768614,0.10059649
957,0.44916999,0.29990831,0.05959119
958,0.44916999,0.29990831,0.05959119
959,0.42646837,0.28449175,0.08446784
960,0.42646837,0.28449175,0.08446784
961,0.41805664,-0.08562508,0.15009546
962,0.41805664,-0.08562508,0.15009546
963,0.37553370,0.24989195,0.13410352
964,0.37553370,0.24989195,0.13410352
965,0.40166181,0.26763627,0.10960796
966,0.40166181,0.26763627,0.10960796
967,0.34930420,-0.07263953,0.19365320
968,0.34930420,-0.07263953,0.19365320
969,0.38373014,-0.07914122,0.17267308
970,0.38373014,-0.07914122,0.17267308
971,0.34684095,0.23041433,0.15914837
972,0.34684095,0.23041433,0.15914837
973,0.33334476,-0.49888572,0.00000000
974,0.33334476,-0.49888572,0.00000000
975,0.30910447,-0.06507857,0.21548191
976,0.30910447,-0.06507857,0.21548191
977,0.30910447,-0.06507857,0.21548191
978,0.30910447,-0.06507857,0.21548191
979,0.31281817,0.20733176,0.18487439
980,0.31281817,0.20733176,0.18487439
981,0.29212159,0.06503782,0.22500455
982,0.29212159,0.06503782,0.22500455
983,0.28920069,-0.43587607,0.07355588
984,0.28920069,-0.43587607,0.07355588
985,0.30953640,-0.46558926,0.04047088
986,0.30953640,-0.46558926,0.04047088
987,0.28280562,0.10431235,0.22402436
988,0.28280562,0.10431235,0.22402436
989,0.26787859,-0.13830665,0.22097942
990,0.26787859,-0.13830665,0.22097942
991,0.28722978,-0.10546511,0.21927273
992,0.28722978,-0.10546511,0.21927273
993,0.27199954,0.14090239,0.22141024
994,0.27199954,0.14090239,0.22141024
995,0.26185542,0.17278443,0.21854991
996,0.26185542,0.17278443,0.21854991
997,0.26185542,0.17278443,0.21854991
998,0.26185542,0.17278443,0.21854991
999,0.28769961,0.19030121,0.20196329
1000,0.28769961,0.19030121,0.20196329
1001,0.25638902,-0.05524255,0.24583898
1002,0.25638902,-0.05524255,0.24583898
1003,0.24719223,-0.17133203,0.22160828
1004,0.24719223,-0.17133203,0.22160828
1005,0.23386067,-0.35480043,0.14939366
1006,0.23386067,-0.35480043,0.14939366
1007,0.20938723,0.13732691,0.25295132
1008,0.20938723,0.13732691,0.25295132
1009,0.23772183,0.15646650,0.23515160
1010,0.23772183,0.15646650,0.23515160
1011,0.23072481,0.19764674,0.22293524
1012,0.23072481,0.19764674,0.22293524
1013,0.20279977,0.21900170,0.22587331
1014,0.20279977,0.21900170,0.22587331
1015,0.17946132,-0.04093135,0.27369395
1016,0.17946132,-0.04093135,0.27369395
1017,0.21726750,-0.04798113,0.26212621
1018,0.21726750,-0.04798113,0.26212621
1019,0.19466677,-0.29738322,0.19165827
1020,0.19466677,-0.29738322,0.19165827
1021,0.21426953,-0.32609633,0.17133759
1022,0.21426953,-0.32609633,0.17133759
1023,0.17859456,0.11657529,0.26796058
1024,0.17859456,0.11657529,0.26796058
1025,0.17415600,-0.26735654,0.21100891
1026,0.17415600,-0.26735654,0.21100891
1027,0.17415600,-0.26735654,0.21100891
1028,0.17415600,-0.26735654,0.21100891
1029,0.13844995,-0.03331121,0.28234830
1030,0.13844995,-0.03331121,0.28234830
1031,0.11705511,0.58847582,0.00000000
1032,0.11705511,0.58847582,0.00000000
1033,0.10889823,-0.17224340,0.26555544
1034,0.10889823,-0.17224340,0.26555544
1035,0.11483874,-0.28332332,0.21654756
1036,0.11483874,-0.28332332,0.21654756
1037,0.11223466,0.27901456,0.22507951
1038,0.11223466,0.27901456,0.22507951
1039,0.11122047,0.56099516,0.02946597
1040,0.11122047,0.56099516,0.02946597
1041,0.10612373,0.53627408,0.05344394
1042,0.10612373,0.53627408,0.05344394
1043,0.10028554,0.50793988,0.08029734
1044,0.10028554,0.50793988,0.08029734
1045,0.08888341,0.45249325,0.12689592
1046,0.08888341,0.45249325,0.12689592
1047,0.09457993,0.48018870,0.10406030
1048,0.09457993,0.48018870,0.10406030
1049,0.08944770,-0.14397828,0.27484345
1050,0.08944770,-0.14397828,0.27484345
1051,0.07652583,0.04796923,0.28911063
1052,0.07652583,0.04796923,0.28911063
1053,0.08214827,0.41978380,0.15112376
1054,0.08214827,0.41978380,0.15112376
1055,0.06769414,0.34941980,0.19609252
1056,0.06769414,0.34941980,0.19609252
1057,0.07509685,0.38547015,0.17400806
1058,0.07509685,0.38547015,0.17400806
1059,0.05924906,0.30829886,0.21831481
1060,0.05924906,0.30829886,0.21831481
1061,0.05924906,0.30829886,0.21831481
1062,0.05924906,0.30829886,0.21831481
1063,0.08479892,0.29417783,0.22157677
1064,0.08479892,0.29417783,0.22157677
1065,0.09432865,-0.02520372,0.28723413
1066,0.09432865,-0.02520372,0.28723413
1067,0.05369503,-0.01778476,0.28883323
1068,0.05369503,-0.01778476,0.28883323
1069,0.03396152,0.18503265,0.27501392
1070,0.03396152,0.18503265,0.27501392
1071,0.01818895,0.10809048,0.28794089
1072,0.01818895,0.10809048,0.28794089
1073,0.02603714,0.14631972,0.28384486
1074,0.02603714,0.14631972,0.28384486
1075,0.01127403,0.07444169,0.28939939
1076,0.01127403,0.07444169,0.28939939
1077,-0.01560295,0.29919043,0.22441114
1078,-0.01560295,0.29919043,0.22441114
1079,0.01905397,0.30384290,0.22209346
1080,0.01905397,0.30384290,0.22209346
1081,-0.02541005,-0.30985597,0.21249540
1082,-0.02541005,-0.30985597,0.21249540
1083,0.03738611,0.02170912,0.28996867
1084,0.03738611,0.02170912,0.28996867
1085,-0.00539751,-0.00689718,0.28887069
1086,0.00399475,0.03899893,0.28984153
1087,0.00399475,0.03899893,0.28984153
1088,-0.00539751,-0.00689718,0.28887069
1089,-0.00539751,-0.00689718,0.28887069
1090,-0.00539751,-0.00689718,0.28887069
1091,-0.00539751,-0.00689718,0.28887069
1092,-0.00539751,-0.00689718,0.28887069
1093,-0.00539751,-0.00689718,0.28887069
1094,-0.00539751,-0.00689718,0.28887069
1095,0.02587868,-0.01266507,0.28897578
1096,0.02587868,-0.01266507,0.28897578
1097,-0.02351216,-0.09999827,0.28330162
1098,-0.02351216,-0.09999827,0.28330162
1099,-0.01542005,-0.05804632,0.28669527
1100,-0.01542005,-0.05804632,0.28669527
1101,-0.07977096,-0.05618788,0.28387296
1102,-0.07977096,-0.05618788,0.28387296
1103,-0.04727518,-0.03466696,0.28682449
1104,-0.04727518,-0.03466696,0.28682449
1105,-0.06504017,-0.31508327,0.20779173
1106,-0.05853635,-0.28122762,0.22743459
1107,-0.05853635,-0.28122762,0.22743459
1108,-0.09650546,0.01251042,0.28510022
1109,-0.09650546,0.01251042,0.28510022
1110,-0.05633154,0.00391440,0.28763634
1111,-0.05633154,0.00391440,0.28763634
1112,-0.07427936,0.09918582,0.28452879
1113,-0.07427936,0.09918582,0.28452879
1114,-0.06504017,-0.31508327,0.20779173
1115,-0.06504017,-0.31508327,0.20779173
1116,-0.06504017,-0.31508327,0.20779173
1117,-0.08586590,-0.42444792,0.14213422
1118,-0.08586590,-0.42444792,0.14213422
1119,-0.09688760,0.13400617,0.27853915
1120,-0.09688760,0.13400617,0.27853915
1121,-0.11180378,-0.07740760,0.27914011
1122,-0.11180378,-0.07740760,0.27914011
1123,-0.10463807,-0.52348787,0.06311897
1124,-0.10463807,-0.52348787,0.06311897
1125,-0.11071783,-0.55556482,0.03321328
1126,-0.11071783,-0.55556482,0.03321328
1127,-0.11705511,-0.58847582,0.00000000
1128,-0.11705511,-0.58847582,0.00000000
1129,-0.13541389,0.27360669,0.22051904
1130,-0.13541389,0.27360669,0.22051904
1131,-0.14164908,-0.09718620,0.27284104
1132,-0.14164908,-0.09718620,0.27284104
1133,-0.17206669,0.02859430,0.27366787
1134,-0.17206669,0.02859430,0.27366787
1135,-0.13505171,0.02073493,0.28052920
1136,-0.13505171,0.02073493,0.28052920
1137,-0.17938893,0.26086593,0.21494071
1138,-0.17938893,0.26086593,0.21494071
1139,-0.17938893,0.26086593,0.21494071
1140,-0.17938893,0.26086593,0.21494071
1141,-0.20606209,-0.13979143,0.24663757
1142,-0.20606209,-0.13979143,0.24663757
1143,-0.17384247,-0.11853852,0.26203120
1144,-0.17384247,-0.11853852,0.26203120
1145,-0.20018071,0.29287609,0.19462915
1146,-0.20018071,0.29287609,0.19462915
1147,-0.21105097,0.03680719,0.26286608
1148,-0.21105097,0.03680719,0.26286608
1149,-0.22720678,0.19970039,0.22037382
1150,-0.22720678,0.19970039,0.22037382
1151,-0.20308162,0.23130098,0.21810444
1152,-0.20308162,0.23130098,0.21810444
1153,-0.21178795,-0.22383581,0.21377303
1154,-0.21178795,-0.22383581,0.21377303
1155,-0.23797490,-0.16081470,0.22778681
1156,-0.23797490,-0.16081470,0.22778681
1157,-0.23752075,0.35035113,0.15266126
1158,-0.23752075,0.35035113,0.15266126
1159,-0.21907087,0.32195038,0.17416961
1160,-0.21907087,0.32195038,0.17416961
1161,-0.25261679,0.16396831,0.22120583
1162,-0.25261679,0.16396831,0.22120583
1163,-0.25467902,0.37682933,0.12985034
1164,-0.25467902,0.37682933,0.12985034
1165,-0.28249323,0.05182253,0.22936705
1166,-0.28249323,0.05182253,0.22936705
1167,-0.24984126,0.04496212,0.24640957
1168,-0.24984126,0.04496212,0.24640957
1169,-0.26772919,-0.18041420,0.20732893
1170,-0.26772919,-0.18041420,0.20732893
1171,-0.26772919,-0.18041420,0.20732893
1172,-0.26772919,-0.18041420,0.20732893
1173,-0.23969364,-0.20249549,0.21087562
1174,-0.23969364,-0.20249549,0.21087562
1175,-0.28953433,-0.09901408,0.21536714
1176,-0.28953433,-0.09901408,0.21536714
1177,-0.27847791,-0.14256364,0.21172932
1178,-0.27847791,-0.14256364,0.21172932
1179,-0.27139866,0.40260822,0.10597790
1180,-0.27139866,0.40260822,0.10597790
1181,-0.28748956,0.42739570,0.08139905
1182,-0.28748956,0.42739570,0.08139905
1183,-0.29888567,-0.05512273,0.21699084
1184,-0.29888567,-0.05512273,0.21699084
1185,-0.30780816,-0.00187812,0.21572518
1186,-0.30780816,-0.00187812,0.21572518
1187,-0.31480426,0.05860887,0.21043049
1188,-0.30139762,-0.20269953,0.18564856
1189,-0.30139762,-0.20269953,0.18564856
1190,-0.31480426,0.05860887,0.21043049
1191,-0.31480426,0.05860887,0.21043049
1192,-0.31480426,0.05860887,0.21043049
1193,-0.33334476,0.49888572,0.00000000
1194,-0.33334476,0.49888572,0.00000000
1195,-0.31668523,0.47246897,0.03198845
1196,-0.31668523,0.47246897,0.03198845
1197,-0.30221054,0.45011234,0.05698010
1198,-0.30221054,0.45011234,0.05698010
1199,-0.38593897,0.07362247,0.16956212
1200,-0.38593897,0.07362247,0.16956212
1201,-0.35135713,0.06632444,0.19043817
1202,-0.35135713,0.06632444,0.19043817
1203,-0.38819063,-0.26017752,0.11751010
1204,-0.38819063,-0.26017752,0.11751010
1205,-0.42016077,0.08085062,0.14718984
1206,-0.42016077,0.08085062,0.14718984
1207,-0.41517809,-0.27804640,0.09166843
1208,-0.41517809,-0.27804640,0.09166843
1209,-0.44186240,-0.29571265,0.06500182
1210,-0.44186240,-0.29571265,0.06500182
1211,-0.49888572,-0.33334476,0.00000000
1212,-0.49888572,-0.33334476,0.00000000
1213,-0.46920216,-0.31380126,0.03500068
1214,-0.46920216,-0.31380126,0.03500068
1215,-0.51767302,0.10150043,0.06955557
1216,-0.51767302,0.10150043,0.06955557
1217,-0.58847582,0.11705511,0.00000000
1218,-0.58847582,0.11705511,0.00000000
1219,0.05017767,0.26411894,0.24413139
1220,0.05017767,0.26411894,0.24413139
1221,0.04183414,0.22345904,0.26233873
1222,0.04183414,0.22345904,0.26233873
1223,-0.16290924,0.23549636,0.23225233
1224,-0.16290924,0.23549636,0.23225233
1225,0.15129252,-0.23395772,0.23404068
1226,0.15129252,-0.23395772,0.23404068
1227,0.12936091,-0.20200637,0.25207701
1228,0.12936091,-0.20200637,0.25207701
1229,0.14723188,0.09547733,0.27801105
1230,0.14723188,0.09547733,0.27801105
1231,0.11310738,0.07253937,0.28532237
1232,0.11310738,0.07253937,0.28532237
1233,-0.12095267,0.17093843,0.26726121
1234,-0.12095267,0.17093843,0.26726121
1235,-0.14310533,0.20501624,0.25086018
1236,-0.14310533,0.20501624,0.25086018
1237,-0.05089436,-0.24160089,0.24717057
1238,-0.05089436,-0.24160089,0.24717057
1239,-0.04469470,-0.20956315,0.26051766
1240,-0.04469470,-0.20956315,0.26051766
1241,-0.05390479,0.06775816,0.28754905
1242,-0.05390479,0.06775816,0.28754905
1243,-0.03261882,0.03491528,0.28892836
1244,-0.03261882,0.03491528,0.28892836
1245,0.06880937,-0.11406496,0.28095227
1246,0.06880937,-0.11406496,0.28095227
1247,0.04724394,-0.08285870,0.28523302
1248,0.04724394,-0.08285870,0.28523302
1249,0.02305381,-0.04791768,0.28775337
1250,0.02305381,-0.04791768,0.28775337
1251,0.25285009,-0.38259935,0.12522694
1252,0.25285009,-0.38259935,0.12522694
1253,0.27058932,-0.40859038,0.10072485
1254,0.27058932,-0.40859038,0.10072485
1255,-0.45698717,0.08866553,0.12010714
1256,-0.45698717,0.08866553,0.12010714
1257,-0.48760098,0.09514164,0.09504683
1258,-0.48760098,0.09514164,0.09504683
1259,-0.07211883,-0.35219949,0.18762544
1260,-0.07211883,-0.35219949,0.18762544
1261,-0.07911734,-0.38894081,0.16551030
1262,-0.07911734,-0.38894081,0.16551030
1263,-0.29601455,0.09263597,0.21514452
1264,-0.29601455,0.09263597,0.21514452
1265,-0.27643245,0.12616682,0.21877407
1266,-0.27643245,0.12616682,0.21877407
1267,-0.09242262,-0.45908681,0.11691491
1268,-0.09242262,-0.45908681,0.11691491
1269,-0.09864695,-0.49190375,0.09012882
1270,-0.09864695,-0.49190375,0.09012882
1271,-0.18329881,-0.24391161,0.21503596
1272,-0.18329881,-0.24391161,0.21503596
1273,0.29999116,0.02056522,0.22349592
1274,0.29999116,0.02056522,0.22349592
1275,0.30519721,-0.01871463,0.22064812
1276,0.30519721,-0.01871463,0.22064812
1277,0.22402528,-0.20385766,0.21939029
1278,0.22402528,-0.20385766,0.21939029
1279,0.19939350,-0.23620650,0.21579577
1280,0.19939350,-0.23620650,0.21579577
1281,-0.05742440,0.29209468,0.22548915
1282,-0.05742440,0.29209468,0.22548915
1283,-0.09594586,0.28353983,0.22373997
1284,-0.09594586,0.28353983,0.22373997
1285,-0.11069092,-0.28986064,0.21278314
1286,-0.11069092,-0.28986064,0.21278314
1287,-0.15438260,-0.26307651,0.21503316
1288,-0.15438260,-0.26307651,0.21503316
1289,0.01978297,-0.30282918,0.21620500
1290,0.01978297,-0.30282918,0.21620500
1291,0.06679513,-0.29400417,0.21768798
1292,0.06679513,-0.29400417,0.21768798
1293,-0.33077210,-0.22215468,0.16451284
1294,-0.33077210,-0.22215468,0.16451284
1295,-0.36006826,-0.24155881,0.14167948
1296,-0.36006826,-0.24155881,0.14167948
1297,0.14311634,0.25964552,0.22665344
1298,0.14311634,0.25964552,0.22665344
1299,0.17420749,0.23927803,0.22721149
1300,0.17420749,0.23927803,0.22721149
1301,-0.54703337,0.10774694,0.04181641
1302,-0.54703337,0.10774694,0.04181641
1303,-0.56785458,0.11227905,0.02159024
1304,-0.56785458,0.11227905,0.02159024
1305,-0.03843864,-0.17732275,0.26976067
1306,-0.03843864,-0.17732275,0.26976067
1307,-0.03155136,-0.14169581,0.27741703
1308,-0.03155136,-0.14169581,0.27741703
