face,S11,S22,S12,von_mises,principal_1,principal_2,T_wale_Nm,T_course_Nm
0,1227.3095,475.9613,-165.9477,1109.6359,1262.3296,440.9413,1227.3095,475.9613
1,1419.5329,166.8974,8.1190,1343.9530,1419.5855,166.8448,1419.5329,166.8974
2,1328.8543,457.9058,-80.5556,1177.5012,1336.2424,450.5178,1328.8543,457.9058
3,1819.7367,368.2926,18.6912,1666.7134,1819.9774,368.0519,1819.7367,368.2926
4,726.6285,507.9589,11.4252,645.9918,727.2239,507.3636,726.6285,507.9589
5,1412.2131,517.5555,-94.6160,1248.2658,1422.1099,507.6587,1412.2131,517.5555
6,1248.9411,702.6140,-131.7179,1108.1722,1279.0397,672.5154,1248.9411,702.6140
7,1415.0789,460.9941,-203.4698,1298.7766,1456.6591,419.4139,1415.0789,460.9941
8,774.1224,914.3885,53.5317,857.9744,932.4841,756.0268,774.1224,914.3885
9,948.1944,715.8600,164.6760,902.2795,1033.5539,630.5005,948.1944,715.8600
10,1164.2704,1092.6879,-132.1892,1153.1393,1265.4281,991.5302,1164.2704,1092.6879
11,1235.4716,1763.2969,341.7173,1675.5342,1931.1488,1067.6197,1235.4716,1763.2969
12,1161.7530,977.6552,41.6374,1083.9220,1170.7322,968.6760,1161.7530,977.6552
13,1203.9867,875.5831,40.5402,1080.2638,1208.9172,870.6526,1203.9867,875.5831
14,1292.6135,1110.4378,245.5283,1284.2925,1463.4057,939.6456,1292.6135,1110.4378
15,1206.0083,660.2902,158.0073,1081.2135,1248.4560,617.8425,1206.0083,660.2902
16,424.5847,1615.1196,-476.8106,1668.8839,1782.5393,257.1650,424.5847,1615.1196
17,1350.4616,629.8129,130.3216,1191.9831,1373.3048,606.9697,1350.4616,629.8129
18,1385.2638,682.1114,-42.8382,1202.0120,1387.8640,679.5112,1385.2638,682.1114
19,405.9852,1956.1033,-324.5929,1874.3257,2021.3282,340.7603,405.9852,1956.1033
20,2020.8584,619.5742,-8.3037,1793.2864,2020.9076,619.5250,2020.8584,619.5742
21,295.0629,2117.5948,-145.1909,2002.4204,2129.0889,283.5689,295.0629,2117.5948
22,324.3780,2041.6008,49.2321,1902.2029,2043.0111,322.9677,324.3780,2041.6008
23,1053.0897,449.3307,176.6336,965.0433,1100.9681,401.4522,1053.0897,449.3307
24,1275.1634,642.4885,256.6274,1190.4320,1366.1674,551.4846,1275.1634,642.4885
25,1296.4649,558.6607,271.3119,1220.4383,1385.4918,469.6339,1296.4649,558.6607
26,1538.9475,406.9793,296.4150,1473.5187,1611.8686,334.0582,1538.9475,406.9793
27,1949.5551,1208.8436,717.7643,2109.7197,2386.8806,771.5181,1949.5551,1208.8436
28,1315.4659,714.8451,113.6796,1157.5270,1336.2620,694.0490,1315.4659,714.8451
29,1230.1949,662.7714,94.5784,1078.9544,1245.5441,647.4222,1230.1949,662.7714
30,1085.4163,1013.0501,-15.9757,1051.4674,1088.7862,1009.6802,1085.4163,1013.0501
31,1173.9268,746.5481,111.4144,1047.0362,1201.2277,719.2472,1173.9268,746.5481
32,1195.0856,825.3860,-36.7396,1061.6657,1198.7013,821.7702,1195.0856,825.3860
33,1212.8134,947.4753,149.2028,1134.1514,1279.8004,880.4882,1212.8134,947.4753
34,560.5869,453.2756,3.4592,515.4144,560.6983,453.1642,560.5869,453.2756
35,1239.9020,695.7364,-125.1355,1098.0610,1267.2987,668.3398,1239.9020,695.7364
36,1180.8038,752.7135,-42.0323,1037.9636,1184.8918,748.6255,1180.8038,752.7135
37,784.0213,321.5052,-260.4399,818.2144,901.0580,204.4686,784.0213,321.5052
38,431.3204,1613.2996,323.9152,1551.6724,1696.2460,348.3740,431.3204,1613.2996
39,1281.5296,561.3340,-153.2103,1143.8829,1312.7678,530.0959,1281.5296,561.3340
40,1971.6298,637.4618,151.8635,1762.3934,1988.6975,620.3941,1971.6298,637.4618
41,325.4126,1989.7087,150.9387,1867.0043,2003.2869,311.8344,325.4126,1989.7087
42,1393.7252,444.0557,-63.4199,1238.0752,1397.9418,439.8392,1393.7252,444.0557
43,1167.3618,456.9583,-155.3227,1053.7952,1199.8370,424.4831,1167.3618,456.9583
44,1113.6274,374.3088,103.5208,997.7886,1127.8490,360.0872,1113.6274,374.3088
45,1126.1217,573.5257,-194.0421,1031.5906,1187.4521,512.1953,1126.1217,573.5257
46,1136.6305,747.5909,-327.8319,1150.4381,1323.3085,560.9130,1136.6305,747.5909
47,1180.1418,519.0408,-201.0677,1082.0725,1236.4916,462.6910,1180.1418,519.0408
48,1195.2546,576.3734,-59.1873,1040.4020,1200.8642,570.7638,1195.2546,576.3734
49,1175.9165,572.5084,-112.9176,1037.0991,1196.3549,552.0700,1175.9165,572.5084
50,1201.9961,555.0989,8.0306,1042.0634,1202.0958,554.9993,1201.9961,555.0989
51,1096.0669,745.2687,-215.5985,1038.9282,1198.6022,642.7333,1096.0669,745.2687
52,1145.3979,745.5391,-213.3773,1072.5743,1237.8751,653.0619,1145.3979,745.5391
53,1166.5395,775.5199,-255.2212,1119.3679,1292.5292,649.5302,1166.5395,775.5199
54,1163.8669,822.7257,-260.3393,1130.1549,1304.5371,682.0555,1163.8669,822.7257
55,1183.2471,750.5979,-252.7310,1125.5874,1299.5925,634.2526,1183.2471,750.5979
56,1143.3358,711.9358,-265.6506,1100.8171,1269.8298,585.4418,1143.3358,711.9358
57,1153.9691,697.7901,-172.2726,1049.9338,1211.7164,640.0428,1153.9691,697.7901
58,1213.6592,723.1869,-95.5246,1070.3460,1231.6069,705.2392,1213.6592,723.1869
59,1239.5407,662.0400,-93.2216,1086.3716,1254.2158,647.3649,1239.5407,662.0400
60,1259.4499,630.7982,-70.1242,1097.4579,1267.1771,623.0710,1259.4499,630.7982
61,1139.4501,649.4660,-62.3779,995.8873,1147.2665,641.6496,1139.4501,649.4660
62,1228.3804,616.4832,-110.7879,1080.9791,1247.8216,597.0421,1228.3804,616.4832
63,1207.5107,578.6594,-81.0768,1055.4202,1217.7956,568.3745,1207.5107,578.6594
64,1262.5614,463.7666,-127.0113,1127.8309,1282.2704,444.0576,1262.5614,463.7666
65,1233.0548,758.5252,-190.1312,1126.4684,1299.8368,691.7432,1233.0548,758.5252
66,1161.0526,787.9317,-201.0312,1084.1080,1248.7518,700.2325,1161.0526,787.9317
67,1137.0680,792.3571,-271.9814,1114.3209,1286.7068,642.7184,1137.0680,792.3571
68,1122.7602,810.3925,-172.1867,1047.0888,1199.0450,734.1078,1122.7602,810.3925
69,1137.9731,772.9782,-135.4558,1033.3898,1182.7499,728.2014,1137.9731,772.9782
70,1140.5028,790.2659,-108.0737,1029.0802,1171.1667,759.6020,1140.5028,790.2659
71,1172.7133,810.5742,-46.5708,1043.1790,1178.6064,804.6812,1172.7133,810.5742
72,1169.6856,878.2968,-165.8858,1093.0658,1244.7738,803.2086,1169.6856,878.2968
73,1172.2980,821.5584,-145.8333,1072.3486,1225.0113,768.8451,1172.2980,821.5584
74,1172.7364,809.9909,-72.8396,1047.5719,1186.8161,795.9111,1172.7364,809.9909
75,1129.7959,791.6774,-38.6640,1006.5996,1134.1608,787.3125,1129.7959,791.6774
76,1196.9062,809.8270,-69.6964,1064.7488,1209.0731,797.6601,1196.9062,809.8270
77,1163.4087,845.7746,-47.9499,1044.8782,1170.4893,838.6939,1163.4087,845.7746
78,1184.4890,789.1113,-58.7912,1049.4696,1193.0459,780.5545,1184.4890,789.1113
79,1396.0693,731.4010,-125.7613,1228.9500,1419.0687,708.4016,1396.0693,731.4010
80,1217.6174,780.5661,-230.9814,1140.8339,1317.0633,681.1203,1217.6174,780.5661
81,1199.7595,808.2450,-214.9793,1123.2237,1294.7547,713.2498,1199.7595,808.2450
82,1216.9585,808.3225,-179.5897,1116.8866,1284.6668,740.6143,1216.9585,808.3225
83,1168.6169,812.4547,-134.0802,1063.1238,1213.4492,767.6224,1168.6169,812.4547
84,1152.8366,781.1857,-170.4416,1061.0631,1219.1647,714.8576,1152.8366,781.1857
85,1185.7911,817.9845,-131.8019,1075.8046,1228.1446,775.6310,1185.7911,817.9845
86,1150.6711,825.0997,-118.0099,1047.4703,1188.9464,786.8244,1150.6711,825.0997
87,1156.9423,856.4651,37.4795,1041.8163,1161.5466,851.8607,1156.9423,856.4651
88,1117.8233,791.1973,-106.4909,1012.4842,1149.4755,759.5450,1117.8233,791.1973
89,1126.3368,812.0658,-120.2502,1028.0108,1167.0691,771.3334,1126.3368,812.0658
90,1202.7705,834.0377,47.8726,1070.5116,1208.8844,827.9238,1202.7705,834.0377
91,1194.4595,884.9369,28.3694,1074.8209,1197.0382,882.3582,1194.4595,884.9369
92,1132.2647,766.9636,-123.2842,1023.4489,1169.9780,729.2503,1132.2647,766.9636
93,1166.7304,904.0669,13.5206,1060.3504,1167.4246,903.3727,1166.7304,904.0669
94,1198.7941,923.9211,46.7571,1090.7360,1206.5300,916.1852,1198.7941,923.9211
95,1194.0065,786.1434,-1.9214,1051.2011,1194.0155,786.1343,1194.0065,786.1434
96,1179.8805,889.0942,2.4875,1064.7066,1179.9018,889.0729,1179.8805,889.0942
97,1314.2381,717.3552,-59.8269,1144.4573,1320.1756,711.4177,1314.2381,717.3552
98,1323.5586,767.7078,-79.4215,1159.3100,1334.6839,756.5825,1323.5586,767.7078
99,1268.2597,699.1914,31.0097,1101.5806,1269.9445,697.5066,1268.2597,699.1914
100,1224.4937,754.9539,-107.6768,1086.1339,1248.0089,731.4387,1224.4937,754.9539
101,1215.0477,740.4536,-106.9347,1076.6759,1238.0292,717.4721,1215.0477,740.4536
102,1184.9421,760.9589,-96.9198,1053.3918,1206.0468,739.8542,1184.9421,760.9589
103,1265.4578,812.4224,33.3447,1112.0535,1267.8989,809.9813,1265.4578,812.4224
104,1236.2281,798.4319,50.9620,1089.2662,1242.0821,792.5779,1236.2281,798.4319
105,1260.5668,744.6994,95.0388,1109.9367,1277.5188,727.7473,1260.5668,744.6994
106,1226.1091,824.3722,58.0565,1087.3244,1234.3308,816.1505,1226.1091,824.3722
107,1215.6001,808.6490,60.2657,1076.8003,1224.3373,799.9118,1215.6001,808.6490
108,1175.2940,827.1484,82.8004,1055.4220,1193.9834,808.4591,1175.2940,827.1484
109,1344.2606,645.5102,-57.1669,1168.6703,1348.9067,640.8641,1344.2606,645.5102
110,1387.1623,673.0553,-12.2810,1201.6814,1387.3735,672.8441,1387.1623,673.0553
111,1383.1511,755.5867,53.4443,1203.1195,1387.6700,751.0678,1383.1511,755.5867
112,1460.0190,741.6629,42.4753,1266.6056,1462.5218,739.1601,1460.0190,741.6629
113,1384.9344,722.0013,18.5187,1200.1807,1385.4513,721.4844,1384.9344,722.0013
114,1296.7633,703.9091,55.6391,1128.5242,1301.9398,698.7326,1296.7633,703.9091
115,1396.3613,727.9640,63.1756,1214.5901,1402.2801,722.0451,1396.3613,727.9640
116,1278.6369,752.2817,54.4894,1117.0730,1284.2185,746.7000,1278.6369,752.2817
117,1329.8500,728.6978,42.4385,1155.7880,1332.8312,725.7166,1329.8500,728.6978
118,1256.4162,720.0292,90.1391,1103.0605,1271.1587,705.2866,1256.4162,720.0292
119,413.7876,2013.1348,-64.4349,1844.8245,2015.7266,411.1959,413.7876,2013.1348
120,1328.6958,693.1270,86.6799,1160.7941,1340.3053,681.5175,1328.6958,693.1270
121,1293.6708,655.1226,161.2729,1154.6790,1332.0906,616.7028,1293.6708,655.1226
122,489.8916,2360.8182,-249.5204,2200.8391,2393.5243,457.1855,489.8916,2360.8182
123,1312.1588,652.3843,156.5630,1168.2766,1347.4257,617.1174,1312.1588,652.3843
124,1566.3948,648.9432,-45.7227,1365.4634,1568.6678,646.6701,1566.3948,648.9432
125,1558.5467,708.5187,20.5022,1352.0607,1559.0409,708.0245,1558.5467,708.5187
126,1820.1154,808.4323,162.5787,1604.4433,1845.6001,782.9477,1820.1154,808.4323
127,1675.1730,660.7026,36.2164,1462.8315,1676.4642,659.4113,1675.1730,660.7026
128,528.8264,2147.7374,165.0826,1959.1860,2164.3996,512.1641,528.8264,2147.7374
129,442.1319,2097.4748,71.8601,1919.1176,2100.5885,439.0182,442.1319,2097.4748
130,483.7884,2167.5459,141.6874,1985.9252,2179.3856,471.9488,483.7884,2167.5459
131,1556.3292,658.7828,45.8157,1355.4223,1558.6618,656.4502,1556.3292,658.7828
132,427.6572,2015.6095,45.1253,1841.1114,2016.8908,426.3759,427.6572,2015.6095
133,431.7112,2033.6877,81.5012,1861.2420,2037.8234,427.5755,431.7112,2033.6877
134,385.0787,2016.5405,-16.0368,1854.4449,2016.6981,384.9211,385.0787,2016.5405
135,362.3127,2066.4880,70.6934,1915.1817,2069.4155,359.3852,362.3127,2066.4880
136,331.3533,2060.6127,70.2460,1920.3990,2063.4615,328.5045,331.3533,2060.6127
137,330.4698,2030.9251,9.6112,1887.5871,2030.9795,330.4154,330.4698,2030.9251
138,302.1760,1520.8268,-120.3017,1409.9945,1532.5891,290.4137,302.1760,1520.8268
139,1470.1759,733.5047,3.8173,1273.2278,1470.1957,733.4850,1470.1759,733.5047
140,1799.0531,779.7418,25.5561,1563.2504,1799.6934,779.1014,1799.0531,779.7418
141,496.7581,2279.4819,24.8645,2076.6102,2279.8287,496.4114,496.7581,2279.4819
142,1985.7776,1083.8435,1.4281,1722.1392,1985.7799,1083.8412,1985.7776,1083.8435
143,1375.2451,711.9572,-38.0448,1193.0670,1377.4202,709.7822,1375.2451,711.9572
144,525.3117,2153.3106,-46.5748,1946.2907,2154.6420,523.9804,525.3117,2153.3106
145,462.0865,2037.6347,91.4352,1857.1475,2042.9233,456.7979,462.0865,2037.6347
146,1145.8230,671.8105,6.2413,997.2866,1145.9052,671.7283,1145.8230,671.8105
147,503.1496,2062.1899,47.0767,1864.0937,2063.6101,501.7294,503.1496,2062.1899
148,386.7076,2105.0072,62.4297,1943.7767,2107.2724,384.4424,386.7076,2105.0072
149,457.4829,2072.9422,60.9729,1889.2320,2075.2403,455.1849,457.4829,2072.9422
150,358.7952,2111.0624,63.3904,1959.5750,2113.3526,356.5049,358.7952,2111.0624
151,1002.1889,354.1421,-206.5354,950.1855,1062.4155,293.9156,1002.1889,354.1421
152,310.0165,2123.7386,109.6735,1996.0127,2130.3464,303.4088,310.0165,2123.7386
153,352.8881,2106.5059,75.8137,1958.5146,2109.7774,349.6165,352.8881,2106.5059
154,1173.0013,516.8690,181.3866,1065.5988,1219.8064,470.0638,1173.0013,516.8690
155,1160.4580,662.2728,210.0784,1071.9734,1237.2182,585.5126,1160.4580,662.2728
156,1158.5755,595.8378,125.7451,1026.8556,1185.3953,569.0180,1158.5755,595.8378
157,1122.3466,572.9065,175.4763,1018.4596,1173.6067,521.6464,1122.3466,572.9065
158,1186.9208,722.1360,187.0118,1085.3863,1252.8229,656.2339,1186.9208,722.1360
159,1178.7936,596.0899,57.6964,1025.7666,1184.4515,590.4321,1178.7936,596.0899
160,1207.7663,580.2342,-12.9261,1046.4632,1208.0325,579.9680,1207.7663,580.2342
161,1156.1606,559.5756,63.5324,1007.4632,1162.8514,552.8849,1156.1606,559.5756
162,1183.6262,561.5020,-2.2432,1025.5058,1183.6343,561.4939,1183.6262,561.5020
163,1008.2847,178.1817,-69.8389,939.8730,1014.1195,172.3470,1008.2847,178.1817
164,1137.5031,717.4036,197.2255,1053.1980,1215.5832,639.3236,1137.5031,717.4036
165,1011.4715,571.0442,141.8229,912.0923,1053.1888,529.3269,1011.4715,571.0442
166,1183.7890,734.3566,157.3043,1070.3021,1233.3755,684.7700,1183.7890,734.3566
167,1218.0224,731.9397,82.2974,1071.5008,1231.5780,718.3842,1218.0224,731.9397
168,1152.1537,757.7729,140.3566,1042.9319,1197.0047,712.9219,1152.1537,757.7729
169,1168.3364,597.9308,163.9631,1050.9988,1212.1085,554.1587,1168.3364,597.9308
170,1237.8374,707.6823,97.2256,1088.7693,1255.1053,690.4144,1237.8374,707.6823
171,1141.5746,761.6114,94.8091,1020.1836,1163.9177,739.2683,1141.5746,761.6114
172,1188.5757,740.9207,149.4355,1071.4608,1233.8759,695.6204,1188.5757,740.9207
173,1263.4809,625.3708,100.6352,1108.0212,1278.9757,609.8760,1263.4809,625.3708
174,1155.9563,706.1416,66.5096,1015.8113,1165.5843,696.5135,1155.9563,706.1416
175,1264.3935,670.6148,86.4382,1105.8520,1276.7206,658.2876,1264.3935,670.6148
176,1160.2894,642.7677,291.3057,1126.1449,1291.1645,511.8926,1160.2894,642.7677
177,1184.0896,804.3659,84.0530,1057.2730,1201.8631,786.5924,1184.0896,804.3659
178,1219.4302,727.0141,219.3718,1128.4451,1302.9832,643.4610,1219.4302,727.0141
179,1125.6052,736.5377,212.8425,1056.5652,1219.4208,642.7221,1125.6052,736.5377
180,1191.8031,742.4653,123.9098,1064.3486,1223.7073,710.5611,1191.8031,742.4653
181,1192.4750,751.5789,137.8377,1071.2731,1232.0204,712.0336,1192.4750,751.5789
182,1180.3491,780.5792,161.2855,1076.6666,1237.3045,723.6238,1180.3491,780.5792
183,1154.5213,669.3893,138.3038,1032.2602,1191.1796,632.7310,1154.5213,669.3893
184,1167.7045,744.7927,82.2766,1033.8571,1183.1474,729.3499,1167.7045,744.7927
185,1163.3369,753.8566,91.7576,1034.3702,1182.9580,734.2354,1163.3369,753.8566
186,1146.5363,770.4196,118.2076,1032.8102,1180.6017,736.3542,1146.5363,770.4196
187,1141.4395,776.7226,33.0445,1011.3734,1144.4093,773.7529,1141.4395,776.7226
188,1130.2160,656.4655,77.4230,992.1543,1142.5478,644.1336,1130.2160,656.4655
189,1154.8279,823.5939,29.6201,1031.2407,1157.4558,820.9660,1154.8279,823.5939
190,1168.6461,774.1932,50.1286,1033.3874,1174.9170,767.9223,1168.6461,774.1932
191,1202.7594,830.5744,46.9409,1069.6323,1208.5884,824.7453,1202.7594,830.5744
192,1147.9798,804.3117,-10.0985,1020.6602,1148.2763,804.0152,1147.9798,804.3117
193,1307.5341,726.2267,163.4105,1169.4415,1350.3209,683.4399,1307.5341,726.2267
194,1333.5850,787.8539,47.7725,1164.1904,1337.7354,783.7036,1333.5850,787.8539
195,1288.0236,740.1438,202.7206,1173.3635,1354.8750,673.2925,1288.0236,740.1438
196,1185.8374,792.6376,118.7584,1066.2346,1218.9223,759.5528,1185.8374,792.6376
197,1141.1657,733.0458,55.7789,1006.1921,1148.6519,725.5596,1141.1657,733.0458
198,1168.1321,752.1584,81.1565,1035.0911,1183.4050,736.8856,1168.1321,752.1584
199,1157.7781,787.3736,46.4594,1027.2676,1163.5165,781.6351,1157.7781,787.3736
200,1176.6974,913.0962,-28.2332,1070.6610,1179.6875,910.1061,1176.6974,913.0962
201,1220.1485,754.9973,-75.7114,1074.6027,1232.1616,742.9842,1220.1485,754.9973
202,1188.2781,827.8256,-47.5390,1058.4861,1194.4424,821.6613,1188.2781,827.8256
203,1180.7316,869.7984,-35.1000,1061.7786,1184.6446,865.8854,1180.7316,869.7984
204,1322.0541,725.6654,106.6100,1161.5272,1340.5387,707.1808,1322.0541,725.6654
205,1290.7551,764.9117,46.2708,1127.0527,1294.7955,760.8712,1290.7551,764.9117
206,1304.6600,741.6443,55.1152,1137.4065,1310.0047,736.2996,1304.6600,741.6443
207,1325.9672,764.1357,75.7798,1160.2160,1336.0089,754.0940,1325.9672,764.1357
208,1233.8267,777.4107,69.6665,1087.2285,1244.2236,767.0137,1233.8267,777.4107
209,1273.3527,744.7170,8.3033,1108.1290,1273.4831,744.5866,1273.3527,744.7170
210,1218.0612,818.4952,-0.0484,1075.4675,1218.0612,818.4952,1218.0612,818.4952
211,1261.0696,799.2912,-9.6705,1105.2066,1261.2721,799.0887,1261.0696,799.2912
212,1227.7133,797.6895,-8.9349,1079.1172,1227.8989,797.5039,1227.7133,797.6895
213,1213.1750,820.4989,-58.4326,1076.9616,1221.6856,811.9882,1213.1750,820.4989
214,1275.1939,810.0566,-70.2166,1124.3323,1285.5626,799.6880,1275.1939,810.0566
215,1320.6280,702.1251,-68.3588,1150.5697,1328.0931,694.6600,1320.6280,702.1251
216,1203.8412,790.7909,-69.4947,1066.3422,1215.2201,779.4120,1203.8412,790.7909
217,1185.0654,758.1042,-111.0388,1057.2076,1212.2165,730.9532,1185.0654,758.1042
218,1317.3558,713.7765,-117.1454,1160.0753,1339.2945,691.8378,1317.3558,713.7765
219,1321.4524,703.7712,38.7095,1147.1815,1323.8688,701.3547,1321.4524,703.7712
220,1354.6482,693.2650,30.4747,1174.4548,1356.0495,691.8638,1354.6482,693.2650
221,1345.7007,755.7060,-18.0923,1168.7728,1346.2550,755.1517,1345.7007,755.7060
222,1351.6741,728.2675,-5.9632,1171.8032,1351.7311,728.2105,1351.6741,728.2675
223,1269.8585,752.8941,-32.7238,1107.4898,1271.9217,750.8309,1269.8585,752.8941
224,1312.0949,692.6700,-26.4089,1137.8173,1313.2188,691.5461,1312.0949,692.6700
225,1374.3896,585.9855,-123.9623,1213.6941,1393.4210,566.9541,1374.3896,585.9855
226,1344.6558,634.4006,-50.9540,1168.4613,1348.2927,630.7638,1344.6558,634.4006
227,1341.6559,605.1360,-5.8707,1163.8081,1341.7027,605.0893,1341.6559,605.1360
228,1361.3921,751.3416,-10.8447,1181.2641,1361.5848,751.1488,1361.3921,751.3416
229,1310.0264,594.2961,-59.3526,1140.7811,1314.9149,589.4076,1310.0264,594.2961
230,1339.1436,655.1971,-29.2769,1160.9295,1340.3945,653.9462,1339.1436,655.1971
231,1312.4413,657.9350,-157.4698,1168.8755,1348.3567,622.0197,1312.4413,657.9350
232,1328.4675,604.1422,-112.7318,1168.4844,1345.6072,587.0025,1328.4675,604.1422
233,1257.8029,450.0531,1.8032,1103.8784,1257.8069,450.0490,1257.8029,450.0531
234,1838.0862,573.3999,326.4493,1724.2672,1917.3799,494.1062,1838.0862,573.3999
235,1259.0922,583.2416,205.7649,1148.1056,1316.8090,525.5247,1259.0922,583.2416
236,1285.7611,594.5416,-147.3916,1143.4141,1315.8778,564.4249,1285.7611,594.5416
237,1212.6854,455.3309,-97.0381,1074.2477,1224.9210,443.0953,1212.6854,455.3309
238,1244.7743,579.1202,-33.1395,1080.3999,1246.4201,577.4744,1244.7743,579.1202
239,1212.6771,836.1016,-107.7956,1091.1416,1241.3506,807.4281,1212.6771,836.1016
240,1176.4014,833.5528,67.5875,1054.4392,1189.2442,820.7100,1176.4014,833.5528
241,1271.3121,518.0101,107.7097,1122.8627,1286.4102,502.9120,1271.3121,518.0101
242,1178.8851,730.8890,-151.3557,1063.5132,1225.2270,684.5471,1178.8851,730.8890
243,1188.9515,876.9590,88.6037,1078.6811,1212.3583,853.5522,1188.9515,876.9590
244,313.7825,2080.9178,35.9571,1944.1197,2081.6491,313.0512,313.7825,2080.9178
245,368.2101,1654.4132,-373.1797,1637.4613,1754.8456,267.7778,368.2101,1654.4132
246,1170.3953,822.5998,35.2672,1042.8135,1173.9355,819.0597,1170.3953,822.5998
247,1195.3332,844.2777,-81.8542,1073.5611,1213.4807,826.1302,1195.3332,844.2777
248,1242.5197,828.9971,-69.1791,1102.4534,1253.7859,817.7309,1242.5197,828.9971
249,372.1862,1916.0519,68.8383,1763.7646,1919.1152,369.1229,372.1862,1916.0519
250,1165.9607,780.3341,-53.2904,1032.9890,1173.1894,773.1053,1165.9607,780.3341
251,1136.4904,794.3544,-121.0012,1031.3860,1174.9589,755.8859,1136.4904,794.3544
252,1146.7518,817.5476,31.7465,1024.1695,1149.7853,814.5141,1146.7518,817.5476
253,1182.0576,583.4213,-90.9346,1035.7656,1195.5660,569.9129,1182.0576,583.4213
254,1189.7103,781.0631,85.1707,1057.3521,1206.7510,764.0224,1189.7103,781.0631
255,1257.8308,802.0543,-38.9127,1105.0445,1261.1291,798.7559,1257.8308,802.0543
256,1268.5112,784.8543,-38.1789,1110.8075,1271.5064,781.8590,1268.5112,784.8543
257,1148.5403,816.8664,99.9063,1038.3426,1176.3090,789.0977,1148.5403,816.8664
258,1134.6792,822.6718,-188.8507,1066.6822,1223.6280,733.7230,1134.6792,822.6718
259,1175.5958,576.7133,60.9033,1023.6062,1181.7266,570.5825,1175.5958,576.7133
260,1126.6338,484.9299,-158.0794,1016.4101,1163.4619,448.1017,1126.6338,484.9299
261,1205.5052,742.6801,26.3635,1054.3229,1207.0021,741.1832,1205.5052,742.6801
262,1250.5059,790.3187,-11.8832,1095.6706,1250.8125,790.0120,1250.5059,790.3187
263,1518.8767,716.0580,9.5332,1316.2045,1518.9899,715.9448,1518.8767,716.0580
264,1175.5641,786.0107,141.6548,1065.8124,1221.6277,739.9471,1175.5641,786.0107
265,1200.5197,464.8875,168.2142,1088.1863,1237.1597,428.2475,1200.5197,464.8875
266,1289.2791,672.7829,7.2746,1116.9742,1289.3649,672.6971,1289.2791,672.7829
267,1271.9143,760.0936,-164.4653,1144.5003,1320.2061,711.8018,1271.9143,760.0936
268,462.4838,2223.7788,34.4727,2033.2700,2224.4533,461.8094,462.4838,2223.7788
269,1173.5164,786.9630,-180.1509,1081.8043,1244.4559,716.0235,1173.5164,786.9630
270,1257.9104,756.7925,136.8289,1122.1687,1292.8369,721.8660,1257.9104,756.7925
271,1250.7918,776.8933,80.7334,1102.6628,1264.1680,763.5171,1250.7918,776.8933
272,1806.4978,593.8824,-71.1856,1599.5267,1810.6624,589.7178,1806.4978,593.8824
273,1585.0229,729.1138,15.9857,1374.4123,1585.3214,728.8153,1585.0229,729.1138
274,1367.4401,675.6712,29.6788,1185.3804,1368.7111,674.4002,1367.4401,675.6712
275,1402.4149,756.3657,-3.8980,1215.7976,1402.4385,756.3422,1402.4149,756.3657
276,1241.9239,753.3139,-28.0055,1084.7356,1243.5239,751.7140,1241.9239,753.3139
277,1246.2413,592.8089,150.7421,1110.8224,1279.3399,559.7104,1246.2413,592.8089
278,431.1702,2086.1113,62.8174,1910.5332,2088.4922,428.7893,431.1702,2086.1113
279,1292.5133,692.0364,-35.5279,1121.9739,1294.6080,689.9417,1292.5133,692.0364
280,1309.7488,660.0537,-39.6024,1136.3596,1312.1538,657.6486,1309.7488,660.0537
281,1327.0515,692.1873,72.7917,1156.5105,1335.2907,683.9481,1327.0515,692.1873
282,1144.4848,557.0470,216.5968,1059.8856,1215.7111,485.8208,1144.4848,557.0470
283,345.7464,1725.5457,291.8375,1660.1069,1784.7326,286.5595,345.7464,1725.5457
284,1246.1585,701.9563,11.2683,1082.2596,1246.3917,701.7231,1246.1585,701.9563
285,1372.3311,720.8220,-153.4517,1218.3238,1406.6647,686.4884,1372.3311,720.8220
286,1330.9072,488.0070,37.8662,1168.0215,1332.6049,486.3093,1330.9072,488.0070
287,1564.1515,268.7801,55.7587,1451.8013,1566.5472,266.3844,1564.1515,268.7801
288,1277.6441,504.0940,138.4312,1140.1413,1301.6709,480.0672,1277.6441,504.0940
289,1600.5268,217.9718,-46.6117,1505.6049,1602.0965,216.4021,1600.5268,217.9718
290,1278.5638,508.3467,-158.2635,1148.1855,1309.8155,477.0949,1278.5638,508.3467
291,1154.9872,824.9150,24.8484,1031.2935,1156.8473,823.0549,1154.9872,824.9150
292,1168.6612,755.9830,-252.9654,1116.1388,1288.7686,635.8755,1168.6612,755.9830
293,1161.1962,934.6287,-96.2345,1079.0752,1196.5539,899.2710,1161.1962,934.6287
294,1091.1421,794.0619,-1.7667,977.0877,1091.1527,794.0514,1091.1421,794.0619
295,1219.4033,798.3871,-73.9939,1080.3869,1232.0291,785.7613,1219.4033,798.3871
296,1223.7354,717.6088,116.0234,1083.8412,1249.0647,692.2795,1223.7354,717.6088
297,1238.6301,728.4043,177.0063,1120.9583,1294.0229,673.0114,1238.6301,728.4043
298,1367.4824,754.1323,-77.4415,1193.9232,1377.1091,744.5056,1367.4824,754.1323
299,1257.4582,793.9353,-203.5663,1156.5084,1334.1649,717.2286,1257.4582,793.9353
300,1213.2532,825.6788,69.5174,1080.0321,1225.3450,813.5871,1213.2532,825.6788
301,1189.5085,822.8432,59.4246,1060.1020,1198.8988,813.4528,1189.5085,822.8432
302,1287.6433,645.4761,149.4766,1144.7932,1320.7319,612.3875,1287.6433,645.4761
303,1245.2893,787.1024,125.0934,1112.2277,1277.2172,755.1744,1245.2893,787.1024
304,323.6477,2052.9633,69.3059,1915.5623,2055.7364,320.8746,323.6477,2052.9633
305,306.6214,2059.7958,56.2282,1927.3512,2061.5973,304.8199,306.6214,2059.7958
306,1118.7335,504.1662,105.2444,987.3954,1136.2569,486.6428,1118.7335,504.1662
307,1393.0032,625.0272,-2.4408,1208.4990,1393.0109,625.0194,1393.0032,625.0272
308,390.4668,1450.6374,309.8242,1406.5420,1534.5402,306.5640,390.4668,1450.6374
309,1296.1427,496.0684,150.8492,1162.4805,1323.6394,468.5717,1296.1427,496.0684
310,1103.8294,470.9373,104.9894,976.4503,1120.7913,453.9754,1103.8294,470.9373
311,1204.8779,714.8260,-105.8980,1065.3977,1226.7829,692.9211,1204.8779,714.8260
312,1384.3755,767.2714,61.1009,1205.9060,1390.3671,761.2799,1384.3755,767.2714
313,1195.4499,838.1938,-58.7500,1067.7103,1204.8632,828.7805,1195.4499,838.1938
314,1163.7285,830.7341,-39.4829,1040.3417,1168.3459,826.1167,1163.7285,830.7341
315,1188.0098,702.5447,45.8065,1037.5938,1192.2941,698.2604,1188.0098,702.5447
316,1148.4293,663.2223,123.3778,1021.1542,1177.9995,633.6521,1148.4293,663.2223
317,489.6983,2020.8040,75.1233,1830.5189,2024.4810,486.0212,489.6983,2020.8040
318,1162.5776,804.8184,64.5046,1037.3707,1173.8525,793.5435,1162.5776,804.8184
319,1134.8487,801.4248,58.9964,1015.4354,1144.9797,791.2938,1134.8487,801.4248
320,1178.0680,529.9607,-69.5087,1029.0127,1185.4389,522.5898,1178.0680,529.9607
321,1197.0146,861.9853,19.8708,1070.1580,1198.1890,860.8108,1197.0146,861.9853
322,1155.7962,783.9108,-96.5064,1035.5097,1179.3485,760.3585,1155.7962,783.9108
323,1731.5463,660.6484,167.2349,1540.9958,1757.0546,635.1401,1731.5463,660.6484
324,497.8157,2102.2415,-6.1688,1902.8466,2102.2653,497.7919,497.8157,2102.2415
325,384.4477,2053.6065,52.9781,1893.1496,2055.2863,382.7679,384.4477,2053.6065
326,1170.5990,484.7652,194.2298,1072.8511,1221.7852,433.5791,1170.5990,484.7652
327,1268.9005,779.3629,45.1611,1111.1703,1273.0318,775.2315,1268.9005,779.3629
328,1428.8942,401.8391,231.2424,1337.7021,1478.5572,352.1761,1428.8942,401.8391
329,1404.8485,361.6246,41.1882,1265.4775,1406.4722,360.0009,1404.8485,361.6246
330,1203.8606,557.6388,-66.9416,1049.9360,1210.7222,550.7772,1203.8606,557.6388
331,1179.6841,699.1068,-80.4278,1036.8634,1192.7870,686.0040,1179.6841,699.1068
332,1117.6426,826.4118,-156.0992,1039.9756,1185.5004,758.5540,1117.6426,826.4118
333,1150.4608,496.7090,-225.6756,1073.1375,1220.7968,426.3729,1150.4608,496.7090
334,1176.7339,824.1572,-219.6015,1113.0132,1282.0523,718.8388,1176.7339,824.1572
335,1168.5812,744.9073,-191.1596,1076.8520,1242.0807,671.4078,1168.5812,744.9073
336,1147.4804,718.2735,123.2066,1026.6270,1180.3330,685.4209,1147.4804,718.2735
337,1187.1043,798.0886,-169.9416,1088.7553,1250.8859,734.3070,1187.1043,798.0886
338,1218.3866,767.0239,-134.0719,1091.8726,1255.2073,730.2032,1218.3866,767.0239
339,1170.9741,590.9908,-162.8308,1052.5955,1213.5618,548.4031,1170.9741,590.9908
340,1140.3229,835.7260,-143.3636,1052.3479,1197.1845,778.8643,1140.3229,835.7260
341,1172.6863,806.5274,-52.6380,1043.1626,1180.1032,799.1105,1172.6863,806.5274
342,1301.9181,743.7785,-212.3969,1189.6201,1373.5511,672.1456,1301.9181,743.7785
343,1228.8014,755.2933,-145.4860,1102.6395,1269.9298,714.1649,1228.8014,755.2933
344,1176.1032,653.0067,211.9537,1084.6227,1251.2030,577.9069,1176.1032,653.0067
345,1267.1707,801.8832,-20.6942,1110.8106,1268.0893,800.9646,1267.1707,801.8832
346,509.4898,2308.0117,121.4760,2110.6536,2316.1793,501.3222,509.4898,2308.0117
347,384.9458,1994.1851,2.0182,1832.2981,1994.1876,384.9432,384.9458,1994.1851
348,1513.1594,504.1319,-114.4348,1349.1681,1525.9748,491.3165,1513.1594,504.1319
349,1355.3838,715.3359,37.0542,1176.1526,1357.5218,713.1978,1355.3838,715.3359
350,1308.8997,777.0628,91.0326,1151.0033,1324.0498,761.9126,1308.8997,777.0628
351,1300.1494,714.7372,20.4016,1128.3711,1300.8595,714.0271,1300.1494,714.7372
352,1305.0965,748.3025,-30.4089,1135.5178,1306.7523,746.6467,1305.0965,748.3025
353,1299.0213,754.1136,-36.1141,1131.5682,1301.4043,751.7305,1299.0213,754.1136
354,1147.6627,532.0969,150.8757,1028.5327,1182.6535,497.1062,1147.6627,532.0969
355,1797.1978,733.3268,-14.0658,1565.3589,1797.3838,733.1409,1797.1978,733.3268
356,1607.3495,711.8402,3.3216,1395.0434,1607.3618,711.8278,1607.3495,711.8402
357,1435.7309,726.3010,-73.1312,1249.8432,1443.1911,718.8408,1435.7309,726.3010
358,1336.1723,507.1579,131.1744,1190.1829,1356.4328,486.8974,1336.1723,507.1579
359,1261.1064,576.8306,11.8462,1093.6631,1261.3114,576.6256,1261.1064,576.8306
360,1136.3115,715.1025,224.1600,1068.0540,1233.2814,618.1327,1136.3115,715.1025
361,1304.5908,656.3790,-33.5145,1131.3064,1306.3190,654.6508,1304.5908,656.3790
362,1340.9535,704.9685,65.3322,1167.3096,1347.5955,698.3265,1340.9535,704.9685
363,1154.6839,709.3914,182.2760,1056.9209,1219.7804,644.2949,1154.6839,709.3914
364,1802.0173,720.6426,22.6897,1571.4726,1802.4932,720.1668,1802.0173,720.6426
365,1570.4383,682.3819,46.0490,1366.2519,1572.8197,680.0005,1570.4383,682.3819
366,1320.2066,677.4975,45.3681,1146.1617,1323.3933,674.3109,1320.2066,677.4975
367,1712.1522,282.0666,-228.9777,1638.7123,1747.9203,246.2985,1712.1522,282.0666
368,345.8087,1665.1401,-277.1272,1595.8865,1720.9870,289.9617,345.8087,1665.1401
369,917.5765,533.7170,229.4380,891.6275,1024.7769,426.5167,917.5765,533.7170
370,1275.2100,773.3379,151.2531,1143.0995,1317.2695,731.2784,1275.2100,773.3379
371,1242.6619,1082.5222,183.4528,1213.1853,1362.7573,962.4268,1242.6619,1082.5222
372,1276.0715,789.7875,157.1109,1148.1938,1322.4150,743.4440,1276.0715,789.7875
373,1048.6552,876.4846,12.7856,974.3014,1049.5995,875.5403,1048.6552,876.4846
374,1261.1063,434.1620,93.0116,1121.3005,1271.4388,423.8295,1261.1063,434.1620
375,1229.0872,832.7521,69.2556,1093.1585,1240.8404,820.9989,1229.0872,832.7521
376,308.5914,2117.9142,62.6616,1984.6911,2120.0818,306.4239,308.5914,2117.9142
377,1318.5266,416.1088,261.7065,1252.3894,1388.9303,345.7050,1318.5266,416.1088
378,1406.6688,661.6301,-116.1278,1235.4085,1424.3498,643.9491,1406.6688,661.6301
379,521.9342,1716.8816,604.8387,1849.7265,1969.5871,269.2287,521.9342,1716.8816
380,1146.9453,850.4321,-76.0101,1039.5440,1165.2947,832.0827,1146.9453,850.4321
381,1807.1957,1284.1985,-672.2991,1987.5318,2267.0622,824.3320,1807.1957,1284.1985
382,1215.5943,758.2749,-127.2443,1086.0337,1248.6145,725.2547,1215.5943,758.2749
383,1221.1520,730.2970,-227.5062,1134.9095,1310.3792,641.0699,1221.1520,730.2970
384,1190.5147,778.8056,-19.8285,1047.7898,1191.4674,777.8529,1190.5147,778.8056
385,1434.7999,544.7858,149.5557,1280.9701,1459.2587,520.3270,1434.7999,544.7858
386,1020.1384,411.2635,116.4806,911.5797,1041.6609,389.7410,1020.1384,411.2635
387,1200.0558,726.8812,-51.3140,1050.7576,1205.5567,721.3804,1200.0558,726.8812
388,1156.1107,830.8808,54.0922,1036.8908,1164.8714,822.1202,1156.1107,830.8808
389,1148.3987,733.8681,46.9788,1010.5591,1153.6561,728.6106,1148.3987,733.8681
390,422.9459,1628.1095,321.2360,1565.4390,1708.3874,342.6680,422.9459,1628.1095
391,449.6627,1723.8273,278.9405,1622.3624,1782.2173,391.2728,449.6627,1723.8273
392,1177.3793,900.7340,19.7850,1066.8704,1178.7871,899.3262,1177.3793,900.7340
393,1171.5733,693.7570,108.4575,1037.4896,1195.0392,670.2911,1171.5733,693.7570
394,1178.1916,832.6521,43.1310,1051.6664,1183.4940,827.3498,1178.1916,832.6521
395,1152.9148,825.4534,-16.0818,1029.4096,1153.7027,824.6655,1152.9148,825.4534
396,1387.4410,413.6984,111.0044,1248.6484,1399.9349,401.2044,1387.4410,413.6984
397,1361.1136,525.2785,124.8622,1208.4518,1379.3676,507.0245,1361.1136,525.2785
398,1331.7601,619.2481,51.4428,1157.7143,1335.4551,615.5531,1331.7601,619.2481
399,1203.5345,716.4471,-97.7894,1062.1729,1222.4337,697.5478,1203.5345,716.4471
400,1150.5067,726.1154,-191.2790,1060.7882,1223.9939,652.6283,1150.5067,726.1154
401,1249.6689,820.5916,-60.4939,1104.7867,1258.0346,812.2259,1249.6689,820.5916
402,1222.1403,846.3053,-89.4505,1095.2442,1242.3439,826.1017,1222.1403,846.3053
403,1192.4142,816.0987,-77.6314,1064.3407,1207.8001,800.7129,1192.4142,816.0987
404,1261.7189,686.4430,-32.3821,1095.5301,1263.5359,684.6260,1261.7189,686.4430
405,1251.3858,776.4682,-117.8817,1113.0572,1279.0360,748.8180,1251.3858,776.4682
406,1377.9138,531.0865,-4.3522,1203.7295,1377.9362,531.0641,1377.9138,531.0865
407,1211.9613,610.8085,94.3976,1062.2588,1226.4359,596.3340,1211.9613,610.8085
408,1268.0559,543.9981,58.5847,1106.5153,1272.7654,539.2886,1268.0559,543.9981
409,1200.0848,809.8433,-155.8427,1094.0886,1254.6820,755.2461,1200.0848,809.8433
410,1330.8146,623.9916,27.3728,1154.2373,1331.8731,622.9332,1330.8146,623.9916
411,1048.2694,370.5823,-83.4183,931.9902,1058.3865,360.4651,1048.2694,370.5823
412,1173.5195,685.2082,88.1974,1032.4193,1188.9612,669.7665,1173.5195,685.2082
413,1499.0622,634.4100,-30.5602,1304.3946,1500.1410,633.3312,1499.0622,634.4100
414,476.0564,2028.8679,62.0859,1840.8268,2031.3463,473.5780,476.0564,2028.8679
415,1224.0407,407.0125,73.9984,1087.2728,1230.6886,400.3646,1224.0407,407.0125
416,1245.6024,495.4553,-173.0799,1126.8234,1283.6110,457.4468,1245.6024,495.4553
417,1158.0931,403.5828,-92.1314,1030.6002,1169.1801,392.4958,1158.0931,403.5828
418,1418.2381,247.7281,16.4015,1312.3407,1418.4679,247.4983,1418.2381,247.7281
419,1255.9443,818.6442,49.3025,1107.5627,1261.4339,813.1546,1255.9443,818.6442
420,1191.5542,806.0686,81.9724,1062.6533,1208.2613,789.3614,1191.5542,806.0686
421,1271.0353,734.4906,71.7752,1112.1595,1280.4710,725.0549,1271.0353,734.4906
422,1255.1737,787.0426,53.1992,1102.5028,1261.1432,781.0731,1255.1737,787.0426
423,342.2890,2067.4679,55.0060,1921.7156,2069.2200,340.5369,342.2890,2067.4679
424,1147.9708,766.6105,79.6996,1022.0266,1163.9570,750.6244,1147.9708,766.6105
425,423.0279,2094.0248,55.1955,1920.2086,2095.8460,421.2067,423.0279,2094.0248
426,1244.0871,787.4215,60.0445,1094.9797,1251.8501,779.6586,1244.0871,787.4215
427,1218.0017,765.6520,-48.4729,1069.6890,1223.1376,760.5160,1218.0017,765.6520
428,1194.7503,619.9669,-65.5310,1041.1361,1202.1268,612.5904,1194.7503,619.9669
429,1179.9651,825.4718,-272.6519,1150.0916,1327.9191,677.5178,1179.9651,825.4718
430,1242.1768,559.5099,-41.6356,1079.9281,1244.7067,556.9799,1242.1768,559.5099
431,1145.2732,598.4470,214.8448,1059.6598,1219.5855,524.1346,1145.2732,598.4470
432,1160.8490,776.9918,-162.3738,1062.2675,1220.3201,717.5207,1160.8490,776.9918
433,1316.0417,703.8315,46.9161,1143.5368,1319.6162,700.2570,1316.0417,703.8315
434,1163.7240,808.2374,-59.3965,1038.0366,1173.3857,798.5758,1163.7240,808.2374
435,1340.8983,742.4179,-13.7000,1163.7219,1341.2117,742.1045,1340.8983,742.4179
436,1326.3583,695.8322,-49.7560,1152.3511,1330.2605,691.9300,1326.3583,695.8322
437,1287.3388,720.8847,74.5313,1124.9701,1296.9811,711.2424,1287.3388,720.8847
438,1160.7454,585.9684,85.0036,1015.9751,1173.0530,573.6608,1160.7454,585.9684
439,1191.9805,735.1899,196.9061,1096.0410,1265.1419,662.0285,1191.9805,735.1899
440,1170.3936,821.2626,-250.1409,1127.2996,1300.8586,690.7976,1170.3936,821.2626
441,1579.2852,606.1271,70.4535,1385.3430,1584.3593,601.0529,1579.2852,606.1271
442,1244.9740,751.0725,63.6345,1091.3993,1253.0409,743.0055,1244.9740,751.0725
443,1192.2358,745.3959,159.5365,1079.2170,1243.3489,694.2828,1192.2358,745.3959
444,1291.1744,768.8218,57.1956,1129.3136,1297.3638,762.6324,1291.1744,768.8218
445,1235.3934,561.1797,105.7709,1086.9243,1251.5974,544.9758,1235.3934,561.1797
446,1407.2530,747.3587,-9.6280,1219.6152,1407.3934,747.2182,1407.2530,747.3587
447,1344.2979,701.5110,-7.3110,1164.6352,1344.3811,701.4279,1344.2979,701.5110
448,1341.0277,657.8812,-10.1136,1161.5649,1341.1774,657.7315,1341.0277,657.8812
449,1144.1420,825.7151,-149.7222,1055.1688,1203.4821,766.3750,1144.1420,825.7151
450,512.9308,2421.1806,135.5683,2222.2627,2430.7637,503.3477,512.9308,2421.1806
451,1818.7636,717.5596,63.7253,1590.5673,1822.4390,713.8842,1818.7636,717.5596
452,1944.6768,799.2587,37.7075,1694.2692,1945.9168,798.0187,1944.6768,799.2587
453,1352.6438,659.8149,-4.8225,1171.5700,1352.6774,659.7814,1352.6438,659.8149
454,1262.8705,794.5672,45.4699,1108.5783,1267.2445,790.1931,1262.8705,794.5672
455,411.0825,2166.7269,96.1540,2000.1818,2171.9774,405.8320,411.0825,2166.7269
456,1162.0408,731.4209,-233.1255,1094.7223,1264.0727,629.3890,1162.0408,731.4209
457,1195.3990,641.1319,-138.3461,1063.5033,1228.0115,608.5193,1195.3990,641.1319
458,1163.2339,765.8855,109.8147,1041.6177,1191.5635,737.5559,1163.2339,765.8855
459,1178.5530,787.7441,143.8673,1069.2162,1225.8020,740.4951,1178.5530,787.7441
460,1309.9143,715.4640,4.8144,1136.0622,1309.9533,715.4250,1309.9143,715.4640
461,1282.5464,766.9185,-88.9980,1128.3805,1297.4753,751.9896,1282.5464,766.9185
462,1328.3144,789.5657,-112.7578,1173.5351,1350.9621,766.9180,1328.3144,789.5657
463,1146.9680,868.4805,-26.4595,1037.1957,1149.4596,865.9889,1146.9680,868.4805
464,1188.8875,894.4900,-28.0288,1073.5337,1191.5323,891.8452,1188.8875,894.4900
465,1147.9410,751.1535,-246.9442,1096.6606,1266.3145,632.7799,1147.9410,751.1535
466,1151.6712,740.7616,-217.7000,1078.9533,1245.5573,646.8756,1151.6712,740.7616
467,1232.7356,732.3976,163.4253,1110.5468,1281.3848,683.7483,1232.7356,732.3976
468,1376.5395,735.5751,183.2821,1234.5690,1425.2472,686.8674,1376.5395,735.5751
469,1414.0314,727.9020,-185.8382,1266.3559,1461.1323,680.8010,1414.0314,727.9020
470,286.9582,2097.6060,22.2843,1970.2437,2097.8802,286.6840,286.9582,2097.6060
471,1395.1245,706.5204,71.7608,1214.6227,1402.5234,699.1215,1395.1245,706.5204
472,1119.3669,662.5996,196.7111,1032.6733,1192.4038,589.5627,1119.3669,662.5996
473,1268.1738,820.4656,83.4414,1123.3090,1283.2195,805.4199,1268.1738,820.4656
474,1228.3622,797.1586,66.5556,1085.5529,1238.4013,787.1196,1228.3622,797.1586
475,1433.0783,513.3562,-5.5914,1257.6415,1433.1123,513.3222,1433.0783,513.3562
476,386.6372,1555.7094,442.0317,1598.2494,1704.0269,238.3196,386.6372,1555.7094
477,1933.8524,614.4193,54.1729,1714.0316,1936.0729,612.1988,1933.8524,614.4193
478,948.6563,323.3010,-393.3519,1077.9369,1138.4655,133.4918,948.6563,323.3010
479,305.6125,2222.0256,99.1420,2093.1329,2227.1409,300.4973,305.6125,2222.0256
480,312.3165,2123.4398,75.8987,1990.1344,2126.6150,309.1414,312.3165,2123.4398
481,1252.7990,451.0860,-35.3086,1100.7288,1254.3510,449.5340,1252.7990,451.0860
482,1132.1311,953.4916,-8.8770,1054.3367,1132.5711,953.0516,1132.1311,953.4916
483,849.3259,391.9418,101.9010,757.1248,871.0013,370.2664,849.3259,391.9418
484,1565.4933,311.4817,29.8331,1436.2582,1566.2026,310.7724,1565.4933,311.4817
485,1233.5025,671.1910,111.4520,1086.9106,1254.7870,649.9065,1233.5025,671.1910
486,1140.1366,1001.2462,-156.5925,1111.0408,1241.9919,899.3909,1140.1366,1001.2462
487,1115.5830,977.0151,-55.4342,1057.5260,1135.0302,957.5679,1115.5830,977.0151
488,1120.8173,785.7652,-111.1056,1014.8855,1154.3122,752.2703,1120.8173,785.7652
489,1199.6460,819.6067,31.0738,1063.2801,1202.1700,817.0827,1199.6460,819.6067
490,282.9658,2140.2923,69.7875,2017.3998,2142.9108,280.3472,282.9658,2140.2923
491,1192.7202,896.7992,18.7797,1076.2239,1193.9072,895.6122,1192.7202,896.7992
492,1101.7991,932.4133,-373.5171,1214.3182,1400.1048,634.1076,1101.7991,932.4133
493,1380.8033,574.7077,-487.4005,1468.3413,1610.2164,345.2946,1380.8033,574.7077
494,1251.5359,602.5573,294.5534,1198.1571,1365.2874,488.8058,1251.5359,602.5573
495,353.2704,1444.8719,-254.9665,1377.3337,1501.4883,296.6540,353.2704,1444.8719
496,339.8930,2065.9849,56.8188,1921.2736,2067.8532,338.0247,339.8930,2065.9849
497,345.0767,2055.0180,33.5211,1906.9371,2055.6749,344.4198,345.0767,2055.0180
498,1883.0552,738.7651,-41.2234,1644.8810,1884.5384,737.2819,1883.0552,738.7651
499,301.0373,2087.1576,49.0682,1955.9553,2088.5046,299.6903,301.0373,2087.1576
500,1032.3606,98.0888,15.9718,987.3663,1032.6336,97.8158,1032.3606,98.0888
501,1166.3114,825.6651,-6.3451,1038.8183,1166.4296,825.5469,1166.3114,825.6651
502,1138.1007,842.5642,18.9768,1023.3988,1139.3143,841.3507,1138.1007,842.5642
503,1257.3594,840.5153,68.6319,1115.6701,1268.3686,829.5060,1257.3594,840.5153
504,1178.9187,768.1859,55.2238,1040.9031,1186.2141,760.8905,1178.9187,768.1859
505,1169.3328,786.5462,-46.8356,1035.7802,1174.9801,780.8989,1169.3328,786.5462
506,1241.6383,703.9874,98.4847,1091.9084,1259.1105,686.5152,1241.6383,703.9874
507,1233.0427,540.7031,110.1339,1087.3971,1250.1400,523.6058,1233.0427,540.7031
508,1346.4298,682.0597,-117.3932,1183.6709,1366.5629,661.9266,1346.4298,682.0597
509,1469.3256,723.8471,222.4633,1329.5770,1530.6652,662.5075,1469.3256,723.8471
510,1335.7288,683.1573,34.5734,1158.4250,1337.5554,681.3307,1335.7288,683.1573
511,1139.8873,779.7406,79.7064,1018.6174,1156.7391,762.8888,1139.8873,779.7406
512,1166.3153,711.9239,-73.5711,1026.1761,1177.9304,700.3088,1166.3153,711.9239
513,1181.7529,810.2050,-58.2415,1051.5161,1190.6685,801.2894,1181.7529,810.2050
514,1133.4108,979.6310,60.5122,1070.0270,1154.3667,958.6752,1133.4108,979.6310
515,1168.8786,915.1040,59.8931,1069.9573,1182.3037,901.6789,1168.8786,915.1040
516,1318.0288,606.1460,-82.4411,1151.5575,1327.4514,596.7235,1318.0288,606.1460
517,1182.7203,611.6916,-69.2070,1031.4566,1190.9883,603.4236,1182.7203,611.6916
518,1130.5524,792.7568,-203.1054,1064.9480,1225.8103,697.4988,1130.5524,792.7568
519,1102.3834,754.4725,-158.7544,1014.0852,1163.9348,692.9211,1102.3834,754.4725
520,1158.9046,719.3621,203.8791,1073.1122,1238.9101,639.3566,1158.9046,719.3621
521,1152.7913,925.8315,-43.7502,1060.4449,1160.9328,917.6900,1152.7913,925.8315
522,437.2028,2332.2978,41.0738,2148.5189,2333.1876,436.3130,437.2028,2332.2978
523,412.1088,1940.3434,92.4177,1777.8517,1945.9120,406.5403,412.1088,1940.3434
524,428.2441,2134.6404,84.1658,1961.4248,2138.7817,424.1028,428.2441,2134.6404
525,458.3480,2007.5963,115.9594,1833.2179,2016.2277,449.7167,458.3480,2007.5963
526,1204.9722,825.6442,-57.4385,1071.7582,1213.4788,817.1376,1204.9722,825.6442
527,1131.9991,753.4971,-126.0266,1021.6995,1170.1214,715.3748,1131.9991,753.4971
528,1160.1151,774.5667,-155.2020,1058.0629,1214.8273,719.8545,1160.1151,774.5667
529,1154.3742,813.4274,-69.2182,1034.2233,1167.8908,799.9107,1154.3742,813.4274
530,1413.0544,754.4824,-19.2111,1225.1322,1413.6143,753.9224,1413.0544,754.4824
531,1351.4906,618.1043,-11.7112,1172.0192,1351.6776,617.9173,1351.4906,618.1043
532,1237.9498,730.0167,-95.2054,1090.3725,1255.2084,712.7581,1237.9498,730.0167
533,1215.9647,748.8154,-117.9141,1081.8839,1244.0403,720.7398,1215.9647,748.8154
534,1259.9543,766.1349,-22.7304,1100.3193,1260.9984,765.0908,1259.9543,766.1349
535,1273.1256,671.0617,-80.4606,1111.8671,1283.6930,660.4943,1273.1256,671.0617
536,1295.8718,752.7671,-6.4994,1127.1997,1295.9496,752.6894,1295.8718,752.7671
537,1310.4049,716.3186,18.6117,1136.9455,1310.9874,715.7360,1310.4049,716.3186
538,959.5560,429.6419,-301.9031,983.1128,1096.2800,292.9178,959.5560,429.6419
539,472.7697,1651.9548,422.7828,1645.5113,1787.8722,336.8523,472.7697,1651.9548
540,1312.0721,625.8993,89.9227,1147.3084,1323.6608,614.3107,1312.0721,625.8993
541,1310.3508,522.2219,27.4306,1143.5464,1311.3044,521.2684,1310.3508,522.2219
542,1238.3066,843.9730,-114.8500,1113.6282,1269.3179,812.9616,1238.3066,843.9730
543,1155.2526,821.8746,88.7771,1041.2770,1177.4196,799.7076,1155.2526,821.8746
544,1154.8002,791.2874,116.6144,1042.4573,1188.9936,757.0940,1154.8002,791.2874
545,1170.7659,787.1315,228.7195,1107.0953,1277.4558,680.4416,1170.7659,787.1315
546,1186.9701,764.5457,172.1858,1083.9184,1248.2621,703.2537,1186.9701,764.5457
547,1161.3751,822.8182,-3.0880,1034.5289,1161.4033,822.7901,1161.3751,822.8182
548,1214.6365,674.5621,48.0273,1057.3306,1218.8742,670.3244,1214.6365,674.5621
549,1312.3327,665.5448,54.9358,1140.5282,1316.9656,660.9119,1312.3327,665.5448
550,1178.7303,831.2643,-252.3293,1136.4767,1311.3521,698.6425,1178.7303,831.2643
551,1578.6461,739.8848,30.7424,1369.0770,1579.7713,738.7595,1578.6461,739.8848
552,1255.0431,754.5035,86.4382,1104.4858,1269.5497,739.9970,1255.0431,754.5035
553,1243.2178,740.8209,82.2467,1092.5648,1256.3395,727.6992,1243.2178,740.8209
554,1257.7374,777.6015,-9.6487,1099.4673,1257.9312,777.4077,1257.7374,777.6015
555,1273.4784,769.7473,-34.1690,1112.4316,1275.7856,767.4401,1273.4784,769.7473
556,1710.3612,617.3150,-32.4823,1501.2485,1711.3257,616.3505,1710.3612,617.3150
557,1439.0848,641.2274,-38.9998,1250.5678,1440.9866,639.3256,1439.0848,641.2274
558,1206.1241,586.1993,85.8664,1055.2038,1217.7977,574.5257,1206.1241,586.1993
559,1171.6118,612.4028,115.6870,1034.5838,1194.5997,589.4150,1171.6118,612.4028
560,1129.1079,763.6951,121.5133,1019.8613,1165.8260,726.9770,1129.1079,763.6951
561,1178.1061,758.0174,165.2015,1073.0210,1235.2885,700.8350,1178.1061,758.0174
562,1160.7170,727.7103,176.4646,1060.9335,1223.5226,664.9047,1160.7170,727.7103
563,1305.5247,550.3016,-128.0006,1156.6965,1326.6294,529.1969,1305.5247,550.3016
564,1598.6942,657.9646,53.7441,1394.8196,1601.7546,654.9041,1598.6942,657.9646
565,1158.1559,541.8296,-155.3122,1039.1087,1195.0817,504.9037,1158.1559,541.8296
566,1219.0527,766.4473,56.0541,1071.7357,1225.8915,759.6085,1219.0527,766.4473
567,1238.3064,780.1674,-21.8784,1085.0869,1239.3488,779.1249,1238.3064,780.1674
568,1258.8654,699.2432,-43.7978,1095.0730,1262.2724,695.8362,1258.8654,699.2432
569,1557.6263,665.6983,-27.7202,1354.5294,1558.4870,664.8377,1557.6263,665.6983
570,1235.7287,479.7093,12.8026,1079.2810,1235.9454,479.4925,1235.7287,479.7093
571,1196.7582,804.0404,72.3732,1064.0408,1209.6711,791.1274,1196.7582,804.0404
572,1792.9080,895.8471,21.0254,1553.1310,1793.4005,895.3545,1792.9080,895.8471
573,472.8926,2154.5416,16.3203,1961.5324,2154.7000,472.7342,472.8926,2154.5416
574,1107.0726,1226.2494,-178.5737,1211.3695,1354.9144,978.4076,1107.0726,1226.2494
575,1176.7612,598.1679,-170.3226,1060.9903,1223.1763,551.7529,1176.7612,598.1679
576,1173.5665,538.5284,-50.4246,1021.2248,1177.5454,534.5494,1173.5665,538.5284
577,1273.4321,746.7455,-158.0201,1141.5952,1317.2045,702.9731,1273.4321,746.7455
578,1313.7470,677.7410,25.8074,1138.8072,1314.7924,676.6955,1313.7470,677.7410
579,1257.9355,740.5405,-37.9842,1097.0771,1260.7092,737.7668,1257.9355,740.5405
580,1149.5221,741.6827,37.7031,1011.5227,1152.9783,738.2265,1149.5221,741.6827
581,1163.2931,795.5763,23.1205,1030.6832,1164.7411,794.1283,1163.2931,795.5763
582,1302.4339,754.7273,128.0478,1154.1896,1330.8915,726.2698,1302.4339,754.7273
583,1244.0457,780.3443,121.5281,1109.1033,1273.9655,750.4244,1244.0457,780.3443
584,1143.8385,787.7897,-158.3792,1050.2985,1204.0927,727.5356,1143.8385,787.7897
585,1192.9711,899.0158,-111.6853,1093.7689,1230.5904,861.3965,1192.9711,899.0158
586,1218.9045,775.0116,-176.3458,1111.3053,1280.4330,713.4830,1218.9045,775.0116
587,1571.3694,757.6893,-22.8180,1361.7074,1572.0088,757.0499,1571.3694,757.6893
588,1324.5042,714.4437,-153.5687,1178.6465,1360.9806,677.9673,1324.5042,714.4437
589,1405.4930,734.1773,135.1143,1239.8844,1431.6667,708.0036,1405.4930,734.1773
590,1368.6528,746.8163,86.1553,1196.2780,1380.3688,735.1002,1368.6528,746.8163
591,1293.7439,776.0405,76.1366,1135.5196,1304.7088,765.0756,1293.7439,776.0405
592,1284.0879,689.4612,67.0194,1119.0999,1291.5480,682.0011,1284.0879,689.4612
593,1189.8016,878.0570,34.9722,1070.3119,1193.6767,874.1819,1189.8016,878.0570
594,974.6424,575.4978,-142.7949,883.9639,1020.4667,529.6735,974.6424,575.4978
595,1105.9388,647.6358,236.8155,1046.1988,1206.3203,547.2544,1105.9388,647.6358
596,1473.8068,464.5790,-33.0138,1306.3346,1474.8856,463.5002,1473.8068,464.5790
597,1171.7889,816.2758,-65.0396,1046.7010,1183.3140,804.7507,1171.7889,816.2758
598,1210.5617,693.6609,-115.9403,1071.0893,1235.3758,668.8468,1210.5617,693.6609
599,1340.1761,744.7783,51.3126,1166.4183,1344.5660,740.3884,1340.1761,744.7783
600,1187.1048,757.4937,-61.8541,1046.5505,1195.8330,748.7654,1187.1048,757.4937
601,1188.9246,911.8342,-67.2021,1083.7110,1204.3629,896.3960,1188.9246,911.8342
602,508.2148,1484.1226,598.9471,1668.1912,1768.7207,223.6167,508.2148,1484.1226
603,1191.7007,432.1251,319.1007,1182.1144,1307.9613,315.8645,1191.7007,432.1251
604,1195.6375,1002.0463,-153.0546,1142.7330,1279.9361,917.7478,1195.6375,1002.0463
605,1171.4149,835.7588,-48.0074,1048.1409,1178.1462,829.0275,1171.4149,835.7588
606,321.7274,2115.0192,60.4292,1976.6917,2117.0532,319.6934,321.7274,2115.0192
607,345.6488,1977.7356,95.1176,1836.9679,1983.2603,340.1241,345.6488,1977.7356
608,306.9242,2027.6685,172.3832,1916.3636,2044.7679,289.8249,306.9242,2027.6685
609,1172.1277,913.8762,38.5774,1068.8022,1177.7672,908.2367,1172.1277,913.8762
610,1151.8489,889.6847,3.4737,1045.7288,1151.8949,889.6386,1151.8489,889.6847
611,1860.4091,498.2992,238.9398,1718.6216,1901.1076,457.6007,1860.4091,498.2992
612,387.5050,1563.0262,454.6232,1614.7994,1718.3300,232.2011,387.5050,1563.0262
613,1114.9544,1450.3052,-246.2651,1382.5425,1580.5586,984.7011,1114.9544,1450.3052
614,1430.4600,828.9773,281.9048,1336.4174,1541.9270,717.5104,1430.4600,828.9773
615,1158.7975,1129.7212,408.2427,1345.3437,1552.7608,735.7579,1158.7975,1129.7212
616,1574.4410,623.1482,245.8669,1437.8524,1634.2290,563.3601,1574.4410,623.1482
617,1174.9584,786.7953,48.6312,1040.2967,1180.9584,780.7952,1174.9584,786.7953
618,1194.6885,789.4214,23.1923,1053.0754,1196.0114,788.0985,1194.6885,789.4214
619,1260.6857,353.0161,26.0838,1127.3631,1261.4346,352.2672,1260.6857,353.0161
620,347.1263,1686.5446,-253.9654,1604.0513,1733.0817,300.5891,347.1263,1686.5446
621,370.0484,1422.7761,-291.4357,1374.6039,1498.0714,294.7532,370.0484,1422.7761
622,1253.8743,1012.2086,-244.6106,1227.6350,1405.8691,860.2138,1253.8743,1012.2086
623,1353.7843,681.3154,56.4391,1176.4882,1358.4882,676.6115,1353.7843,681.3154
624,1255.8313,638.3902,185.3261,1134.0111,1307.1859,587.0356,1255.8313,638.3902
625,1184.1725,850.1865,91.8715,1069.4089,1207.7760,826.5830,1184.1725,850.1865
626,1182.3688,845.0409,-24.7476,1055.8302,1184.1747,843.2350,1182.3688,845.0409
627,1176.2766,864.4607,-1.9353,1055.5024,1176.2886,864.4487,1176.2766,864.4607
628,1131.9275,750.9585,-135.0836,1024.6515,1174.9638,707.9223,1131.9275,750.9585
629,476.3691,2047.7403,63.3693,1859.2296,2050.2916,473.8177,476.3691,2047.7403
630,276.8753,1609.4510,-163.7267,1517.1666,1629.2724,257.0539,276.8753,1609.4510
631,994.4824,371.2696,-126.1564,897.4194,1019.0515,346.7005,994.4824,371.2696
632,315.2709,1543.0372,263.5293,1483.9906,1597.2112,261.0970,315.2709,1543.0372
633,442.6131,1616.7744,329.7967,1555.8142,1703.0655,356.3220,442.6131,1616.7744
634,411.7384,2075.4977,60.1118,1906.1735,2077.6667,409.5693,411.7384,2075.4977
635,360.4834,2063.4993,54.6839,1911.3062,2065.2534,358.7293,360.4834,2063.4993
636,1208.8684,810.5038,52.3871,1070.8501,1215.6424,803.7298,1208.8684,810.5038
637,1225.2108,815.2558,66.8979,1086.4388,1235.8513,804.6153,1225.2108,815.2558
638,1061.2892,461.2568,-58.1138,927.1987,1066.8658,455.6802,1061.2892,461.2568
639,1214.0713,832.4480,-101.5977,1089.6118,1239.4337,807.0857,1214.0713,832.4480
640,1235.7715,676.2317,-150.9063,1103.2093,1273.8757,638.1275,1235.7715,676.2317
641,506.6854,1988.6406,149.7624,1808.6163,2003.6237,491.7023,506.6854,1988.6406
642,383.2761,1648.1757,-402.0100,1648.1849,1765.1288,266.3230,383.2761,1648.1757
643,1236.4340,257.0181,284.5733,1232.8777,1313.1145,180.3376,1236.4340,257.0181
644,462.4311,1762.9965,471.2689,1781.2966,1915.8090,309.6186,462.4311,1762.9965
645,1146.3241,795.4135,43.0337,1020.0469,1151.5245,790.2131,1146.3241,795.4135
646,1275.0730,768.7164,25.9230,1112.9162,1276.3966,767.3927,1275.0730,768.7164
647,1185.4562,774.8362,-101.7816,1057.4600,1209.3005,750.9919,1185.4562,774.8362
648,1179.3621,773.3684,-30.7536,1039.1100,1181.6785,771.0521,1179.3621,773.3684
649,1214.5330,800.8886,21.6688,1070.1476,1215.6650,799.7565,1214.5330,800.8886
650,1213.3281,929.8775,67.9110,1105.6340,1228.7587,914.4469,1213.3281,929.8775
651,1310.7785,729.9107,65.3988,1143.2365,1318.0506,722.6387,1310.7785,729.9107
652,1164.1467,828.0976,78.2244,1046.5721,1181.4632,810.7811,1164.1467,828.0976
653,1137.6379,814.4291,90.7473,1027.4700,1161.3739,790.6931,1137.6379,814.4291
654,620.0403,2555.6587,243.8746,2347.2653,2585.9124,589.7867,620.0403,2555.6587
655,1143.7090,849.0371,-170.0178,1069.8603,1221.3484,771.3977,1143.7090,849.0371
656,1164.0478,797.7887,56.1540,1035.5046,1172.4638,789.3727,1164.0478,797.7887
657,1149.8651,765.7131,84.0806,1024.3282,1167.4621,748.1161,1149.8651,765.7131
658,1129.3801,930.5122,65.6097,1050.4115,1149.0752,910.8171,1129.3801,930.5122
659,1184.0422,842.5847,46.3560,1058.6292,1190.2236,836.4033,1184.0422,842.5847
660,1183.0361,744.7605,-107.9674,1052.6799,1208.1898,719.6068,1183.0361,744.7605
661,322.9809,2090.3576,92.5414,1955.6221,2095.1900,318.1486,322.9809,2090.3576
662,1263.4274,771.2993,-149.0642,1132.8421,1305.0570,729.6696,1263.4274,771.2993
663,1315.6005,629.5092,-115.8713,1157.2305,1334.6412,610.4686,1315.6005,629.5092
664,1406.4474,638.4344,-13.9790,1219.9814,1406.7017,638.1801,1406.4474,638.4344
665,417.2801,2080.1591,227.4263,1946.3668,2110.7024,386.7368,417.2801,2080.1591
666,454.3917,2143.3354,32.7970,1956.9547,2143.9721,453.7551,454.3917,2143.3354
667,1268.5345,784.9864,-11.0509,1109.0390,1268.7869,784.7339,1268.5345,784.9864
668,1257.9811,752.9347,73.7228,1103.8816,1268.5226,742.3932,1257.9811,752.9347
669,1282.5667,757.4563,-259.8519,1204.0756,1389.4140,650.6089,1282.5667,757.4563
670,1224.5657,736.3921,-109.4112,1084.4291,1247.9657,712.9922,1224.5657,736.3921
671,1177.1848,795.3784,-110.9095,1057.8214,1207.0642,765.4990,1177.1848,795.3784
672,1225.8423,788.6737,98.2448,1089.4321,1246.9060,767.6101,1225.8423,788.6737
673,1205.0828,737.6533,62.2125,1057.8444,1213.2213,729.5148,1205.0828,737.6533
674,1333.7627,614.1012,7.0037,1156.3413,1333.8309,614.0331,1333.7627,614.1012
675,1160.8737,722.4763,184.6288,1064.4996,1228.2685,655.0815,1160.8737,722.4763
676,1210.0758,736.0122,233.8395,1131.1099,1306.0080,640.0800,1210.0758,736.0122
677,1342.1005,701.4478,-11.0164,1162.8471,1342.2898,701.2584,1342.1005,701.4478
678,1266.2098,744.3620,-38.6412,1104.2296,1269.0555,741.5162,1266.2098,744.3620
679,1092.7525,775.9639,-199.1736,1033.1030,1188.8358,679.8805,1092.7525,775.9639
680,1180.0643,813.1771,-222.4676,1114.7569,1284.9667,708.2748,1180.0643,813.1771
681,1010.3286,669.6270,-178.6273,942.5200,1086.8119,593.1436,1010.3286,669.6270
682,1210.9567,746.6615,-4.8387,1058.2131,1211.0071,746.6111,1210.9567,746.6615
683,1190.7914,571.3649,-101.2149,1046.3264,1206.9106,555.2457,1190.7914,571.3649
684,1244.7141,710.9650,27.3345,1082.6254,1246.1103,709.5688,1244.7141,710.9650
685,1171.2218,734.9836,6.1266,1025.3025,1171.3078,734.8976,1171.2218,734.9836
686,1189.9889,807.9003,-146.9914,1082.6835,1239.9932,757.8961,1189.9889,807.9003
687,1168.9975,804.0979,-145.8866,1066.2968,1220.1517,752.9437,1168.9975,804.0979
688,1170.7071,707.6777,177.9796,1066.7285,1231.2126,647.1722,1170.7071,707.6777
689,1227.2962,568.1188,-132.0152,1088.1401,1252.7521,542.6628,1227.2962,568.1188
690,1540.5419,603.7876,-122.3417,1361.0919,1556.2563,588.0732,1540.5419,603.7876
691,1288.3802,771.1102,-51.3600,1126.4834,1293.4305,766.0600,1288.3802,771.1102
692,1258.6345,554.7350,83.2548,1102.0332,1268.3476,545.0219,1258.6345,554.7350
693,1228.0921,500.6382,103.1968,1084.4204,1242.4483,486.2820,1228.0921,500.6382
694,1152.1611,759.0053,136.7575,1041.7177,1195.0524,716.1140,1152.1611,759.0053
695,1187.2481,482.3038,-85.8580,1044.8327,1197.5544,471.9975,1187.2481,482.3038
696,1168.7685,814.1398,42.8306,1040.5795,1173.8680,809.0402,1168.7685,814.1398
697,1153.1197,822.8111,79.6468,1037.7544,1171.3217,804.6091,1153.1197,822.8111
698,1464.1880,752.2447,-38.5146,1269.9374,1466.2655,750.1672,1464.1880,752.2447
699,1607.7222,739.2795,8.5381,1393.9037,1607.8062,739.1956,1607.7222,739.2795
700,1164.9509,807.4577,-59.2961,1038.7483,1174.5295,797.8791,1164.9509,807.4577
701,1315.7438,471.7521,-134.9691,1177.9970,1336.8023,450.6936,1315.7438,471.7521
702,1225.3114,586.6722,-0.7242,1061.4696,1225.3123,586.6714,1225.3114,586.6722
703,1347.6898,754.2873,-22.4912,1170.5509,1348.5410,753.4360,1347.6898,754.2873
704,1342.8542,752.9229,-19.3114,1166.2775,1343.4856,752.2914,1342.8542,752.9229
705,1268.7672,769.0190,78.1550,1115.2483,1280.7046,757.0816,1268.7672,769.0190
706,1387.6391,720.3312,20.1557,1202.5300,1388.2474,719.7229,1387.6391,720.3312
707,1147.9732,500.1358,187.4603,1048.4560,1198.3067,449.8024,1147.9732,500.1358
708,1214.8666,747.3628,-185.9757,1109.1740,1279.8235,682.4059,1214.8666,747.3628
709,1323.4059,756.6867,102.6362,1163.6910,1341.4212,738.6714,1323.4059,756.6867
710,287.7998,2004.5502,3.2770,1877.2781,2004.5564,287.7936,287.7998,2004.5502
711,1321.9728,484.9995,-44.9468,1160.9225,1324.3796,482.5928,1321.9728,484.9995
712,1232.7945,743.3218,-141.0202,1102.5455,1270.5162,705.6000,1232.7945,743.3218
713,1268.3245,754.5136,225.9884,1172.2551,1353.5757,669.2624,1268.3245,754.5136
714,1332.0607,726.4059,53.6817,1158.9132,1336.7820,721.6846,1332.0607,726.4059
715,1322.7416,670.6739,-53.0378,1149.2431,1327.0274,666.3881,1322.7416,670.6739
716,1321.7851,726.2454,-104.2148,1160.6851,1339.4952,708.5352,1321.7851,726.2454
717,1160.5934,454.1099,-8.8232,1013.1088,1160.7036,453.9997,1160.5934,454.1099
718,1286.2729,512.6251,295.5769,1232.8843,1386.2738,412.6242,1286.2729,512.6251
719,2470.3112,942.1111,-685.8356,2464.5110,2732.9630,679.4593,2470.3112,942.1111
720,1255.6326,737.2589,-213.4547,1153.7445,1332.2146,660.6769,1255.6326,737.2589
721,1200.1932,748.1682,88.7580,1061.0876,1216.9967,731.3646,1200.1932,748.1682
722,1310.5584,687.9861,-60.7995,1140.3210,1316.4404,682.1041,1310.5584,687.9861
723,1282.8122,687.3306,119.1523,1130.8874,1305.7689,664.3740,1282.8122,687.3306
724,1122.9127,594.3212,206.7867,1036.8520,1194.1955,523.0384,1122.9127,594.3212
725,1190.1429,829.3182,40.3615,1059.2869,1194.6026,824.8585,1190.1429,829.3182
726,1222.0434,797.0757,128.1207,1097.2253,1257.6811,761.4380,1222.0434,797.0757
727,1198.1950,468.9135,196.8197,1099.9615,1247.9223,419.1862,1198.1950,468.9135
728,1074.2336,450.1318,-158.1693,973.7055,1112.0302,412.3352,1074.2336,450.1318
729,1397.1622,830.7306,-217.6564,1274.2186,1471.1375,756.7553,1397.1622,830.7306
730,1303.9192,691.3754,-20.9478,1130.4973,1304.6348,690.6599,1303.9192,691.3754
731,1268.6928,698.0070,35.0454,1102.2356,1270.8368,695.8630,1268.6928,698.0070
732,1213.4222,849.0746,-83.6310,1088.1257,1231.7014,830.7953,1213.4222,849.0746
733,1249.3236,765.3592,44.8212,1093.8143,1253.4396,761.2432,1249.3236,765.3592
734,1317.0429,945.1858,-365.0689,1335.2729,1540.8029,721.4257,1317.0429,945.1858
735,1133.9278,953.9248,-65.8570,1061.6470,1155.4495,932.4031,1133.9278,953.9248
736,783.3928,418.3231,-115.4939,707.8162,816.8622,384.8538,783.3928,418.3231
737,1239.6338,659.4715,144.9106,1103.2175,1273.8152,625.2902,1239.6338,659.4715
738,1183.5757,904.2077,112.5440,1089.1479,1223.2734,864.5101,1183.5757,904.2077
739,1474.3151,691.7952,224.4485,1335.4373,1534.1222,631.9881,1474.3151,691.7952
740,1509.1970,677.0562,-249.0519,1378.5319,1578.0405,608.2127,1509.1970,677.0562
741,1464.4705,236.1433,-222.6028,1415.3687,1503.5671,197.0466,1464.4705,236.1433
742,1314.9784,386.5942,40.2406,1172.6543,1316.7194,384.8533,1314.9784,386.5942
743,345.6551,1923.6900,-122.3605,1788.8666,1933.1215,336.2237,345.6551,1923.6900
744,1312.6504,932.5558,-233.1752,1237.6202,1423.4164,821.7898,1312.6504,932.5558
745,1107.4492,870.4980,3.6030,1010.0580,1107.5039,870.4432,1107.4492,870.4980
746,1152.1260,979.6954,-80.4726,1085.3075,1183.8468,947.9746,1152.1260,979.6954
747,1262.6592,550.4338,-172.5678,1136.4921,1302.2685,510.8245,1262.6592,550.4338
748,433.3989,1565.7004,322.0917,1507.2853,1650.9096,348.1897,433.3989,1565.7004
749,1224.2885,796.6557,-27.6135,1077.2621,1226.0642,794.8800,1224.2885,796.6557
750,1165.1107,792.9729,-69.7061,1037.7691,1177.7390,780.3446,1165.1107,792.9729
751,338.5999,1471.8138,221.3930,1389.0912,1513.5310,296.8827,338.5999,1471.8138
752,1210.2307,783.6311,-94.4103,1075.6865,1230.1906,763.6711,1210.2307,783.6311
753,1560.4919,1127.1669,-565.7650,1704.9855,1949.6616,737.9971,1560.4919,1127.1669
754,299.8553,1443.8950,-184.1543,1357.7647,1472.8074,270.9429,299.8553,1443.8950
755,318.3323,2089.1174,51.8560,1951.6097,2090.6347,316.8150,318.3323,2089.1174
756,316.3793,2155.0922,75.2918,2019.8262,2158.1701,313.3014,316.3793,2155.0922
757,1294.5043,285.6126,-22.6588,1178.6133,1295.0129,285.1040,1294.5043,285.6126
758,1189.9255,881.7137,4.7884,1069.6901,1189.9999,881.6394,1189.9255,881.7137
759,1188.0306,865.4236,31.6571,1065.4724,1191.1077,862.3465,1188.0306,865.4236
760,1132.4227,848.2800,-113.3494,1039.1789,1172.0994,808.6033,1132.4227,848.2800
761,1154.8596,778.3577,-62.6150,1025.8701,1164.9999,768.2175,1154.8596,778.3577
762,1253.9680,854.6865,110.4565,1125.9561,1282.4874,826.1671,1253.9680,854.6865
763,1959.8374,618.6995,53.5439,1737.7578,1961.9717,616.5652,1959.8374,618.6995
764,1866.2837,566.0332,-80.9414,1663.3353,1871.3029,561.0139,1866.2837,566.0332
765,278.8743,2154.0354,3.5771,2029.0324,2154.0422,278.8675,278.8743,2154.0354
766,385.5240,2097.4456,61.2805,1936.6355,2099.6364,383.3331,385.5240,2097.4456
767,1198.4664,845.7916,106.0430,1082.4822,1227.8959,816.3621,1198.4664,845.7916
768,374.9596,1493.1682,-307.9687,1447.3432,1572.3760,295.7519,374.9596,1493.1682
769,1240.3785,808.0534,-46.3295,1093.4516,1245.2876,803.1443,1240.3785,808.0534
770,353.1462,1680.4491,217.0227,1580.0233,1715.0326,318.5627,353.1462,1680.4491
771,355.4429,1977.3656,101.8016,1834.2750,1983.7303,349.0782,355.4429,1977.3656
772,1144.7032,802.4189,-115.4855,1037.1599,1180.0230,767.0991,1144.7032,802.4189
773,1230.9327,502.9200,33.3579,1073.4996,1232.4580,501.3948,1230.9327,502.9200
774,1211.5933,575.5070,-69.0348,1056.4959,1218.9994,568.1009,1211.5933,575.5070
775,857.1751,1115.2567,274.0299,1117.0736,1289.1085,683.3233,857.1751,1115.2567
776,1260.2274,887.7609,136.3996,1146.0045,1304.8354,843.1529,1260.2274,887.7609
777,1131.8641,683.7680,85.4297,998.3072,1147.5988,668.0333,1131.8641,683.7680
778,1286.3939,706.3668,125.6288,1136.8575,1312.4348,680.3258,1286.3939,706.3668
779,1311.5268,673.6028,159.8593,1169.2135,1349.3445,635.7851,1311.5268,673.6028
780,1199.3231,827.5527,70.1570,1070.2721,1212.1218,814.7540,1199.3231,827.5527
781,1198.3804,839.9253,39.8605,1067.6173,1202.7594,835.5463,1198.3804,839.9253
782,1061.5255,672.8063,-206.3236,996.4999,1150.6180,583.7139,1061.5255,672.8063
783,1185.7940,796.2898,88.2101,1057.9661,1204.8395,777.2443,1185.7940,796.2898
784,1179.5105,789.3031,65.6160,1046.9811,1190.2487,778.5649,1179.5105,789.3031
785,1165.5970,720.3263,35.1316,1020.5777,1168.3519,717.5715,1165.5970,720.3263
786,1313.5225,744.9782,58.0770,1145.3851,1319.3944,739.1063,1313.5225,744.9782
787,1260.5226,748.4117,31.1590,1099.3453,1262.4115,746.5228,1260.5226,748.4117
788,1280.5054,581.3274,-254.3514,1194.7077,1363.2439,498.5889,1280.5054,581.3274
789,1472.0474,736.1737,56.8735,1278.6307,1476.4171,731.8040,1472.0474,736.1737
790,1177.9321,776.3022,14.3551,1037.4758,1178.4446,775.7898,1177.9321,776.3022
791,1155.4279,811.5630,50.9365,1031.3725,1162.8144,804.1765,1155.4279,811.5630
792,1268.7507,732.9283,191.5712,1152.0015,1330.1964,671.4826,1268.7507,732.9283
793,1190.3795,756.5567,-81.1614,1052.8786,1205.0663,741.8699,1190.3795,756.5567
794,1344.8958,704.6667,-18.9736,1165.6228,1345.4576,704.1049,1344.8958,704.6667
795,1300.2554,735.9335,-23.6407,1130.0607,1301.2440,734.9449,1300.2554,735.9335
796,1169.9025,787.2372,-58.7884,1038.1675,1178.7304,778.4093,1169.9025,787.2372
797,1192.1698,535.7495,32.9224,1035.7816,1193.8169,534.1025,1192.1698,535.7495
798,1390.3374,606.7263,50.4083,1210.4642,1393.5668,603.4969,1390.3374,606.7263
799,1171.6814,828.5107,-0.0713,1043.3200,1171.6814,828.5107,1171.6814,828.5107
800,1373.0998,668.4967,-18.7815,1189.7212,1373.6001,667.9965,1373.0998,668.4967
801,1395.5630,655.0599,-159.0669,1240.3343,1428.2860,622.3369,1395.5630,655.0599
802,402.8104,2060.4406,74.8119,1895.9154,2063.8102,399.4409,402.8104,2060.4406
803,462.4046,2043.8058,88.0752,1862.5699,2048.6960,457.5145,462.4046,2043.8058
804,1161.3413,719.8381,-197.0970,1071.1884,1236.5264,644.6531,1161.3413,719.8381
805,1167.6341,813.3033,-228.8166,1110.0730,1279.8554,701.0821,1167.6341,813.3033
806,1202.7047,757.0735,87.6438,1064.0335,1219.3222,740.4560,1202.7047,757.0735
807,1290.9663,739.4127,-80.8369,1130.6512,1302.5698,727.8091,1290.9663,739.4127
808,1162.2744,733.1193,191.0598,1070.4071,1235.0074,660.3863,1162.2744,733.1193
809,1210.4077,686.6435,86.1586,1061.9404,1224.2167,672.8345,1210.4077,686.6435
810,1206.8917,743.9197,37.8173,1056.6286,1209.9604,740.8510,1206.8917,743.9197
811,1259.9154,775.8358,78.6850,1109.2315,1272.3841,763.3671,1259.9154,775.8358
812,1239.4554,773.1284,35.8741,1086.0847,1242.1990,770.3848,1239.4554,773.1284
813,1330.4136,549.1461,77.0393,1165.6653,1337.9378,541.6219,1330.4136,549.1461
814,491.1619,2238.5707,40.5782,2039.0876,2239.5125,490.2201,491.1619,2238.5707
815,1259.1117,749.8614,-18.1742,1097.4908,1259.7595,749.2136,1259.1117,749.8614
816,1134.4417,809.5542,-196.5329,1067.6232,1226.9747,717.0212,1134.4417,809.5542
817,1218.6649,750.1325,-62.8482,1070.2955,1226.9488,741.8486,1218.6649,750.1325
818,1233.6427,639.5260,79.6910,1077.4846,1244.1462,629.0224,1233.6427,639.5260
819,1311.6605,752.8791,61.4865,1145.0328,1318.3463,746.1933,1311.6605,752.8791
820,1248.6709,735.8544,80.1789,1095.9501,1260.9145,723.6107,1248.6709,735.8544
821,1185.5066,964.4148,49.6558,1095.2620,1196.1469,953.7744,1185.5066,964.4148
822,448.7369,2124.1720,24.4109,1939.6043,2124.5276,448.3813,448.7369,2124.1720
823,1135.4527,776.8827,-160.8419,1043.2144,1197.0270,715.3084,1135.4527,776.8827
824,1079.8843,765.6399,-211.2912,1029.3124,1186.0706,659.4536,1079.8843,765.6399
825,1795.6986,619.2690,96.6027,1588.7112,1803.5783,611.3892,1795.6986,619.2690
826,1588.8952,739.0723,-58.5058,1380.8606,1592.9041,735.0634,1588.8952,739.0723
827,1263.3623,566.3834,-78.2978,1104.4088,1272.0499,557.6958,1263.3623,566.3834
828,1182.7343,593.0032,-34.2609,1025.9968,1184.7181,591.0194,1182.7343,593.0032
829,1176.0319,645.6057,189.5418,1071.6264,1236.8005,584.8371,1176.0319,645.6057
830,1153.1124,747.7775,190.2875,1065.4557,1228.4439,672.4459,1153.1124,747.7775
831,1118.0224,844.2408,-143.8815,1039.6837,1179.7292,782.5340,1118.0224,844.2408
832,1192.6633,696.2256,-91.1958,1049.6491,1208.8859,680.0030,1192.6633,696.2256
833,1146.0403,765.3866,-141.8187,1040.3840,1193.0673,718.3595,1146.0403,765.3866
834,1184.5785,782.9529,-161.4773,1080.2764,1241.4491,726.0824,1184.5785,782.9529
835,1261.9190,459.8595,-49.6247,1109.5011,1264.9777,456.8008,1261.9190,459.8595
836,490.4843,2031.2677,-5.0057,1835.8631,2031.2839,490.4680,490.4843,2031.2677
837,1236.7061,808.2480,41.6803,1090.1162,1240.7231,804.2310,1236.7061,808.2480
838,1237.2353,813.6934,45.6690,1091.9592,1242.1037,808.8250,1237.2353,813.6934
839,1209.2185,763.4142,-127.7216,1082.0418,1243.2174,729.4152,1209.2185,763.4142
840,1456.2153,719.2208,2.8421,1261.1604,1456.2263,719.2099,1456.2153,719.2208
841,1465.6402,703.8252,13.3007,1269.8218,1465.8724,703.5930,1465.6402,703.8252
842,1283.2545,567.4294,-96.0480,1126.1606,1295.9180,554.7659,1283.2545,567.4294
843,1314.4811,671.4756,62.3884,1143.5800,1320.4785,665.4783,1314.4811,671.4756
844,1194.8369,776.5301,41.8539,1052.6456,1198.9835,772.3835,1194.8369,776.5301
845,1172.7757,855.5725,9.5479,1050.8501,1173.0628,855.2854,1172.7757,855.5725
846,1193.3970,741.7792,-182.4668,1090.4486,1257.9049,677.2714,1193.3970,741.7792
847,1137.4604,700.1351,137.4258,1021.9036,1177.0596,660.5359,1137.4604,700.1351
848,1305.3586,731.3652,-39.1767,1135.2386,1308.0202,728.7036,1305.3586,731.3652
849,1363.1597,746.1708,-15.3800,1182.5967,1363.5429,745.7876,1363.1597,746.1708
850,1222.6200,560.7787,-56.6964,1064.5641,1227.4418,555.9570,1222.6200,560.7787
851,1129.0833,634.3112,-429.0030,1230.0896,1376.9179,386.4766,1129.0833,634.3112
852,1222.5658,549.9281,38.0032,1062.5900,1224.7062,547.7878,1222.5658,549.9281
853,1154.7394,749.3019,-202.2459,1073.4702,1238.3741,665.6671,1154.7394,749.3019
854,1271.6370,745.1555,-222.5729,1171.9070,1353.1199,663.6725,1271.6370,745.1555
855,1255.8591,729.4898,-193.1894,1142.4392,1319.1530,666.1958,1255.8591,729.4898
856,1112.5861,409.5922,55.1040,979.2938,1116.8792,405.2991,1112.5861,409.5922
857,1120.6229,706.0233,-255.3140,1076.3988,1242.1976,584.4487,1120.6229,706.0233
858,1156.4755,765.9046,-283.3951,1131.0323,1305.3546,617.0256,1156.4755,765.9046
859,1259.3203,657.0916,-84.3756,1100.6934,1270.9184,645.4934,1259.3203,657.0916
860,1273.0713,746.5809,-62.6257,1113.2874,1280.4181,739.2342,1273.0713,746.5809
861,1166.6414,545.2984,-143.4615,1041.1428,1198.1657,513.7741,1166.6414,545.2984
862,1269.0505,733.1382,68.6851,1109.8398,1277.7135,724.4752,1269.0505,733.1382
863,1299.8679,756.2101,-18.6184,1131.1839,1300.5047,755.5732,1299.8679,756.2101
864,1162.2949,785.4685,7.8134,1027.1939,1162.4568,785.3066,1162.2949,785.4685
865,1156.8985,749.6388,1.7923,1016.4281,1156.9064,749.6309,1156.8985,749.6388
866,1166.8572,793.4621,-111.7950,1050.1311,1197.7696,762.5497,1166.8572,793.4621
867,1709.4208,737.8096,24.2712,1485.6051,1710.0267,737.2036,1709.4208,737.8096
868,1404.0626,400.5943,-75.5938,1259.5839,1409.7254,394.9316,1404.0626,400.5943
869,1193.3275,822.7531,-49.7097,1061.3918,1199.8799,816.2008,1193.3275,822.7531
870,1238.2336,751.6303,-98.1170,1093.7813,1257.2726,732.5912,1238.2336,751.6303
871,485.1454,1837.7424,87.7929,1656.5669,1843.4170,479.4708,485.1454,1837.7424
872,1208.3383,670.6339,-71.1161,1055.7704,1217.5850,661.3872,1208.3383,670.6339
873,281.8230,1796.0137,-143.2203,1691.2918,1809.4412,268.3955,281.8230,1796.0137
874,1614.9516,572.9273,261.3063,1488.5925,1676.8071,511.0718,1614.9516,572.9273
875,802.5129,472.7874,174.5195,761.2542,877.7267,397.5735,802.5129,472.7874
876,1705.7331,423.9496,229.4398,1588.7232,1745.5651,384.1176,1705.7331,423.9496
877,1131.7678,1107.8268,-21.7864,1120.6248,1144.6557,1094.9389,1131.7678,1107.8268
878,1163.5514,910.4256,64.3157,1065.7435,1178.9556,895.0213,1163.5514,910.4256
879,1179.7604,838.6306,6.1044,1051.6010,1179.8696,838.5214,1179.7604,838.6306
880,1158.6299,794.2770,5.2572,1026.2110,1158.7057,794.2012,1158.6299,794.2770
881,1209.0489,818.2643,-82.3439,1078.1353,1225.6912,801.6220,1209.0489,818.2643
882,1234.5735,800.1871,41.3608,1087.0665,1238.4767,796.2840,1234.5735,800.1871
883,1283.7895,573.1095,194.1230,1163.5589,1333.3572,523.5418,1283.7895,573.1095
884,1320.1265,656.6569,137.0201,1167.6411,1347.3102,629.4731,1320.1265,656.6569
885,1334.3500,966.8583,-240.7996,1264.5675,1453.5018,847.7065,1334.3500,966.8583
886,1199.0723,853.3240,-62.5114,1074.4589,1210.0273,842.3690,1199.0723,853.3240
887,1178.9614,875.7782,-77.2667,1068.8027,1197.5173,857.2224,1178.9614,875.7782
888,428.7996,1639.2940,298.4871,1560.6117,1708.8940,359.1996,428.7996,1639.2940
889,1733.7626,298.9111,-42.8618,1607.0318,1735.0418,297.6319,1733.7626,298.9111
890,916.2119,271.3575,398.9972,1068.6695,1106.7740,80.7953,916.2119,271.3575
891,387.7777,1609.5982,-405.2299,1615.4396,1731.7790,265.5969,387.7777,1609.5982
892,1867.6331,540.5989,149.1429,1684.4557,1884.1885,524.0435,1867.6331,540.5989
893,1268.1685,729.4680,99.1518,1115.6970,1285.8385,711.7980,1268.1685,729.4680
894,1540.5120,613.5590,172.3835,1376.0759,1571.5317,582.5393,1540.5120,613.5590
895,359.4581,1560.4581,-292.0606,1503.0697,1627.7153,292.2009,359.4581,1560.4581
896,265.2782,1574.5318,-240.4391,1518.3105,1617.2909,222.5190,265.2782,1574.5318
897,1219.5950,743.1043,28.0504,1065.6876,1221.2406,741.4587,1219.5950,743.1043
898,1322.5913,658.0601,-15.0169,1145.6975,1322.9305,657.7210,1322.5913,658.0601
899,1120.0767,820.9256,-5.7786,1004.5353,1120.1883,820.8140,1120.0767,820.9256
900,1159.0583,935.1238,-37.3140,1066.8583,1165.1122,929.0699,1159.0583,935.1238
901,317.3012,2013.1036,107.5911,1883.9410,2019.9026,310.5022,317.3012,2013.1036
902,325.3819,1747.4369,126.9550,1624.5546,1758.6820,314.1368,325.3819,1747.4369
903,1200.1923,801.0973,27.1028,1059.6939,1202.0244,799.2651,1200.1923,801.0973
904,1172.3729,862.7143,-52.6055,1056.2260,1181.0656,854.0216,1172.3729,862.7143
905,1182.1533,881.0897,-9.9539,1064.1991,1182.4821,880.7610,1182.1533,881.0897
906,1177.2453,857.3227,-4.1777,1054.3633,1177.2999,857.2682,1177.2453,857.3227
907,1191.5571,790.4098,-2.8899,1050.1251,1191.5779,790.3890,1191.5571,790.4098
908,1165.3725,829.0532,34.9124,1040.6359,1168.9584,825.4672,1165.3725,829.0532
909,1141.0468,658.1278,136.5023,1019.8353,1176.9599,622.2147,1141.0468,658.1278
910,1141.1310,724.5579,114.7921,1019.7453,1170.6690,695.0199,1141.1310,724.5579
911,1179.0848,782.0527,-24.5129,1039.9729,1180.5925,780.5450,1179.0848,782.0527
912,1196.2907,764.5253,-79.5898,1058.3097,1210.4947,750.3213,1196.2907,764.5253
913,1190.6787,798.7711,58.4515,1055.8982,1199.2107,790.2391,1190.6787,798.7711
914,1194.8567,801.2649,48.0861,1057.9452,1200.6464,795.4752,1194.8567,801.2649
915,1184.4429,822.0685,16.4328,1051.5791,1185.1866,821.3248,1184.4429,822.0685
916,1151.0254,1535.7256,29.0539,1384.9859,1537.9075,1148.8436,1151.0254,1535.7256
917,1027.2989,1184.4839,265.2356,1205.2285,1382.5260,829.2568,1027.2989,1184.4839
918,353.1727,2114.2485,70.0575,1965.4025,2117.0311,350.3901,353.1727,2114.2485
919,425.7551,1599.8823,317.2627,1536.7822,1680.1262,345.5112,425.7551,1599.8823
920,1224.0881,749.1430,95.4440,1081.6277,1242.5506,730.6805,1224.0881,749.1430
921,1219.6372,799.1102,115.5016,1091.5536,1249.2723,769.4750,1219.6372,799.1102
922,1255.1515,788.1063,100.8858,1112.5906,1276.0120,767.2458,1255.1515,788.1063
923,1177.1763,689.7262,-44.0609,1027.3077,1181.1270,685.7756,1177.1763,689.7262
924,1182.2432,718.5599,-80.5663,1041.1472,1195.8430,704.9602,1182.2432,718.5599
925,393.3461,2070.2409,80.4460,1909.3748,2074.0913,389.4957,393.3461,2070.2409
926,452.2076,2035.1587,68.8065,1854.7915,2038.1439,449.2224,452.2076,2035.1587
927,1226.8578,607.3109,-157.9010,1097.1420,1264.7801,569.3886,1226.8578,607.3109
928,1166.5592,824.0972,-114.3928,1057.3058,1201.2549,789.4016,1166.5592,824.0972
929,1147.2308,798.9321,-127.7969,1042.5294,1189.0908,757.0721,1147.2308,798.9321
930,1161.0094,586.2991,-82.4879,1015.5803,1172.6145,574.6940,1161.0094,586.2991
931,1261.0157,742.2943,63.9788,1103.3569,1268.7902,734.5198,1261.0157,742.2943
932,1254.8117,803.2756,32.0247,1102.2347,1257.0718,801.0156,1254.8117,803.2756
933,1218.9741,815.0055,-221.1678,1141.6685,1316.5109,717.4688,1218.9741,815.0055
934,1166.2249,780.4232,-190.7690,1080.8193,1244.6238,702.0243,1166.2249,780.4232
935,1723.1102,765.5419,-414.4784,1658.7426,1877.5926,611.0594,1723.1102,765.5419
936,1263.4998,706.9230,-140.5504,1123.4937,1296.9787,673.4441,1263.4998,706.9230
937,1178.9524,729.7097,242.1557,1112.6681,1284.6251,624.0370,1178.9524,729.7097
938,1168.1141,740.0312,176.2083,1068.1029,1231.3146,676.8307,1168.1141,740.0312
939,1199.5584,797.4244,67.9118,1064.0042,1210.7176,786.2652,1199.5584,797.4244
940,1137.0271,782.7050,-93.7359,1020.7155,1160.2967,759.4354,1137.0271,782.7050
941,1241.1587,538.9629,173.6485,1119.1420,1281.7539,498.3676,1241.1587,538.9629
942,1234.6263,676.2926,139.3012,1097.6883,1267.4513,643.4675,1234.6263,676.2926
943,1312.4698,717.8196,39.1030,1140.3125,1315.0301,715.2593,1312.4698,717.8196
944,1132.5539,756.0102,49.9766,1002.7464,1139.0741,749.4900,1132.5539,756.0102
945,1153.0569,766.4495,-207.3866,1078.0783,1243.2590,676.2475,1153.0569,766.4495
946,1205.2388,718.0377,-92.1950,1062.2013,1222.1016,701.1749,1205.2388,718.0377
947,379.9975,2080.3908,84.0708,1924.3400,2084.5373,375.8510,379.9975,2080.3908
948,1176.6024,731.7523,165.6164,1068.2507,1231.4889,676.8657,1176.6024,731.7523
949,1161.0112,705.5280,171.5293,1055.8682,1218.3810,648.1582,1161.0112,705.5280
950,1195.2938,786.5313,45.8985,1055.2453,1200.3841,781.4409,1195.2938,786.5313
951,1293.2777,626.1257,40.3614,1122.3784,1295.7106,623.6928,1293.2777,626.1257
952,401.9810,1577.2608,-266.1497,1492.5878,1634.7227,344.5191,401.9810,1577.2608
953,463.5740,2218.0557,95.1329,2033.1231,2223.1990,458.4308,463.5740,2218.0557
954,1579.1368,655.6913,98.6497,1384.6925,1589.5578,645.2703,1579.1368,655.6913
955,1489.1483,628.7405,123.7955,1312.4654,1506.6057,611.2830,1489.1483,628.7405
956,317.4434,1901.6422,294.9255,1836.9248,1954.7661,264.3194,317.4434,1901.6422
957,1263.6619,722.0199,128.2256,1120.3082,1292.4837,693.1981,1263.6619,722.0199
958,1277.7518,803.3213,78.1897,1126.8852,1290.3058,790.7672,1277.7518,803.3213
959,1160.9357,827.4691,38.0109,1037.3875,1165.2136,823.1912,1160.9357,827.4691
960,1173.3960,608.2448,151.1779,1049.6057,1211.2946,570.3462,1173.3960,608.2448
961,1663.9209,767.5665,78.3470,1448.8050,1670.7174,760.7700,1663.9209,767.5665
962,1136.9404,816.9379,-214.4365,1081.2772,1244.4899,709.3884,1136.9404,816.9379
963,1277.4147,758.8288,106.6174,1127.9948,1298.4788,737.7646,1277.4147,758.8288
964,1276.1914,773.7855,66.8394,1119.5144,1284.9316,765.0453,1276.1914,773.7855
965,1168.4527,795.7244,-67.7395,1040.4127,1180.3819,783.7953,1168.4527,795.7244
966,1762.2392,540.3429,-547.7082,1828.9879,1971.8042,330.7779,1762.2392,540.3429
967,1120.5228,455.4393,-227.4661,1052.5629,1190.8766,385.0854,1120.5228,455.4393
968,1351.2080,764.3816,-24.2039,1174.2918,1352.2047,763.3850,1351.2080,764.3816
969,1456.5338,758.9860,-13.0264,1261.9710,1456.7770,758.7429,1456.5338,758.9860
970,1647.6938,562.0769,-95.5648,1460.1687,1656.0420,553.7287,1647.6938,562.0769
971,1216.3184,870.5966,108.4958,1101.7079,1247.5463,839.3687,1216.3184,870.5966
972,439.8590,2117.5434,32.7797,1936.3029,2118.1836,439.2187,439.8590,2117.5434
973,419.9078,2093.8353,94.4775,1925.6243,2099.1508,414.5923,419.9078,2093.8353
974,457.8457,2115.6451,116.4003,1938.4492,2123.7781,449.7127,457.8457,2115.6451
975,1349.6221,699.0388,-30.1287,1170.2222,1351.0144,697.6465,1349.6221,699.0388
976,1396.4763,763.1724,-33.6146,1212.5245,1398.2555,761.3932,1396.4763,763.1724
977,1390.2532,640.3732,82.8968,1213.7613,1399.3078,631.3186,1390.2532,640.3732
978,1182.6529,695.9061,178.8830,1075.1442,1241.3221,637.2369,1182.6529,695.9061
979,1163.0573,692.7734,171.4680,1055.9858,1218.9360,636.8947,1163.0573,692.7734
980,1107.5531,525.0243,261.2578,1060.9425,1207.5566,425.0208,1107.5531,525.0243
981,1136.9231,785.2941,38.2809,1010.3753,1141.0424,781.1748,1136.9231,785.2941
982,1160.7756,800.7168,-18.4381,1029.6187,1161.7173,799.7750,1160.7756,800.7168
983,1130.8730,386.0052,70.4952,1003.1249,1137.4861,379.3922,1130.8730,386.0052
984,1376.3206,483.8368,94.5562,1220.3542,1386.2286,473.9289,1376.3206,483.8368
985,1330.7419,685.5634,16.0070,1152.9666,1331.1388,685.1666,1330.7419,685.5634
986,1274.8341,793.0545,-168.2591,1152.4139,1327.7793,740.1093,1274.8341,793.0545
987,1093.6195,759.0525,-175.3053,1016.9787,1168.6493,684.0227,1093.6195,759.0525
988,1115.4191,781.6438,-177.5404,1038.1850,1192.1953,704.8676,1115.4191,781.6438
989,518.0386,2210.4251,17.5552,2002.5439,2210.6072,517.8565,518.0386,2210.4251
990,1155.8772,711.7122,134.3747,1036.3900,1193.3659,674.2235,1155.8772,711.7122
991,1220.2491,800.0535,-31.4759,1075.0819,1222.5938,797.7088,1220.2491,800.0535
992,1202.3351,828.3585,35.6202,1067.5343,1205.6976,824.9960,1202.3351,828.3585
993,1221.8036,586.4982,99.9797,1072.4674,1237.1662,571.1356,1221.8036,586.4982
994,1335.3797,748.7290,28.8142,1160.3824,1336.7916,747.3172,1335.3797,748.7290
995,1130.8752,772.2985,35.8902,1002.9032,1134.4322,768.7416,1130.8752,772.2985
996,1175.4096,677.1951,-85.1370,1032.4458,1189.5565,663.0482,1175.4096,677.1951
997,312.9922,2044.3796,-150.7933,1925.0436,2057.4146,299.9571,312.9922,2044.3796
998,924.9566,536.1599,7.5930,804.5250,925.1048,536.0116,924.9566,536.1599
999,1234.1786,620.9297,-97.9642,1082.2215,1249.4479,605.6605,1234.1786,620.9297
1000,1409.2233,569.0720,319.4958,1346.8617,1516.9176,461.3777,1409.2233,569.0720
1001,1275.4503,195.3755,-29.6017,1190.9585,1276.2610,194.5648,1275.4503,195.3755
1002,1227.5990,875.1384,-154.8944,1127.1754,1285.9947,816.7426,1227.5990,875.1384
1003,1292.7072,687.3112,-29.1645,1121.4046,1294.1089,685.9095,1292.7072,687.3112
1004,1310.4113,665.4096,-47.9360,1137.9284,1313.9544,661.8665,1310.4113,665.4096
1005,1129.8236,753.1078,-143.3136,1026.8447,1178.1458,704.7856,1129.8236,753.1078
1006,1442.6577,712.8479,22.5005,1250.0147,1443.3508,712.1549,1442.6577,712.8479
1007,1276.6926,743.8936,5.2354,1110.7117,1276.7440,743.8422,1276.6926,743.8936
1008,1293.9152,727.9007,29.2454,1124.6244,1295.4222,726.3937,1293.9152,727.9007
1009,1141.1365,571.1165,-187.1220,1040.0426,1197.0742,515.1788,1141.1365,571.1165
1010,1130.8735,631.1135,-200.3889,1041.1228,1201.2992,560.6879,1130.8735,631.1135
1011,1408.5576,705.8710,30.2507,1220.9725,1409.8575,704.5712,1408.5576,705.8710
1012,1440.7059,624.4745,109.6343,1265.6923,1455.1753,610.0052,1440.7059,624.4745
1013,1299.6865,755.9638,-94.1387,1142.2507,1315.5241,740.1262,1299.6865,755.9638
1014,1137.5010,734.8338,-227.3582,1073.8204,1239.8563,632.4784,1137.5010,734.8338
1015,1171.1718,827.3151,-266.4694,1140.2558,1316.3637,682.1232,1171.1718,827.3151
1016,1159.3658,778.7991,-135.0868,1049.9949,1202.4409,735.7239,1159.3658,778.7991
1017,1155.5437,807.4391,-65.6657,1033.0266,1167.5188,795.4640,1155.5437,807.4391
1018,1371.7335,730.4465,-64.1131,1193.9675,1378.0805,724.0996,1371.7335,730.4465
1019,1319.2615,782.0647,69.1026,1155.2722,1328.0081,773.3181,1319.2615,782.0647
1020,1261.3017,619.1355,-90.8883,1103.6649,1273.9176,606.5196,1261.3017,619.1355
1021,1191.9569,720.8719,93.2959,1052.2745,1209.7608,703.0680,1191.9569,720.8719
1022,1143.3000,743.0527,51.1278,1008.7478,1149.7278,736.6249,1143.3000,743.0527
1023,1215.3487,732.4773,-105.0262,1075.3937,1237.2032,710.6229,1215.3487,732.4773
1024,1244.8931,821.1381,53.5920,1100.1880,1251.5657,814.4654,1244.8931,821.1381
1025,1187.8394,635.3460,89.1749,1041.0545,1201.8760,621.3094,1187.8394,635.3460
1026,1309.2609,755.2469,47.7493,1141.3092,1313.3462,751.1616,1309.2609,755.2469
1027,1690.1690,372.8305,336.2291,1644.5903,1771.0234,291.9762,1690.1690,372.8305
1028,320.1144,1857.7004,-6.9681,1720.1724,1857.7320,320.0829,320.1144,1857.7004
1029,1079.3688,1021.3338,142.9857,1080.3234,1196.2517,904.4509,1079.3688,1021.3338
1030,1126.6888,950.0739,-11.3237,1049.7691,1127.4119,949.3509,1126.6888,950.0739
1031,1230.1672,865.9996,145.3653,1123.0920,1281.0761,815.0907,1230.1672,865.9996
1032,1220.9490,427.1793,-244.6105,1153.7492,1290.2743,357.8540,1220.9490,427.1793
1033,351.8987,1559.3625,-251.6896,1482.1435,1609.7253,301.5359,351.8987,1559.3625
1034,297.9597,2108.5052,45.0239,1977.9803,2109.6242,296.8407,297.9597,2108.5052
1035,1343.9119,688.9977,167.3759,1199.5452,1384.2085,648.7011,1343.9119,688.9977
1036,1239.9941,555.6937,261.6496,1167.3498,1328.5727,467.1151,1239.9941,555.6937
1037,404.7228,1409.6150,451.5635,1480.5541,1582.7144,231.6234,404.7228,1409.6150
1038,1207.6043,774.4687,-12.9347,1059.8868,1207.9902,774.0827,1207.6043,774.4687
1039,1231.4047,652.4408,1.2339,1067.0625,1231.4073,652.4382,1231.4047,652.4408
1040,1191.2434,879.6865,-50.8958,1073.6664,1199.3470,871.5830,1191.2434,879.6865
1041,1177.4198,826.7204,-55.1424,1051.4319,1185.8858,818.2544,1177.4198,826.7204
1042,354.5826,2826.5088,149.1199,2679.4328,2835.4720,345.6194,354.5826,2826.5088
1043,1150.9746,444.6083,-20.9080,1005.9810,1151.5930,443.9900,1150.9746,444.6083
1044,1171.8364,1120.6038,54.6987,1150.9843,1206.6200,1085.8202,1171.8364,1120.6038
1045,1205.1641,885.1420,89.6080,1092.3573,1228.5465,861.7597,1205.1641,885.1420
1046,1222.2863,733.9978,-109.0635,1082.2503,1245.5392,710.7449,1222.2863,733.9978
1047,1188.3575,894.6859,16.2442,1072.4930,1189.2533,893.7901,1188.3575,894.6859
1048,1161.9683,914.1124,6.4699,1060.0602,1162.1370,913.9436,1161.9683,914.1124
1049,1207.5012,812.6505,80.0110,1075.3552,1223.0982,797.0535,1207.5012,812.6505
1050,778.1152,860.4926,-168.7286,872.7866,992.9871,645.6207,778.1152,860.4926
1051,1120.4211,491.2194,192.0410,1028.0597,1174.4033,437.2373,1120.4211,491.2194
1052,1138.2919,718.9859,133.3907,1023.5294,1177.1292,680.1486,1138.2919,718.9859
1053,1133.3570,742.5526,121.3513,1019.0602,1167.9726,707.9371,1133.3570,742.5526
1054,1553.4957,633.1004,-170.0546,1384.7029,1583.9104,602.6857,1553.4957,633.1004
1055,1294.8628,683.3493,-60.8013,1126.8907,1300.8495,677.3626,1294.8628,683.3493
1056,413.0138,1770.2388,333.0477,1704.6862,1847.5599,335.6927,413.0138,1770.2388
1057,1288.6394,670.0369,114.3175,1133.7154,1309.0892,649.5871,1288.6394,670.0369
1058,1208.6213,873.6747,-23.2716,1081.5525,1210.2304,872.0656,1208.6213,873.6747
1059,1229.2918,830.1982,38.5759,1088.2536,1232.9863,826.5036,1229.2918,830.1982
1060,1163.0418,791.6761,-59.3617,1034.0388,1172.2998,782.4181,1163.0418,791.6761
1061,1127.7021,952.2673,35.0750,1052.7782,1134.4547,945.5146,1127.7021,952.2673
1062,1179.2647,808.2872,-152.3384,1077.2325,1233.8032,753.7487,1179.2647,808.2872
1063,1186.6581,763.6694,-129.6412,1065.6240,1223.2297,727.0978,1186.6581,763.6694
1064,304.2998,2079.9056,110.3595,1955.0521,2086.7385,297.4669,304.2998,2079.9056
1065,313.5625,1884.3697,158.6360,1770.2539,1900.2302,297.7020,313.5625,1884.3697
1066,1426.6831,1043.6044,-480.9068,1526.2556,1752.7910,717.4965,1426.6831,1043.6044
1067,1362.3865,662.0392,129.2505,1201.0648,1385.4786,638.9472,1362.3865,662.0392
1068,1175.7364,628.0623,257.7095,1112.4860,1277.9324,525.8663,1175.7364,628.0623
1069,352.1551,2049.6780,67.1008,1901.8139,2052.3262,349.5068,352.1551,2049.6780
1070,1181.1427,852.5095,-79.7913,1064.9108,1199.4913,834.1608,1181.1427,852.5095
1071,1191.4695,846.8188,-47.4220,1065.1241,1197.8755,840.4129,1191.4695,846.8188
1072,1154.0004,767.7880,25.7762,1018.4208,1155.7131,766.0753,1154.0004,767.7880
1073,397.4903,2092.6920,65.8915,1928.3564,2095.2493,394.9330,397.4903,2092.6920
1074,1149.5891,757.2570,-237.3261,1092.4421,1261.3269,645.5191,1149.5891,757.2570
1075,1241.1158,763.0842,108.6850,1100.4668,1264.6661,739.5338,1241.1158,763.0842
1076,1232.8573,614.3057,89.9120,1078.9855,1245.6617,601.5012,1232.8573,614.3057
1077,1192.3410,788.0039,125.2290,1072.4293,1227.9842,752.3607,1192.3410,788.0039
1078,1072.8228,634.4443,71.5568,942.4347,1084.2074,623.0597,1072.8228,634.4443
1079,1096.7828,776.3520,-23.4243,977.6561,1098.4861,774.6487,1096.7828,776.3520
1080,1143.6906,896.2615,-81.1594,1051.6784,1167.9360,872.0161,1143.6906,896.2615
1081,1179.8260,877.6069,-127.8397,1084.3379,1226.6485,830.7844,1179.8260,877.6069
1082,1158.1772,887.4954,-12.6367,1049.5831,1158.7659,886.9067,1158.1772,887.4954
1083,1188.3383,908.3127,-40.4423,1078.2875,1194.0621,902.5889,1188.3383,908.3127
1084,1376.6699,693.9376,-81.6138,1200.5952,1386.2904,684.3170,1376.6699,693.9376
1085,1131.9258,705.2913,-157.8433,1027.1796,1183.9739,653.2432,1131.9258,705.2913
1086,478.6223,2117.5012,91.3793,1929.8855,2122.5805,473.5430,478.6223,2117.5012
1087,312.0052,1409.6380,-44.0708,1284.6941,1411.4047,310.2386,312.0052,1409.6380
1088,1147.5997,818.7673,-110.9029,1041.4635,1181.5068,784.8602,1147.5997,818.7673
1089,1300.4237,677.5866,131.3355,1149.2705,1326.9852,651.0251,1300.4237,677.5866
1090,1284.8708,782.0195,130.3304,1143.9456,1316.6428,750.2476,1284.8708,782.0195
1091,1166.0487,801.6413,10.7146,1033.3876,1166.3634,801.3266,1166.0487,801.6413
1092,317.5667,1547.8657,-231.8452,1471.8841,1590.1059,275.3266,317.5667,1547.8657
1093,1271.0131,745.9968,-152.5834,1137.3913,1312.1367,704.8732,1271.0131,745.9968
1094,1316.8821,603.2048,-300.3219,1254.6971,1426.4415,493.6454,1316.8821,603.2048
1095,1298.4635,823.5943,116.9744,1155.8360,1325.7140,796.3438,1298.4635,823.5943
1096,2079.5308,734.7041,-51.6113,1828.7673,2081.5086,732.7263,2079.5308,734.7041
1097,2047.4527,684.4052,19.7686,1805.6462,2047.7393,684.1186,2047.4527,684.4052
1098,1193.3679,856.0416,-43.1881,1068.1560,1198.8095,850.5999,1193.3679,856.0416
1099,1181.3411,866.3415,-21.8644,1060.2376,1182.8515,864.8311,1181.3411,866.3415
1100,1332.3903,464.9983,-144.3246,1197.6714,1355.7739,441.6146,1332.3903,464.9983
1101,1133.7582,846.7973,-150.0805,1053.5570,1197.9091,782.6464,1133.7582,846.7973
1102,1217.7079,811.9571,-134.8484,1099.0508,1258.4357,771.2293,1217.7079,811.9571
1103,1204.2390,879.6213,-107.6848,1095.1890,1236.7126,847.1478,1204.2390,879.6213
1104,1219.1432,781.6903,-40.8788,1072.0871,1222.9304,777.9031,1219.1432,781.6903
1105,1230.6094,876.6658,-122.6883,1117.7059,1268.9778,838.2974,1230.6094,876.6658
1106,1192.6140,767.5277,-55.1991,1051.2866,1199.6649,760.4768,1192.6140,767.5277
1107,1278.6358,749.5218,167.8461,1150.1496,1327.3881,700.7695,1278.6358,749.5218
1108,1236.4369,731.5062,205.9873,1134.3318,1309.8082,658.1349,1236.4369,731.5062
1109,1205.3118,735.0956,174.6752,1094.8319,1263.0983,677.3091,1205.3118,735.0956
1110,1175.2520,789.4276,81.5068,1047.1709,1191.7639,772.9157,1175.2520,789.4276
1111,1194.9397,882.1838,45.4687,1076.1854,1201.4159,875.7077,1194.9397,882.1838
1112,333.4974,1715.8330,406.4817,1725.9084,1826.5008,222.8296,333.4974,1715.8330
1113,1336.7344,746.2748,44.1529,1162.7821,1340.0177,742.9915,1336.7344,746.2748
1114,1252.2911,761.3259,68.7509,1099.3764,1261.7367,751.8803,1252.2911,761.3259
1115,398.9536,2051.1476,63.3245,1886.8195,2053.5711,396.5301,398.9536,2051.1476
1116,1367.1247,503.2669,-37.1003,1199.3366,1368.7151,501.6764,1367.1247,503.2669
1117,1184.1677,791.6816,-53.3517,1048.8414,1191.2906,784.5586,1184.1677,791.6816
1118,1287.1802,736.5649,-202.2719,1172.1820,1353.4983,670.2467,1287.1802,736.5649
1119,1212.8964,583.4557,4.7611,1050.6831,1212.9324,583.4197,1212.8964,583.4557
1120,1153.5273,793.6246,66.0531,1028.6334,1165.2671,781.8848,1153.5273,793.6246
1121,1156.2478,810.8637,78.2972,1036.9383,1173.1685,793.9430,1156.2478,810.8637
1122,1351.0804,546.9086,234.9617,1245.4841,1414.6983,483.2907,1351.0804,546.9086
1123,1259.0992,806.3318,43.6120,1107.2290,1263.2618,802.1692,1259.0992,806.3318
1124,1219.6187,594.1419,-134.4358,1081.6962,1247.2893,566.4713,1219.6187,594.1419
1125,1446.3534,717.4394,-425.5859,1453.3949,1642.2109,521.5819,1446.3534,717.4394
1126,1813.9608,222.2286,124.0053,1727.0951,1823.5636,212.6258,1813.9608,222.2286
1127,1799.0424,590.5233,-115.0420,1600.8119,1809.8961,579.6696,1799.0424,590.5233
1128,1975.6327,516.8127,66.5145,1778.3308,1978.6591,513.7863,1975.6327,516.8127
1129,1199.6720,923.2373,220.3152,1153.0890,1321.5369,801.3723,1199.6720,923.2373
1130,1197.1618,648.8912,59.8712,1043.1597,1203.6236,642.4294,1197.1618,648.8912
1131,730.5604,1182.2851,-194.3454,1086.7825,1254.3891,658.4564,730.5604,1182.2851
1132,1188.8309,872.5880,49.5001,1069.9158,1196.3979,865.0211,1188.8309,872.5880
1133,1156.7743,815.7711,-177.4022,1074.4118,1232.3262,740.2192,1156.7743,815.7711
1134,1303.4979,733.2615,37.8168,1133.6952,1305.9949,730.7645,1303.4979,733.2615
1135,1749.5802,624.5608,76.3395,1541.3861,1754.7367,619.4043,1749.5802,624.5608
1136,2139.9468,740.0856,207.3264,1916.3267,2170.0074,710.0251,2139.9468,740.0856
1137,1070.4827,1236.9681,75.5089,1170.0321,1266.1129,1041.3379,1070.4827,1236.9681
1138,1316.5302,666.0626,45.3411,1142.8767,1319.6755,662.9173,1316.5302,666.0626
1139,1238.9907,863.2882,79.9845,1109.0315,1255.3099,846.9689,1238.9907,863.2882
1140,1218.6057,907.7923,89.0334,1107.5318,1242.3028,884.0951,1218.6057,907.7923
1141,1245.5714,787.2674,-65.1412,1096.9824,1254.6504,778.1884,1245.5714,787.2674
1142,1431.6744,619.0829,-187.4105,1285.3008,1472.8146,577.9427,1431.6744,619.0829
1143,1362.2043,649.0298,-131.2393,1201.8321,1385.5884,625.6457,1362.2043,649.0298
1144,1386.7623,736.6013,79.6373,1209.6390,1396.3748,726.9887,1386.7623,736.6013
1145,1158.9293,482.8527,-177.4476,1054.1037,1202.6731,439.1089,1158.9293,482.8527
1146,1142.3224,808.5224,63.7079,1023.3239,1154.0681,796.7767,1142.3224,808.5224
1147,1411.8689,557.6315,-89.5771,1241.4090,1421.1611,548.3393,1411.8689,557.6315
1148,1348.8781,624.6735,-16.9612,1169.5912,1349.2751,624.2765,1348.8781,624.6735
1149,1586.9909,738.1167,35.5424,1376.8666,1588.4765,736.6312,1586.9909,738.1167
1150,1180.2744,830.7798,-207.2697,1109.7643,1276.6310,734.4232,1180.2744,830.7798
1151,1253.1452,809.3612,34.0660,1102.1220,1255.7450,806.7614,1253.1452,809.3612
1152,1254.7385,777.2303,31.3517,1098.2640,1256.7882,775.1807,1254.7385,777.2303
1153,1162.1901,697.6102,158.1284,1049.5732,1210.9041,648.8962,1162.1901,697.6102
1154,1191.9463,531.5616,66.1913,1040.5983,1198.5154,524.9925,1191.9463,531.5616
1155,1254.3126,552.0869,148.5585,1118.8474,1284.4475,521.9519,1254.3126,552.0869
1156,1359.1300,523.1086,84.2885,1196.3352,1367.5434,514.6952,1359.1300,523.1086
1157,1141.7932,567.4238,164.7671,1029.1868,1185.7026,523.5145,1141.7932,567.4238
1158,1476.2294,723.3357,33.2115,1279.8310,1477.6916,721.8735,1476.2294,723.3357
1159,1390.4667,739.1053,32.6953,1206.3084,1392.1037,737.4682,1390.4667,739.1053
1160,1168.8726,844.7203,-241.1485,1125.5678,1297.3499,716.2431,1168.8726,844.7203
1161,1174.5123,743.5042,-95.8613,1042.3967,1194.8713,723.1452,1174.5123,743.5042
1162,1262.1326,823.5693,53.7597,1113.7602,1268.6264,817.0755,1262.1326,823.5693
1163,1247.2929,675.7437,-110.5410,1098.2608,1267.9272,655.1093,1247.2929,675.7437
1164,1242.3564,797.0438,-50.8733,1093.7459,1248.0943,791.3059,1242.3564,797.0438
1165,1217.1517,777.7725,-67.7520,1074.0075,1227.3618,767.5625,1217.1517,777.7725
1166,1146.9626,735.0167,-84.1894,1016.8578,1163.5042,718.4751,1146.9626,735.0167
1167,357.5989,1933.0758,-223.1474,1822.8487,1964.0721,326.6026,357.5989,1933.0758
1168,1183.2922,779.5499,-64.9727,1047.9063,1193.4905,769.3517,1183.2922,779.5499
1169,519.8129,2204.8246,22.7424,1996.7254,2205.1315,519.5060,519.8129,2204.8246
1170,1181.8532,782.4662,-35.1848,1043.0648,1184.9292,779.3902,1181.8532,782.4662
1171,1155.2496,743.7509,54.7806,1018.6029,1162.4174,736.5831,1155.2496,743.7509
1172,1185.7525,508.4544,-534.6304,1385.3241,1479.9644,214.2426,1185.7525,508.4544
1173,1050.3587,371.8119,-255.7581,1023.3271,1135.9602,286.2104,1050.3587,371.8119
1174,1166.3033,872.1433,-4.9842,1050.6133,1166.3877,872.0589,1166.3033,872.1433
1175,1153.1837,832.0597,-99.6233,1045.1855,1181.5792,803.6641,1153.1837,832.0597
1176,1183.2180,585.3121,191.0345,1076.8127,1239.0424,529.4876,1183.2180,585.3121
1177,313.3134,1559.8231,-209.2269,1474.3906,1594.0046,279.1319,313.3134,1559.8231
1178,288.3074,1820.8894,-57.2481,1698.1212,1823.0249,286.1719,288.3074,1820.8894
1179,471.5404,1973.3139,-449.3172,1947.1720,2097.4797,347.3747,471.5404,1973.3139
1180,381.1712,1555.7559,-315.4340,1507.0350,1635.1051,301.8221,381.1712,1555.7559
1181,1564.1640,327.1775,102.1663,1439.8642,1572.5454,318.7961,1564.1640,327.1775
1182,1720.3442,611.7429,-60.3768,1514.0480,1723.6228,608.4643,1720.3442,611.7429
1183,312.3631,2148.4535,60.8104,2013.3106,2150.4653,310.3513,312.3631,2148.4535
1184,360.3266,1793.7354,270.2466,1708.8273,1842.9934,311.0686,360.3266,1793.7354
1185,313.2148,2079.8690,173.1147,1965.3037,2096.6727,296.4111,313.2148,2079.8690
1186,1161.1132,917.3223,-84.5255,1070.5058,1187.5520,890.8834,1161.1132,917.3223
1187,1159.0080,1132.5654,-103.8607,1160.0486,1250.4856,1041.0879,1159.0080,1132.5654
1188,1225.7675,835.7528,126.3816,1106.5563,1263.1395,798.3808,1225.7675,835.7528
1189,1818.2764,1255.7455,661.8824,1978.3827,2256.1761,817.8458,1818.2764,1255.7455
1190,337.3999,2070.3490,54.2641,1926.2611,2072.0465,335.7023,337.3999,2070.3490
1191,294.3847,2072.0070,55.2765,1943.9842,2073.7242,292.6675,294.3847,2072.0070
1192,1296.6611,533.9695,111.1070,1145.0373,1312.5173,518.1134,1296.6611,533.9695
1193,1125.5114,587.3509,20.7999,975.6970,1126.3141,586.5482,1125.5114,587.3509
1194,1215.2454,624.3056,-85.6579,1062.9705,1227.4112,612.1397,1215.2454,624.3056
1195,1152.3193,712.2350,-81.1953,1016.9436,1166.8218,697.7324,1152.3193,712.2350
1196,1114.8528,1345.5977,-8.9075,1246.4448,1345.9411,1114.5095,1114.8528,1345.5977
1197,1572.3373,124.5984,187.9674,1548.5006,1596.3440,100.5917,1572.3373,124.5984
1198,312.5197,1648.2655,-273.1917,1588.4689,1701.9797,258.8055,312.5197,1648.2655
1199,1218.5613,883.6689,-77.4821,1098.6210,1235.6190,866.6111,1218.5613,883.6689
1200,1203.3163,814.6299,-41.6696,1066.0880,1207.7333,810.2129,1203.3163,814.6299
1201,1154.7140,983.8301,448.8484,1330.2775,1526.1804,612.3637,1154.7140,983.8301
1202,1179.0696,797.0266,43.2811,1044.6657,1183.9115,792.1847,1179.0696,797.0266
1203,1160.6148,822.1789,-11.1814,1033.9956,1160.9838,821.8099,1160.6148,822.1789
1204,1167.0197,869.4654,25.9430,1051.3044,1169.2647,867.2205,1167.0197,869.4654
1205,1187.7724,391.7481,27.8450,1049.4228,1188.7452,390.7753,1187.7724,391.7481
1206,1137.8975,835.5269,-91.3916,1033.0678,1163.3741,810.0503,1137.8975,835.5269
1207,1183.4461,890.3955,-82.5504,1077.0596,1205.0999,868.7416,1183.4461,890.3955
1208,1328.8340,640.9499,72.1311,1157.8037,1336.3163,633.4677,1328.8340,640.9499
1209,1288.5901,659.2553,133.8715,1139.8846,1315.8835,631.9619,1288.5901,659.2553
1210,1130.3350,801.1686,-123.1579,1029.2925,1171.3132,760.1904,1130.3350,801.1686
1211,1133.8495,744.6707,-100.1009,1012.8501,1158.0871,720.4332,1133.8495,744.6707
1212,438.9734,1583.9697,378.6743,1560.9356,1697.8740,325.0691,438.9734,1583.9697
1213,1493.0942,675.3894,-114.3248,1310.0655,1508.7774,659.7063,1493.0942,675.3894
1214,402.2594,2134.7869,82.6778,1969.9991,2138.7234,398.3229,402.2594,2134.7869
1215,453.5907,2094.8849,33.2975,1909.8150,2095.5602,452.9154,453.5907,2094.8849
1216,1193.2868,908.7317,32.6887,1080.9971,1196.9937,905.0248,1193.2868,908.7317
1217,1183.1365,877.8704,10.1218,1064.0184,1183.4717,877.5352,1183.1365,877.8704
1218,1274.3759,765.0380,-134.9572,1135.3464,1307.9251,731.4887,1274.3759,765.0380
1219,1110.0225,498.5239,180.2475,1012.3096,1159.1982,449.3482,1110.0225,498.5239
1220,486.6841,1592.4350,560.8218,1715.0106,1827.0825,252.0366,486.6841,1592.4350
1221,1253.4606,501.3353,100.9686,1106.6528,1266.7792,488.0167,1253.4606,501.3353
1222,1194.6532,773.5080,105.9520,1065.4176,1219.8064,748.3549,1194.6532,773.5080
1223,1219.6727,764.4834,136.4517,1093.3774,1257.4427,726.7134,1219.6727,764.4834
1224,1134.9366,794.8278,-192.4114,1062.4593,1221.6714,708.0931,1134.9366,794.8278
1225,1118.5599,756.3674,-212.8482,1055.0539,1216.9278,657.9995,1118.5599,756.3674
1226,1275.7865,747.1164,-48.3875,1113.4079,1280.1788,742.7241,1275.7865,747.1164
1227,1172.3209,580.0870,-73.7951,1023.2918,1181.3776,571.0303,1172.3209,580.0870
1228,1188.0969,590.7404,-87.8973,1040.1295,1200.7619,578.0754,1188.0969,590.7404
1229,1155.1101,788.5645,92.5975,1034.8707,1177.1741,766.5004,1155.1101,788.5645
1230,1172.3805,900.0209,-34.7765,1064.4129,1176.7508,895.6506,1172.3805,900.0209
1231,1189.1303,876.1441,-47.4739,1070.7806,1196.1727,869.1017,1189.1303,876.1441
1232,1684.0844,288.5138,-102.7211,1570.0808,1691.6047,280.9935,1684.0844,288.5138
1233,292.6218,2117.8313,97.8403,1994.9515,2123.0610,287.3920,292.6218,2117.8313
1234,1213.6379,612.8394,-73.6197,1058.7651,1222.5275,603.9499,1213.6379,612.8394
1235,1201.7890,579.9757,-17.2683,1041.4196,1202.2681,579.4965,1201.7890,579.9757
1236,1258.1961,823.1781,126.1968,1128.1565,1292.1544,789.2198,1258.1961,823.1781
1237,1155.9418,727.5565,74.3338,1020.3448,1168.4737,715.0246,1155.9418,727.5565
1238,1265.0126,899.4590,-128.1514,1149.2279,1305.4624,859.0092,1265.0126,899.4590
1239,325.3499,2129.1141,82.5705,1991.6641,2132.8860,321.5780,325.3499,2129.1141
1240,331.5926,2083.6548,81.6502,1944.3885,2087.4516,327.7957,331.5926,2083.6548
1241,416.9071,2100.6009,44.8864,1927.8550,2101.7967,415.7113,416.9071,2100.6009
1242,1061.2360,1115.2528,-390.7464,1282.3855,1479.9231,696.5657,1061.2360,1115.2528
1243,1097.3181,1398.0126,1.7124,1274.5551,1398.0224,1097.3083,1097.3181,1398.0126
1244,385.7722,1978.1937,55.0386,1818.7980,1980.0938,383.8721,385.7722,1978.1937
1245,362.8086,2082.3458,77.1886,1931.3662,2085.8038,359.3507,362.8086,2082.3458
1246,1174.6161,788.1895,-51.5918,1040.7357,1181.3856,781.4200,1174.6161,788.1895
1247,1282.0974,577.4717,-21.8105,1112.7891,1282.7719,576.7972,1282.0974,577.4717
1248,1211.0480,653.9934,62.7641,1055.5308,1218.0322,647.0093,1211.0480,653.9934
1249,1187.2658,602.6014,68.2712,1035.0185,1195.1320,594.7352,1187.2658,602.6014
1250,1215.7900,822.8599,225.2853,1143.2757,1318.2429,720.4069,1215.7900,822.8599
1251,1078.3626,816.0277,-87.8459,985.8722,1105.0615,789.3288,1078.3626,816.0277
1252,1185.8851,926.1459,25.4733,1080.6080,1188.3598,923.6712,1185.8851,926.1459
1253,1127.9381,802.8874,-159.3276,1042.7948,1193.0084,737.8172,1127.9381,802.8874
1254,1174.0126,807.4173,-54.3449,1044.5910,1181.8991,799.5308,1174.0126,807.4173
1255,1187.2245,799.9165,-47.4388,1051.8741,1192.9503,794.1906,1187.2245,799.9165
1256,1185.8627,867.9147,46.6511,1066.2306,1192.5663,861.2112,1185.8627,867.9147
1257,1191.2578,819.0114,39.1612,1057.7438,1195.3331,814.9362,1191.2578,819.0114
1258,471.3096,2016.3702,72.5951,1831.2173,2019.7736,467.9062,471.3096,2016.3702
1259,1156.5916,737.1015,221.2749,1084.1518,1251.7327,641.9604,1156.5916,737.1015
1260,1383.5689,767.2105,-10.5936,1200.7177,1383.7509,767.0285,1383.5689,767.2105
1261,1157.5345,807.3558,-144.8324,1058.3461,1209.6734,755.2168,1157.5345,807.3558
1262,1200.3276,804.6525,57.7191,1064.1428,1208.5755,796.4046,1200.3276,804.6525
1263,1504.1189,701.0131,-47.9116,1306.2437,1506.9671,698.1649,1504.1189,701.0131
1264,1802.6311,751.5839,10.3000,1568.3899,1802.7320,751.4830,1802.6311,751.5839
1265,344.7721,2073.3853,49.6917,1926.2287,2074.8126,343.3449,344.7721,2073.3853
1266,389.4027,2059.0171,42.8978,1896.0273,2060.1185,388.3013,389.4027,2059.0171
1267,1217.3671,814.6478,-61.8633,1079.5321,1226.6559,805.3589,1217.3671,814.6478
1268,338.5723,2038.0969,54.1064,1893.9931,2039.8177,336.8515,338.5723,2038.0969
1269,331.8959,2122.5422,68.2373,1981.1224,2125.1388,329.2993,331.8959,2122.5422
1270,1198.1011,744.4028,-0.5770,1047.7180,1198.1019,744.4021,1198.1011,744.4028
1271,1423.7737,873.6003,213.2910,1297.2968,1496.7757,800.5983,1423.7737,873.6003
1272,1534.3463,675.7435,40.7047,1333.7893,1536.2717,673.8181,1534.3463,675.7435
1273,1714.5941,362.0480,-314.9684,1657.6373,1784.3440,292.2980,1714.5941,362.0480
1274,526.7733,1283.2799,-16.5328,1117.6403,1283.6411,526.4122,526.7733,1283.2799
1275,1250.0446,594.6466,-34.8319,1084.6756,1251.8906,592.8006,1250.0446,594.6466
1276,854.2885,1207.8236,-178.9678,1119.3325,1282.6037,779.5084,854.2885,1207.8236
1277,1319.2530,642.1126,-381.5660,1320.0022,1490.8028,470.5628,1319.2530,642.1126
1278,1053.0729,524.5111,158.0288,952.1792,1096.7165,480.8675,1053.0729,524.5111
1279,1751.4913,248.9542,-36.6234,1642.4623,1752.3834,248.0621,1751.4913,248.9542
1280,1238.7019,161.7933,-33.5467,1167.6995,1239.7459,160.7493,1238.7019,161.7933
1281,1247.2389,788.8614,68.0109,1099.0382,1257.1170,778.9833,1247.2389,788.8614
1282,1194.8832,799.7579,22.9791,1055.1424,1196.2151,798.4260,1194.8832,799.7579
1283,1311.7712,621.7930,-32.2047,1137.9066,1313.2711,620.2931,1311.7712,621.7930
1284,1329.3617,497.3589,149.5831,1191.8573,1355.4375,471.2831,1329.3617,497.3589
1285,1306.5544,571.4492,46.7143,1137.3459,1309.5111,568.4925,1306.5544,571.4492
1286,1284.3113,651.8754,-155.2420,1144.3279,1320.3630,615.8237,1284.3113,651.8754
1287,1229.8768,738.6692,-109.8026,1089.0027,1253.3043,715.2418,1229.8768,738.6692
1288,2131.4539,668.5190,-111.9936,1898.0842,2139.9778,659.9951,2131.4539,668.5190
1289,1315.1854,538.9299,98.1971,1157.7104,1327.4148,526.7005,1315.1854,538.9299
1290,1326.8483,570.8794,60.4227,1157.5457,1331.6473,566.0805,1326.8483,570.8794
1291,412.1928,1622.5639,329.7111,1568.4182,1706.5510,328.2057,412.1928,1622.5639
1292,1140.9519,805.6474,60.7169,1021.1237,1151.6079,794.9915,1140.9519,805.6474
1293,1185.4448,711.3055,207.6388,1094.2408,1263.5194,633.2309,1185.4448,711.3055
1294,1266.2486,751.8943,-138.5465,1128.8184,1301.1934,716.9495,1266.2486,751.8943
1295,1206.4511,837.9229,62.2781,1076.2722,1216.6911,827.6830,1206.4511,837.9229
1296,1336.2868,733.7809,39.3828,1161.1237,1338.8502,731.2176,1336.2868,733.7809
1297,1071.6515,507.2434,129.1079,955.0660,1099.7827,479.1122,1071.6515,507.2434
1298,1186.3780,746.7842,149.0258,1070.4378,1232.1359,701.0263,1186.3780,746.7842
1299,1272.5666,792.8338,-92.9066,1124.7099,1289.9307,775.4697,1272.5666,792.8338
1300,1136.9374,706.3517,-75.5176,1002.7914,1149.7979,693.4913,1136.9374,706.3517
1301,1169.3432,801.6175,31.9527,1037.1360,1172.0990,798.8617,1169.3432,801.6175
1302,1187.4661,821.9485,38.4004,1055.4917,1191.4568,817.9578,1187.4661,821.9485
1303,1470.0429,606.9304,88.3386,1288.6381,1478.9915,597.9818,1470.0429,606.9304
1304,1217.2873,795.9085,-37.1482,1072.6366,1220.5371,792.6587,1217.2873,795.9085
1305,1273.0767,703.3410,-85.7965,1114.4905,1285.7164,690.7014,1273.0767,703.3410
1306,1290.5984,663.8841,-113.5010,1135.0004,1310.5206,643.9618,1290.5984,663.8841
1307,1183.3764,791.4971,-189.6915,1094.6036,1260.1550,714.7186,1183.3764,791.4971
1308,1321.1465,705.5813,-146.3059,1172.7374,1354.1505,672.5773,1321.1465,705.5813
1309,1165.0094,874.1553,-5.1723,1050.2740,1165.1014,874.0633,1165.0094,874.1553
1310,1135.6982,740.1902,33.8766,1000.2511,1138.5789,737.3095,1135.6982,740.1902
1311,1227.3740,871.1375,117.0842,1112.3139,1262.4102,836.1013,1227.3740,871.1375
1312,1275.7520,754.7513,69.9531,1117.5856,1284.9809,745.5224,1275.7520,754.7513
1313,1270.3996,723.6414,84.4487,1113.3970,1283.1458,710.8952,1270.3996,723.6414
1314,1171.4680,820.0767,46.7440,1044.3776,1177.5798,813.9649,1171.4680,820.0767
1315,1165.5079,675.5079,150.3697,1046.5386,1207.9728,633.0431,1165.5079,675.5079
1316,1140.2791,616.9064,168.3678,1030.7316,1189.7639,567.4216,1140.2791,616.9064
1317,1137.6377,789.9270,52.2238,1013.7729,1145.3120,782.2527,1137.6377,789.9270
1318,1154.6857,642.2074,104.4599,1018.2914,1175.1601,621.7330,1154.6857,642.2074
1319,1202.8885,785.2830,156.4842,1092.0001,1255.0185,733.1530,1202.8885,785.2830
1320,1147.4034,528.5956,-217.2600,1063.5042,1216.0639,459.9351,1147.4034,528.5956
1321,1267.8719,746.5723,-76.3656,1111.6683,1278.8285,735.6157,1267.8719,746.5723
1322,1148.3645,580.4357,95.1606,1008.0979,1163.8852,564.9150,1148.3645,580.4357
1323,1291.6978,475.9759,170.8740,1169.5354,1326.0455,441.6282,1291.6978,475.9759
1324,1193.7392,668.6142,17.6160,1036.7441,1194.3295,668.0239,1193.7392,668.6142
1325,1340.6478,626.0048,17.1651,1162.2610,1341.0599,625.5928,1340.6478,626.0048
1326,1311.2298,612.3872,-54.7917,1140.3367,1315.4996,608.1174,1311.2298,612.3872
1327,1159.4966,822.3838,70.0187,1040.1462,1173.4611,808.4193,1159.4966,822.3838
1328,1223.8484,768.0993,61.3046,1076.5775,1231.9507,759.9970,1223.8484,768.0993
1329,1299.8105,751.6259,-30.5023,1131.4896,1301.5025,749.9339,1299.8105,751.6259
1330,1168.3339,880.2955,-15.9753,1054.6140,1169.2172,879.4122,1168.3339,880.2955
1331,1232.1754,499.3165,-39.5875,1075.6529,1234.3076,497.1843,1232.1754,499.3165
1332,357.6472,1510.4369,-346.6258,1493.1765,1606.6344,261.4497,357.6472,1510.4369
1333,346.6291,1601.1740,-292.5191,1544.5383,1666.0274,281.7758,346.6291,1601.1740
1334,1327.7568,541.5830,213.6801,1214.1405,1382.0807,487.2591,1327.7568,541.5830
1335,530.0550,1395.4825,522.1191,1518.7074,1640.8908,284.6467,530.0550,1395.4825
1336,433.4257,1648.9856,334.6888,1590.0781,1735.0450,347.3663,433.4257,1648.9856
1337,1209.2185,965.7784,123.9266,1128.3500,1261.2039,913.7931,1209.2185,965.7784
1338,1162.9161,872.4346,67.5151,1054.8093,1177.8414,857.5093,1162.9161,872.4346
1339,498.7490,2022.4866,98.2575,1832.8811,2028.7966,492.4391,498.7490,2022.4866
1340,497.0076,2354.2953,130.1670,2161.1226,2363.3736,487.9293,497.0076,2354.2953
1341,1097.6702,840.3268,-29.7153,995.6286,1101.0569,836.9401,1097.6702,840.3268
1342,1192.3583,945.9195,117.4331,1109.0441,1239.3551,898.9227,1192.3583,945.9195
1343,1171.5309,819.9756,35.7215,1043.0944,1175.1238,816.3827,1171.5309,819.9756
1344,1149.7165,826.5646,69.5596,1034.0492,1164.0534,812.2277,1149.7165,826.5646
1345,416.2204,1351.7744,456.4079,1436.2527,1537.5442,230.4505,416.2204,1351.7744
1346,355.2328,1715.1492,221.9939,1614.4639,1750.4702,319.9117,355.2328,1715.1492
1347,1267.4133,488.0474,23.0652,1107.9553,1268.0953,487.3654,1267.4133,488.0474
1348,1008.1846,474.8741,-262.1017,984.5165,1115.4309,367.6279,1008.1846,474.8741
1349,964.5936,262.3203,-387.9801,1094.4432,1136.7403,90.1736,964.5936,262.3203
1350,1200.9481,830.5888,96.7955,1078.3173,1224.7203,806.8167,1200.9481,830.5888
1351,1240.6445,760.1589,110.9798,1100.4103,1265.0394,735.7640,1240.6445,760.1589
1352,1149.1366,1091.6448,81.4700,1130.3390,1206.7832,1033.9981,1149.1366,1091.6448
1353,1520.7233,958.6846,383.9122,1488.6058,1715.4774,763.9304,1520.7233,958.6846
1354,1434.9607,662.9842,-128.7541,1263.7392,1455.8687,642.0762,1434.9607,662.9842
1355,1278.3326,622.5712,-178.7472,1149.6643,1323.8905,577.0134,1278.3326,622.5712
1356,1194.0933,801.6231,-212.4035,1116.5086,1287.0354,708.6810,1194.0933,801.6231
1357,1164.1538,840.9021,-48.3750,1044.2468,1171.2379,833.8180,1164.1538,840.9021
1358,1146.8741,855.9185,-17.8354,1033.0732,1147.9633,854.8293,1146.8741,855.9185
1359,1252.0092,749.4280,-78.4435,1099.6994,1263.9681,737.4690,1252.0092,749.4280
1360,1246.8917,923.6545,111.4088,1137.2841,1281.5700,888.9761,1246.8917,923.6545
1361,1198.1492,1003.1483,92.4970,1124.9950,1235.0438,966.2537,1198.1492,1003.1483
1362,1211.7099,749.8029,98.2497,1072.7818,1231.7395,729.7733,1211.7099,749.8029
1363,1256.0528,783.8416,87.4676,1109.2708,1271.7337,768.1607,1256.0528,783.8416
1364,359.0948,2017.4165,47.7837,1865.8307,2018.7922,357.7191,359.0948,2017.4165
1365,1377.2481,609.6080,29.4225,1196.4321,1378.3742,608.4819,1377.2481,609.6080
1366,1324.3937,497.3422,69.7558,1165.0274,1330.2359,491.5000,1324.3937,497.3422
1367,320.1920,2100.2485,-65.3137,1963.1306,2102.6418,317.7987,320.1920,2100.2485
1368,1210.1498,922.6033,-126.3128,1116.7077,1257.7549,874.9982,1210.1498,922.6033
1369,1195.4366,986.9474,-150.7553,1136.4340,1274.4789,907.9051,1195.4366,986.9474
1370,1151.8406,654.2589,186.7579,1051.5822,1214.1372,591.9623,1151.8406,654.2589
1371,1143.7485,945.6330,27.8850,1059.7872,1147.5985,941.7830,1143.7485,945.6330
1372,303.2249,2021.1127,63.5139,1891.0558,2023.4577,300.8798,303.2249,2021.1127
1373,333.1393,2104.2656,41.0798,1960.3481,2105.2179,332.1870,333.1393,2104.2656
1374,900.1403,412.2861,-158.6420,827.4170,947.1903,365.2361,900.1403,412.2861
1375,565.4643,2732.5441,-93.9738,2503.5743,2736.6115,561.3968,565.4643,2732.5441
1376,1204.7631,732.8883,86.5510,1062.1186,1220.1374,717.5141,1204.7631,732.8883
1377,1172.3883,783.4241,-3.4747,1034.3146,1172.4194,783.3931,1172.3883,783.4241
1378,1158.1095,1004.5017,-121.4084,1109.5667,1224.9678,937.6433,1158.1095,1004.5017
1379,1137.4187,846.5080,16.9142,1023.8756,1138.3988,845.5279,1137.4187,846.5080
1380,349.8937,1631.7191,71.4164,1493.0859,1635.6858,345.9271,349.8937,1631.7191
1381,1146.9390,830.7428,-104.4672,1041.8885,1178.3360,799.3458,1146.9390,830.7428
1382,1134.5940,808.0559,-99.6941,1026.2842,1162.6249,780.0250,1134.5940,808.0559
1383,1189.8449,858.8967,-41.7084,1066.1610,1195.0204,853.7212,1189.8449,858.8967
1384,1192.1018,885.2490,-55.6746,1076.4593,1201.8910,875.4598,1192.1018,885.2490
1385,1210.1081,818.2845,-61.3139,1074.7170,1219.4786,808.9140,1210.1081,818.2845
1386,1221.8467,829.9876,40.4964,1082.8624,1225.9880,825.8463,1221.8467,829.9876
1387,1177.7199,938.5963,-52.2369,1082.0211,1188.6330,927.6831,1177.7199,938.5963
1388,1198.3776,956.8340,-105.9519,1112.9552,1238.2658,916.9458,1198.3776,956.8340
1389,296.3985,2094.8552,162.6738,1983.6196,2109.4509,281.8028,296.3985,2094.8552
1390,1264.7951,570.7882,-279.3596,1199.0417,1363.2724,472.3108,1264.7951,570.7882
1391,1151.1606,768.0294,69.6400,1022.4793,1163.4261,755.7639,1151.1606,768.0294
1392,1461.5180,792.6703,-92.2656,1277.2619,1474.0124,780.1760,1461.5180,792.6703
1393,449.6862,1638.6193,292.0372,1551.2201,1706.4791,381.8264,449.6862,1638.6193
1394,1279.2226,554.5817,98.1033,1124.0155,1292.2692,541.5352,1279.2226,554.5817
1395,1370.7874,672.9554,144.5254,1213.3058,1399.5352,644.2076,1370.7874,672.9554
1396,1538.6128,613.9230,34.1696,1342.8119,1539.8737,612.6620,1538.6128,613.9230
1397,1169.9491,667.6343,-246.5200,1102.6036,1270.7181,566.8654,1169.9491,667.6343
1398,1157.9026,579.0119,-223.7921,1075.0826,1234.3282,502.5863,1157.9026,579.0119
1399,1206.8423,809.6925,75.0601,1073.2200,1220.5550,795.9798,1206.8423,809.6925
1400,1178.9576,772.4329,71.4511,1044.6261,1191.1502,760.2402,1178.9576,772.4329
1401,1238.5582,528.1753,157.0048,1110.3023,1271.7112,495.0222,1238.5582,528.1753
1402,1124.6003,781.1219,-23.7451,999.0590,1126.2341,779.4881,1124.6003,781.1219
1403,1169.0338,757.2424,-199.6708,1083.7064,1249.9508,676.3255,1169.0338,757.2424
1404,1233.8077,739.3087,248.3946,1158.3582,1337.0324,636.0840,1233.8077,739.3087
1405,1308.0272,732.0157,-30.3359,1136.6822,1309.6205,730.4225,1308.0272,732.0157
1406,1263.8791,809.5262,38.2209,1110.8386,1267.0719,806.3334,1263.8791,809.5262
1407,1262.1159,732.1558,29.8728,1098.9087,1263.7944,730.4773,1262.1159,732.1558
1408,1147.7262,840.2460,-141.3718,1057.7686,1202.8449,785.1274,1147.7262,840.2460
1409,1815.9457,335.0812,-115.6023,1685.6869,1824.9157,326.1111,1815.9457,335.0812
1410,1134.0685,786.0502,-149.6638,1039.1098,1189.5771,730.5415,1134.0685,786.0502
1411,1258.2120,473.7559,-211.6693,1160.1157,1311.6820,420.2860,1258.2120,473.7559
1412,1483.1639,495.4986,-116.6235,1323.3259,1496.7479,481.9146,1483.1639,495.4986
1413,1018.9371,1117.6202,-290.0962,1183.6345,1362.5412,774.0162,1018.9371,1117.6202
1414,1335.2436,478.0587,-128.4712,1192.7302,1354.0842,459.2180,1335.2436,478.0587
1415,1362.4448,540.8310,-37.5965,1190.0177,1364.1616,539.1142,1362.4448,540.8310
1416,1372.5880,671.5946,293.0777,1292.6322,1478.9747,565.2079,1372.5880,671.5946
1417,1256.2444,488.7551,-110.4735,1113.3952,1271.8296,473.1699,1256.2444,488.7551
1418,1267.1396,816.6791,-37.9095,1114.4830,1270.3077,813.5110,1267.1396,816.6791
1419,1215.2542,810.6193,-63.9740,1077.5509,1225.1278,800.7458,1215.2542,810.6193
1420,1228.6963,865.6059,-157.2401,1126.7541,1287.3242,806.9780,1228.6963,865.6059
1421,1163.3571,763.0440,-94.1453,1036.5969,1184.3927,742.0083,1163.3571,763.0440
1422,1827.9298,650.0171,142.2601,1623.6926,1844.8674,633.0795,1827.9298,650.0171
1423,1185.3664,803.8612,24.5813,1048.9180,1186.9437,802.2839,1185.3664,803.8612
1424,1469.0115,512.6521,559.0917,1614.1455,1726.5216,255.1421,1469.0115,512.6521
1425,410.3394,1674.5553,-462.5953,1710.9533,1825.7448,259.1499,410.3394,1674.5553
1426,1286.1198,688.7153,87.7240,1125.0551,1298.7349,676.1002,1286.1198,688.7153
1427,1039.5964,538.3145,132.1863,929.1571,1072.3175,505.5933,1039.5964,538.3145
1428,881.2617,348.3601,355.1103,984.5255,1058.7697,170.8522,881.2617,348.3601
1429,330.7093,2115.2684,65.5494,1974.1024,2117.6729,328.3048,330.7093,2115.2684
1430,1299.6352,467.1688,94.2857,1151.8761,1310.1804,456.6236,1299.6352,467.1688
1431,1468.4792,481.6832,55.3218,1300.1114,1471.5710,478.5914,1468.4792,481.6832
1432,1184.6787,802.3708,-53.8573,1051.3861,1192.1209,794.9286,1184.6787,802.3708
1433,1201.9615,691.5896,98.9866,1058.8383,1220.4874,673.0637,1201.9615,691.5896
1434,1136.0716,729.5893,79.0119,1006.3906,1150.8897,714.7712,1136.0716,729.5893
1435,1020.9115,525.5753,225.2921,966.5368,1108.0508,438.4360,1020.9115,525.5753
1436,1324.5436,719.7720,-6.4154,1148.5824,1324.6117,719.7040,1324.5436,719.7720
1437,315.3766,2072.6424,45.5908,1935.9446,2073.8244,314.1946,315.3766,2072.6424
1438,313.1234,2006.3311,27.5994,1870.1516,2006.7809,312.6737,313.1234,2006.3311
1439,1152.7508,465.6083,201.2374,1063.1955,1207.3475,411.0117,1152.7508,465.6083
1440,1232.3337,490.7614,140.7553,1101.8835,1258.1511,464.9439,1232.3337,490.7614
1441,530.9934,2101.4254,123.5898,1904.7108,2111.0922,521.3267,530.9934,2101.4254
1442,1264.0554,776.2230,-12.4611,1104.3709,1264.3734,775.9049,1264.0554,776.2230
1443,1105.9330,795.8573,-117.2030,1008.7227,1145.2486,756.5416,1105.9330,795.8573
1444,1139.8277,701.0274,-221.7730,1067.3078,1232.3886,608.4665,1139.8277,701.0274
1445,1140.3125,751.2218,-232.7395,1081.9068,1249.1079,642.4265,1140.3125,751.2218
1446,1146.4024,822.0552,-187.4653,1073.7956,1232.1069,736.3507,1146.4024,822.0552
1447,1199.7057,722.5938,-214.4316,1110.1705,1281.9143,640.3852,1199.7057,722.5938
1448,1195.4925,782.0506,-244.3204,1133.5551,1308.8121,668.7309,1195.4925,782.0506
1449,502.8204,2066.0215,-3.1209,1866.1362,2066.0277,502.8142,502.8204,2066.0215
1450,1330.0164,760.4837,77.5001,1163.5472,1340.3740,750.1261,1330.0164,760.4837
1451,323.3179,1459.9269,-283.2717,1415.8492,1526.6128,256.6320,323.3179,1459.9269
1452,1211.6576,679.1982,-43.9829,1054.6432,1215.2663,675.5895,1211.6576,679.1982
1453,1323.6133,503.6271,-115.1530,1174.2085,1339.4776,487.7628,1323.6133,503.6271
1454,1007.2051,357.9418,-82.3434,895.7706,1017.4856,347.6613,1007.2051,357.9418
1455,1143.7915,360.5819,-173.6116,1056.5372,1180.5503,323.8232,1143.7915,360.5819
1456,1156.4070,796.7410,101.3879,1039.9783,1183.0187,770.1293,1156.4070,796.7410
1457,1589.9912,659.1984,55.7898,1387.0228,1593.3232,655.8664,1589.9912,659.1984
1458,1153.1726,862.2477,48.7427,1042.1541,1161.1219,854.2983,1153.1726,862.2477
1459,1239.2669,535.3969,-140.7699,1103.8030,1266.3759,508.2879,1239.2669,535.3969
1460,1186.5591,785.1494,-82.0128,1054.9569,1202.6687,769.0398,1186.5591,785.1494
1461,355.3026,2080.7982,64.3533,1931.0806,2083.1950,352.9059,355.3026,2080.7982
1462,1192.5658,802.4773,60.5416,1058.3817,1201.7458,793.2973,1192.5658,802.4773
1463,1263.6653,778.1183,41.2481,1106.4092,1267.1445,774.6391,1263.6653,778.1183
1464,1277.0432,846.1485,119.1131,1144.0289,1307.7777,815.4140,1277.0432,846.1485
1465,1262.4995,779.8324,-144.7868,1131.5455,1302.6000,739.7320,1262.4995,779.8324
1466,1219.5743,776.0937,-118.7445,1088.7974,1249.3674,746.3007,1219.5743,776.0937
1467,1225.2078,551.2428,-89.5323,1074.0875,1236.8988,539.5517,1225.2078,551.2428
1468,1164.3789,798.0925,-73.3007,1039.0220,1178.5030,783.9683,1164.3789,798.0925
1469,1348.6741,591.8764,65.8092,1176.4283,1354.3540,586.1964,1348.6741,591.8764
1470,1156.2201,728.9335,-72.6902,1020.4082,1168.2476,716.9059,1156.2201,728.9335
1471,397.4944,2110.3476,69.3969,1946.0641,2113.1547,394.6874,397.4944,2110.3476
1472,1184.8368,809.7126,37.6159,1050.8760,1188.5716,805.9779,1184.8368,809.7126
1473,1180.9748,816.8599,37.1255,1049.4787,1184.7215,813.1131,1180.9748,816.8599
1474,1043.1196,1030.4723,-80.8065,1046.2576,1117.8495,955.7424,1043.1196,1030.4723
1475,1199.8609,767.8528,-26.0177,1053.5551,1201.4222,766.2916,1199.8609,767.8528
1476,1175.1392,828.2402,-22.7357,1046.5119,1176.6230,826.7565,1175.1392,828.2402
1477,2032.1616,705.7439,49.5711,1789.1176,2034.0116,703.8939,2032.1616,705.7439
1478,1160.1679,819.4568,-290.3036,1148.7472,1326.4089,653.2158,1160.1679,819.4568
1479,1187.5893,781.8002,68.4142,1052.2186,1198.8132,770.5764,1187.5893,781.8002
1480,1142.4705,844.1713,53.0465,1030.4683,1151.6229,835.0189,1142.4705,844.1713
1481,382.3862,1558.1170,-313.1563,1507.4302,1636.3241,304.1791,382.3862,1558.1170
1482,319.9417,1499.2869,-222.8304,1421.0910,1539.9850,279.2437,319.9417,1499.2869
1483,1147.5883,962.0172,129.8604,1090.4254,1214.4050,895.2005,1147.5883,962.0172
1484,1170.7147,915.7157,77.2834,1074.7020,1192.3086,894.1218,1170.7147,915.7157
1485,314.0068,1888.9227,-277.3816,1817.7779,1936.3484,266.5812,314.0068,1888.9227
1486,1903.7152,602.8286,91.6382,1692.6643,1910.1387,596.4051,1903.7152,602.8286
1487,355.2001,1500.2301,-257.4937,1429.2952,1555.4702,299.9600,355.2001,1500.2301
1488,1201.1220,768.7284,115.9412,1072.6732,1230.2483,739.6021,1201.1220,768.7284
1489,509.6044,1479.7499,573.3801,1637.5481,1745.7166,243.6376,509.6044,1479.7499
1490,1246.9800,693.4889,-17.5510,1082.6095,1247.5360,692.9329,1246.9800,693.4889
1491,1200.2683,781.3212,-111.4310,1072.6427,1228.0627,753.5269,1200.2683,781.3212
1492,1394.6212,519.4150,-49.0863,1223.7653,1397.3656,516.6705,1394.6212,519.4150
1493,1158.7908,897.9147,-2.4285,1052.8862,1158.8134,897.8921,1158.7908,897.9147
1494,1177.9023,896.6903,-3.7963,1065.5220,1177.9536,896.6391,1177.9023,896.6903
1495,1210.8867,837.6238,86.6582,1084.4915,1230.0244,818.4861,1210.8867,837.6238
1496,1596.6737,641.9287,55.9287,1394.9454,1599.9388,638.6636,1596.6737,641.9287
1497,1422.3662,648.6840,-45.8306,1235.9416,1425.0716,645.9786,1422.3662,648.6840
1498,321.3577,1635.3402,-182.5298,1533.6332,1660.2248,296.4731,321.3577,1635.3402
1499,353.9458,1882.6899,-24.4967,1733.5596,1883.0823,353.5534,353.9458,1882.6899
1500,1282.7055,632.0210,-63.0468,1116.2490,1288.7580,625.9685,1282.7055,632.0210
1501,1001.8331,660.4214,32.8221,883.9830,1004.9599,657.2946,1001.8331,660.4214
1502,1164.9279,538.4665,-8.1222,1009.9141,1165.0332,538.3612,1164.9279,538.4665
1503,1249.4180,296.4245,43.6440,1133.2560,1251.4126,294.4299,1249.4180,296.4245
1504,667.9041,1146.4300,186.2016,1048.1915,1210.3465,603.9876,667.9041,1146.4300
1505,1318.2414,718.8942,-96.2320,1155.2813,1333.3135,703.8221,1318.2414,718.8942
1506,417.3412,1528.6923,-364.5083,1507.2115,1637.5780,308.4555,417.3412,1528.6923
1507,1117.9349,607.4132,-92.0484,982.3948,1134.0244,591.3237,1117.9349,607.4132
1508,1103.1914,569.5078,-174.8748,1002.4161,1155.3884,517.3108,1103.1914,569.5078
1509,1112.7946,773.8754,-44.3415,990.9233,1118.4998,768.1701,1112.7946,773.8754
1510,381.6299,2746.4937,157.4735,2591.3545,2756.9336,371.1900,381.6299,2746.4937
1511,1382.3853,487.6543,111.9154,1229.7337,1396.1716,473.8681,1382.3853,487.6543
1512,1173.0535,752.0028,25.2849,1030.2141,1174.5664,750.4898,1173.0535,752.0028
1513,1185.4205,755.6293,30.6861,1040.8092,1187.6003,753.4495,1185.4205,755.6293
1514,1154.3677,772.2684,-227.7760,1092.3036,1260.6089,666.0272,1154.3677,772.2684
1515,1290.7772,760.9049,-174.2216,1163.6077,1342.9283,708.7538,1290.7772,760.9049
1516,809.6843,800.4860,-266.4639,928.0272,1071.5887,538.5816,809.6843,800.4860
1517,443.3559,1451.9696,387.4222,1453.0412,1583.6040,311.7214,443.3559,1451.9696
1518,444.6273,1570.4285,455.9205,1609.1222,1731.9039,283.1519,444.6273,1570.4285
1519,1185.7153,492.4926,-140.9945,1060.2604,1213.2949,464.9130,1185.7153,492.4926
1520,1129.6087,464.7705,-29.5514,984.7023,1130.9197,463.4595,1129.6087,464.7705
1521,1280.1403,464.2183,11.3337,1122.6658,1280.2977,464.0609,1280.1403,464.2183
1522,864.2911,316.3321,170.7391,813.0914,913.1375,267.4856,864.2911,316.3321
1523,1120.1006,461.5685,-53.1213,979.3535,1124.3582,457.3109,1120.1006,461.5685
1524,1183.3777,735.7823,-256.0173,1125.9150,1299.6245,619.5355,1183.3777,735.7823
1525,1156.1279,400.8960,-147.0781,1048.2167,1183.7598,373.2642,1156.1279,400.8960
1526,1110.3626,648.8312,-247.2098,1056.7816,1217.7766,541.4172,1110.3626,648.8312
1527,293.5224,2065.3968,63.7047,1938.5443,2067.6843,291.2350,293.5224,2065.3968
1528,314.4776,2066.2391,46.5481,1930.0141,2067.4751,313.2416,314.4776,2066.2391
1529,1182.9671,803.3840,-11.4900,1046.3538,1183.3146,803.0365,1182.9671,803.3840
1530,1189.1504,779.4878,-98.9393,1060.2446,1211.7940,756.8441,1189.1504,779.4878
1531,1310.5742,519.3298,-293.2136,1250.8440,1407.3859,422.5181,1310.5742,519.3298
1532,1770.7617,545.1215,-64.7890,1574.8228,1774.1770,541.7062,1770.7617,545.1215
1533,1893.3530,638.5506,-155.8312,1690.0831,1912.4157,619.4878,1893.3530,638.5506
1534,1171.9244,445.3470,-7.8399,1024.7010,1172.0090,445.2624,1171.9244,445.3470
1535,1191.0071,842.1515,-11.7464,1060.7179,1191.4021,841.7564,1191.0071,842.1515
1536,1166.3502,814.9060,49.0601,1039.8074,1173.0703,808.1859,1166.3502,814.9060
1537,822.1476,840.2519,247.2025,935.1289,1078.5679,583.8316,822.1476,840.2519
1538,1254.5715,586.4604,-107.0080,1102.9420,1271.2919,569.7399,1254.5715,586.4604
1539,1381.7878,560.4307,-81.7775,1212.0588,1389.8508,552.3677,1381.7878,560.4307
1540,1164.7867,832.3716,54.9067,1043.5897,1173.6212,823.5372,1164.7867,832.3716
1541,1183.3067,830.1684,68.2270,1058.7801,1196.0298,817.4452,1183.3067,830.1684
1542,1062.0394,506.1610,-111.5452,940.1546,1083.5873,484.6131,1062.0394,506.1610
1543,394.2478,1624.6842,320.5245,1569.3023,1703.1730,315.7590,394.2478,1624.6842
1544,1092.7302,528.6599,-117.9981,968.3123,1116.4194,504.9707,1092.7302,528.6599
1545,1108.2367,548.3650,-6.1227,959.8370,1108.3036,548.2981,1108.2367,548.3650
1546,1324.9984,842.5441,-198.8294,1211.4996,1396.3791,771.1634,1324.9984,842.5441
1547,1285.4984,498.0234,-112.5572,1139.4440,1301.2708,482.2510,1285.4984,498.0234
1548,1300.4856,36.2412,-52.4694,1285.9643,1302.6595,34.0673,1300.4856,36.2412
1549,1385.8368,573.2309,-349.4272,1349.4558,1515.4270,443.6407,1385.8368,573.2309
1550,1224.0426,1032.7652,-179.9936,1182.3404,1332.2285,924.5793,1224.0426,1032.7652
1551,1162.4409,480.2140,-166.1522,1051.8905,1200.7546,441.9004,1162.4409,480.2140
1552,1199.8089,478.3787,-125.9338,1068.6452,1221.1601,457.0275,1199.8089,478.3787
1553,1573.6404,350.6074,186.8765,1467.0747,1601.5574,322.6904,1573.6404,350.6074
1554,1075.5751,586.7057,-54.3628,937.4995,1081.5474,580.7334,1075.5751,586.7057
1555,1188.0384,424.5410,-48.8818,1046.1680,1191.1552,421.4242,1188.0384,424.5410
1556,1061.6971,208.6692,28.5701,975.5250,1062.6530,207.7134,1061.6971,208.6692
1557,1739.8552,581.9440,-133.7846,1551.4353,1755.1116,566.6876,1739.8552,581.9440
1558,1381.6327,308.1683,256.5010,1332.4712,1439.7738,250.0272,1381.6327,308.1683
1559,369.7944,1618.8888,323.4878,1572.5222,1697.6933,290.9900,369.7944,1618.8888
1560,1188.1230,1272.7892,-257.6463,1310.9322,1491.5570,969.3552,1188.1230,1272.7892
1561,1262.6398,407.6629,-186.8749,1162.1030,1301.7010,368.6017,1262.6398,407.6629
1562,1648.7055,592.8773,73.1284,1451.9974,1653.7464,587.8364,1648.7055,592.8773
