vid,x,y,z
0,0.60763139,-0.01585658,0.00000000
1,0.56069916,-0.23469938,0.00000000
2,0.57086340,-0.11793000,0.02744653
3,0.54137004,0.07319787,0.06231697
4,0.52809130,-0.02937921,0.07713007
5,0.52297438,-0.24313783,0.03311018
6,0.51938603,-0.10806087,0.07551942
7,0.47627693,0.17342849,0.09434522
8,0.49428372,0.06300799,0.10045087
9,0.47556219,-0.02634202,0.11507708
10,0.48671206,-0.31925943,0.02712798
11,0.46678362,0.30480439,0.05208340
12,0.45743949,-0.23964970,0.08512866
13,0.42969709,0.14674205,0.12887860
14,0.45106484,-0.31995934,0.05450709
15,0.41720343,-0.44205052,0.00000000
16,0.43580967,0.42371842,0.00000000
17,0.42148337,-0.24964440,0.10299867
18,0.38468293,-0.35371971,0.07752128
19,0.38900600,-0.44039228,0.02106806
20,0.38447279,0.10744179,0.15640116
21,0.39116234,-0.00539641,0.15909893
22,0.36836302,0.36073584,0.08594278
23,0.37425386,-0.41935493,0.04491537
24,0.37182939,-0.11637461,0.15664942
25,0.34686694,0.21487515,0.15098923
26,0.34294448,-0.26328740,0.13110230
27,0.34365810,-0.34950109,0.09733473
28,0.34245713,0.28936678,0.12950164
29,0.31976136,-0.41121667,0.07428461
30,0.30345380,0.03592097,0.18503185
31,0.33353900,-0.19039402,0.15349732
32,0.31373268,-0.03150099,0.18113313
33,0.32281757,0.13084476,0.17452269
34,0.29219695,-0.50901132,0.01977174
35,0.30460376,0.46956735,0.04707810
36,0.29488050,-0.10728366,0.17619774
37,0.28760503,0.25320030,0.15951404
38,0.30144452,-0.34270159,0.11273014
39,0.27305906,-0.27314888,0.14133165
40,0.28436715,-0.41014323,0.08557186
41,0.24882139,0.01238647,0.19176580
42,0.28268994,-0.47714250,0.04646241
43,0.28367489,0.35816083,0.12167817
44,0.25630578,0.08533827,0.19148371
45,0.25801157,-0.19985160,0.16131709
46,0.28478381,-0.06473404,0.18273752
47,0.24546556,-0.47551613,0.05782417
48,0.25266066,0.32818584,0.14317896
49,0.24031350,-0.16484079,0.16901117
50,0.24511719,-0.41171412,0.09213757
51,0.22117783,-0.35404916,0.11690917
52,0.23261209,-0.56156832,0.00000000
53,0.21588987,0.56820679,0.00000000
54,0.21838201,-0.31729743,0.12884839
55,0.23042363,-0.02047503,0.19012631
56,0.21578342,0.16152151,0.19002619
57,0.24947317,0.25924096,0.16657261
58,0.20729940,-0.47735872,0.06303071
59,0.20162783,0.45178244,0.09498110
60,0.19475369,-0.12367741,0.17245858
61,0.19769560,-0.25005394,0.14478020
62,0.20200231,-0.41292406,0.09433642
63,0.18925294,-0.54557364,0.02227967
64,0.19587740,0.22947052,0.18132036
65,0.17391863,0.09214002,0.19510805
66,0.17786432,0.39930759,0.12761438
67,0.19182391,-0.01726155,0.18864236
68,0.16900316,-0.48410967,0.06204207
69,0.18097550,-0.37550149,0.10706093
70,0.16480723,-0.22356401,0.14286846
71,0.19311166,0.36545087,0.14038584
72,0.17556291,0.15764138,0.19268296
73,0.15523590,-0.52024473,0.04315550
74,0.14358574,0.29659124,0.16957408
75,0.13439722,0.02254817,0.18633749
76,0.13047190,0.09649137,0.19326433
77,0.13165378,0.25401215,0.18014713
78,0.12999264,-0.49054495,0.05748484
79,0.10409823,-0.45630160,0.06476003
80,0.11161109,0.17808052,0.19096969
81,0.11360403,0.54417359,0.04335363
82,0.09018019,0.46103834,0.10040025
83,0.08999541,0.10160331,0.19126756
84,0.08182216,0.39882592,0.13269862
85,0.03303836,0.29483921,0.16799971
86,0.05077827,0.23293536,0.18192999
87,0.07594530,0.16950079,0.19040246
88,0.00000000,-0.60700101,0.00426415
89,0.00000000,0.15232795,0.19078821
90,-0.01689894,0.24961953,0.17794038
91,-0.00545457,0.28571464,0.16984749
92,0.01420648,0.35640187,0.14855923
93,0.01792627,0.39104626,0.13524350
94,-0.00523791,0.52254047,0.06721665
95,-0.00381604,0.45487072,0.10591033
96,-0.04148512,-0.61245286,0.00000000
97,-0.04055925,0.16799702,0.18919003
98,-0.05080320,0.24565382,0.17920242
99,-0.07450262,-0.51411599,0.04097396
100,-0.07610023,0.30718866,0.16605305
101,-0.05686972,0.33526322,0.15620453
102,-0.09143100,0.42742349,0.11889273
103,-0.08999541,0.10160331,0.19126756
104,-0.10989883,0.46489678,0.09796870
105,-0.09190549,0.55166808,0.03910702
106,-0.11796508,0.17322421,0.19158902
107,-0.12534897,-0.50355300,0.05141205
108,-0.11647435,0.25139576,0.18074046
109,-0.15186049,0.05771077,0.19252949
110,-0.16215669,-0.55297477,0.02157344
111,-0.14624003,-0.01104966,0.18270238
112,-0.17448496,0.35752582,0.14622939
113,-0.16626510,-0.21439822,0.14557216
114,-0.20100217,-0.54161861,0.02318655
115,-0.16523916,0.41614492,0.12095598
116,-0.19540985,0.22788056,0.18185015
117,-0.19856792,-0.24064840,0.14807569
118,-0.19080710,0.48003047,0.07933509
119,-0.19888534,-0.47439946,0.06549273
120,-0.18716108,0.26629572,0.17407898
121,-0.22346440,0.15219224,0.19042753
122,-0.21827311,-0.04601944,0.18704994
123,-0.19500245,-0.27937806,0.13764289
124,-0.24124672,0.55791342,0.00000000
125,-0.23261209,-0.56156832,0.00000000
126,-0.21474195,-0.34588562,0.11994626
127,-0.22868122,-0.40900501,0.09524015
128,-0.24482066,0.32871434,0.14498894
129,-0.24907994,-0.49790887,0.04303921
130,-0.24873984,0.18344212,0.18309702
131,-0.25766995,-0.09765486,0.18069115
132,-0.26146934,-0.19779876,0.16226988
133,-0.27601814,0.10994381,0.18711534
134,-0.26662304,0.38973633,0.11150432
135,-0.28789280,-0.49375971,0.03328606
136,-0.26549642,0.00774548,0.19023391
137,-0.27027453,-0.39964020,0.09415776
138,-0.28424838,-0.27639526,0.13988880
139,-0.30591586,0.24030665,0.15791569
140,-0.31383361,-0.13251165,0.16943853
141,-0.29191777,0.47089006,0.05214540
142,-0.32214564,-0.48581103,0.02436438
143,-0.32309906,0.16551363,0.16918514
144,-0.31742388,-0.05611958,0.17845127
145,-0.33686327,-0.21111697,0.14786899
146,-0.31677371,0.06044537,0.18186943
147,-0.33093284,-0.42032229,0.06503158
148,-0.32894566,0.30189271,0.13006954
149,-0.34793467,-0.31674194,0.11017652
150,-0.35080996,-0.24848351,0.13348751
151,-0.34209297,0.19161723,0.15792459
152,-0.37157349,-0.09025780,0.16046797
153,-0.38030316,0.34984497,0.08547744
154,-0.36661915,0.01443827,0.16824665
155,-0.39164464,-0.14919975,0.14361216
156,-0.39261020,0.08958425,0.15490084
157,-0.38439328,-0.43905826,0.02513853
158,-0.37090038,-0.34716052,0.08742896
159,-0.40661643,-0.21562916,0.12113171
160,-0.43230380,-0.05233509,0.13845378
161,-0.42708814,0.43250787,0.00000000
162,-0.42050749,-0.43890867,0.00000000
163,-0.43332390,0.01964359,0.13977834
164,-0.44430043,0.12864668,0.12383927
165,-0.46017762,-0.16514581,0.10560002
166,-0.46373992,-0.23495279,0.08267728
167,-0.47017094,0.30359261,0.04977143
168,-0.46673410,-0.35039162,0.02576265
169,-0.46908220,-0.05270046,0.11777820
170,-0.48252717,0.05961219,0.10864443
171,-0.46802268,0.19953686,0.09253919
172,-0.48684782,-0.13662302,0.09449552
173,-0.53357181,-0.04147153,0.07167155
174,-0.55469133,0.09895701,0.04649972
175,-0.54631186,-0.10564628,0.05319692
176,-0.56033170,-0.23557536,0.00000000
177,-0.60783815,0.00039636,0.00000000
178,-0.59632093,-0.11776543,0.00000000
179,0.59004068,-0.14601137,0.00000000
180,-0.51481909,0.32315424,0.00000000
181,0.48898762,0.36105189,0.00000000
182,-0.36590597,-0.48536602,0.00000000
183,0.35627878,-0.49247620,0.00000000
184,-0.12082618,0.59570831,0.00000000
185,-0.51123763,-0.15295948,0.07277663
186,-0.44077565,0.26210726,0.08917518
187,0.47826718,-0.16069304,0.09484497
188,0.38524739,0.21614613,0.13476711
189,-0.37180553,0.19972808,0.14481076
190,-0.42744692,-0.15652630,0.12580767
191,0.32711661,0.17482294,0.16656810
192,-0.09206065,0.38585234,0.13872453
193,0.37285356,-0.18715694,0.14244803
194,-0.32687312,-0.17116229,0.15949595
195,0.08325809,0.33742015,0.15690709
196,0.29617245,-0.19721496,0.15901933
197,-0.29904811,-0.20618966,0.15682551
198,-0.25224985,0.07663560,0.19215442
199,0.06133614,0.26818288,0.17538033
200,-0.22120430,-0.08896427,0.18134193
201,0.22152679,-0.09456236,0.18064863
202,-0.13779458,-0.36111987,0.10012960
203,0.15446929,0.12578365,0.19448735
204,-0.16611786,-0.17543660,0.15405481
205,0.16592947,-0.14503296,0.16063935
206,-0.11026256,0.06551871,0.18901724
207,0.11130672,0.06365963,0.18890131
208,0.14234350,0.41358810,0.12473874
209,-0.16769451,0.01864359,0.19029186
210,-0.15484409,0.23881691,0.18250314
211,-0.12074235,-0.53617282,0.03541750
212,0.08484328,0.60188782,0.00000000
213,0.59559309,0.12139286,0.00000000
214,-0.50067735,-0.34465858,0.00000000
215,0.49678737,-0.35024232,0.00000000
216,-0.35689431,0.49203029,0.00000000
217,-0.11670338,-0.59242719,0.00000000
218,0.13167903,-0.58844018,0.00000000
219,0.33880476,0.47319619,0.02712505
220,-0.05998489,-0.58138341,0.01311374
221,0.49523901,-0.08412449,0.09719685
222,-0.18610856,-0.31929929,0.12502777
223,0.47381570,0.23881810,0.07543557
224,-0.52222006,-0.18660963,0.05489951
225,-0.18865921,-0.06861442,0.18096175
226,-0.49639981,0.09699915,0.09490536
227,0.47484866,-0.29291357,0.05015702
228,0.41644091,0.28399309,0.09549609
229,-0.41020235,0.28894428,0.09700185
230,0.22717507,-0.50262027,0.04462160
231,0.23296666,0.42606793,0.10187995
232,-0.24512618,0.42268016,0.10038135
233,0.06242656,-0.53622925,0.03191833
234,-0.45102382,-0.32669876,0.05124671
235,0.44165789,0.07860951,0.13203297
236,0.36619177,-0.28755283,0.11450101
237,-0.13002535,0.36051335,0.14889679
238,0.40317260,-0.11908793,0.14402538
239,-0.37843462,0.05176108,0.16323039
240,0.03256690,0.13397208,0.19096167
241,0.06595189,0.43141179,0.11681309
242,-0.31192123,0.20300481,0.16518813
243,0.35917494,-0.45721069,0.02666934
244,-0.35731549,-0.47146174,0.01662825
245,-0.48746048,-0.09195183,0.10182096
246,-0.28653702,-0.36135360,0.10826851
247,-0.37334015,-0.21464000,0.13543310
248,0.12721455,0.33746732,0.15731639
249,0.28986979,0.00571283,0.18703300
250,0.26834960,0.29045223,0.15290776
251,-0.26126743,-0.30114477,0.13406979
252,0.25869248,-0.33421187,0.12260514
253,-0.25579048,-0.03064104,0.18844410
254,-0.38874644,-0.11698467,0.15033799
255,-0.19705968,-0.19916774,0.15728845
256,-0.20579012,-0.50550712,0.04703454
257,0.26482344,-0.44414885,0.07185285
258,0.28909901,0.18633800,0.17450116
259,-0.03369662,0.31113286,0.16294654
260,-0.11925071,0.13132171,0.19340574
261,-0.16161100,0.19526962,0.18932830
262,0.18715756,0.19301759,0.18819703
263,0.10209876,0.27839302,0.17476763
264,0.30849963,-0.15210655,0.16677848
265,0.11291900,-0.52854103,0.03890541
266,-0.28945475,-0.16717273,0.16663829
267,0.08153836,0.20583682,0.18717733
268,-0.47982990,0.32812568,0.02886947
269,0.16237992,-0.41359904,0.09125712
270,-0.24433037,-0.37237918,0.10954767
271,-0.08039052,0.22750465,0.18398187
272,-0.21860334,0.29554716,0.16165286
273,-0.03669141,0.21181897,0.18441549
274,0.33736593,0.50562000,0.00000000
275,-0.32848418,0.44669027,0.05252930
276,-0.56132243,0.02775682,0.04761890
277,0.55324624,0.17645155,0.02980097
278,0.57789643,-0.07500386,0.02738092
279,0.05963355,0.57735009,0.02327010
280,0.34091966,0.40063884,0.07667232
281,0.54643732,-0.20297935,0.02721762
282,0.48842858,0.26705991,0.05264191
283,-0.16045915,-0.25090089,0.13480468
284,-0.29495218,-0.53147960,0.00000000
285,0.26347902,-0.54776472,0.00000000
286,-0.47082002,-0.29056384,0.05478018
287,0.38019187,-0.04537442,0.16154583
288,0.27009885,0.46672403,0.06337473
289,-0.09443335,-0.47518173,0.05699234
290,0.40332697,-0.28582612,0.09884958
291,0.46330844,-0.09607499,0.11654081
292,-0.15518892,-0.05110410,0.17723590
293,-0.24739486,0.36399989,0.12937640
294,-0.39092269,-0.31097392,0.09466869
295,0.42228803,0.21513199,0.11630189
296,-0.51546776,-0.11687547,0.07718836
297,0.36412135,0.25229654,0.13336487
298,-0.39207974,-0.37599868,0.06168131
299,0.35429984,-0.38996388,0.07278837
300,-0.33667216,-0.01255699,0.17693511
301,0.23771592,0.36239319,0.13260460
302,0.33226314,-0.30749469,0.11883460
303,-0.04730481,0.12566528,0.19104017
304,-0.37428032,0.12509790,0.15815160
305,-0.34166355,0.22531730,0.15007546
306,0.04312729,0.45899412,0.10296713
307,0.39761049,-0.21850157,0.12447136
308,0.05584050,0.36851122,0.14469952
309,0.32710530,0.08961803,0.17750919
310,-0.30869676,-0.45732055,0.05059870
311,-0.23064041,-0.13254672,0.17500507
312,-0.22622971,-0.00589932,0.19134640
313,-0.42223948,-0.12055831,0.13523025
314,0.23005835,0.23356771,0.17617547
315,-0.23700579,0.22108634,0.17802448
316,0.19429157,-0.51211323,0.04421492
317,0.23994922,-0.25936379,0.14640442
318,-0.26914455,-0.23783982,0.15220310
319,-0.04402806,0.27869805,0.17185609
320,0.26881267,0.04466826,0.19062150
321,0.26523577,-0.37392646,0.10648656
322,0.19003809,-0.08482531,0.17855190
323,-0.18151246,0.29951386,0.16545636
324,-0.09064487,-0.56129498,0.02198978
325,0.22955499,0.29613374,0.15947251
326,-0.35500590,-0.13382994,0.15937698
327,0.10198538,0.36766516,0.14615513
328,-0.00035304,0.18440201,0.18797740
329,-0.17515762,0.08765591,0.19518518
330,-0.15170481,-0.43000740,0.08387375
331,0.27579533,-0.16926134,0.16711518
332,0.19863043,0.12567500,0.19414351
333,0.46605612,0.04794891,0.12024199
334,-0.17514306,-0.35589864,0.11212232
335,0.20113717,-0.16439460,0.16567833
336,-0.19661882,-0.15592307,0.16634240
337,-0.08857813,0.52025955,0.06231550
338,0.11929929,-0.41867033,0.07921768
339,-0.37131591,0.28377847,0.11927931
340,0.19566932,0.51813696,0.05031313
341,-0.52227985,0.17365396,0.05864233
342,0.08485066,0.51864488,0.06387560
343,-0.58166608,-0.05228409,0.02581866
344,-0.28476748,0.50455724,0.02897414
345,-0.44476605,0.33316709,0.05384221
346,0.55591462,0.03233251,0.05276141
347,-0.41543477,-0.01743403,0.14837252
348,0.43396968,-0.21150741,0.10841274
349,0.04220190,0.60637146,0.00000000
350,0.57708573,-0.19089116,0.00000000
351,0.58584660,0.16202202,0.00000000
352,-0.54225647,-0.27463669,0.00000000
353,-0.39251760,-0.46410912,0.00000000
354,0.38650444,-0.46912864,0.00000000
355,-0.32861471,0.40870855,0.07745352
356,-0.04396162,0.47117178,0.09581614
357,-0.09359797,0.57601818,0.01987311
358,0.18062642,-0.57540870,0.00000000
359,0.42533601,0.00219699,0.14402928
360,0.50780147,-0.28318801,0.02780664
361,-0.40635732,0.20722622,0.12703421
362,0.39498930,0.14532114,0.14629891
363,0.39724681,-0.38525897,0.05327625
364,-0.25806208,0.28906576,0.15594233
365,-0.46177981,-0.20325756,0.09439559
366,-0.53131610,0.02721441,0.07422385
367,-0.35163549,-0.38363778,0.07724628
368,-0.02452578,-0.57919663,0.01512876
369,-0.32697724,-0.28305193,0.12917652
370,0.18693021,-0.29116256,0.13201991
371,0.46294893,0.00833723,0.12364412
372,-0.05681731,0.36754316,0.14458736
373,-0.31541596,0.10031946,0.17961531
374,-0.39938098,-0.18381040,0.13282823
375,0.17037503,0.26231742,0.17648872
376,-0.27101002,-0.46456396,0.05857393
377,0.30782849,0.21645985,0.16342373
378,0.21659156,0.09153381,0.19460233
379,0.36765114,0.41935870,0.05099237
380,-0.19167880,0.38927741,0.13002790
381,0.40137051,0.25105804,0.11612775
382,0.35771144,-0.22423636,0.13813305
383,0.23078118,-0.22622289,0.15460979
384,-0.23058466,-0.22252628,0.15624074
385,-0.07957695,0.26641383,0.17662831
386,-0.37419963,0.24005233,0.13277621
387,-0.27618655,0.21308130,0.17226345
388,0.28772458,0.14991024,0.18074249
389,-0.08290272,0.14616889,0.19173184
390,0.22504396,-0.44476559,0.07835160
391,0.27563653,-0.23639521,0.15169494
392,0.16822542,0.33395366,0.15583227
393,0.11003403,0.13560605,0.19301106
394,-0.16675356,-0.49007115,0.05914904
395,0.29546848,0.07114987,0.18589298
396,-0.34286630,0.03666243,0.17570180
397,0.21817986,0.39401230,0.12252896
398,0.02223249,0.25897658,0.17636802
399,-0.55585956,-0.17148036,0.02885575
400,-0.21357877,-0.44344275,0.08029911
401,-0.19961840,0.11922422,0.19450364
402,0.22558441,0.20007567,0.18350687
403,0.43175045,-0.10624228,0.13268238
404,-0.45764935,-0.12529604,0.11537169
405,0.22805350,-0.13159103,0.17491653
406,0.13197607,-0.37922490,0.09355084
407,-0.24622007,-0.06503354,0.18508215
408,0.12046486,0.21561480,0.18687426
409,-0.16586216,-0.13417043,0.16299185
410,0.18117935,-0.04717194,0.18302796
411,0.15218035,0.05865149,0.19256882
412,-0.46377948,0.09434684,0.11718179
413,-0.26255406,-0.52451448,0.01932887
414,-0.11288223,-0.43863779,0.07196216
415,0.04852406,-0.61057889,0.00000000
416,0.48785496,0.13522321,0.09486651
417,-0.44995886,0.36375202,0.03217277
418,0.53844338,0.21827240,0.02912223
419,0.02884579,0.55058914,0.04866138
420,0.16256814,0.50198163,0.06960682
421,-0.51720708,-0.00955702,0.08609325
422,0.60516715,-0.05692155,0.00000000
423,-0.58628982,0.16041063,0.00000000
424,0.52089852,-0.31326044,0.00000000
425,0.49980389,-0.18539074,0.07283135
426,-0.26096478,0.45348006,0.07613978
427,-0.53324092,-0.24625653,0.02216053
428,-0.31679239,0.34163348,0.11782209
429,-0.43858494,0.19303720,0.11295732
430,0.39841937,0.03479686,0.15591281
431,-0.39382490,-0.05330310,0.15585137
432,-0.13579535,0.43975385,0.11138781
433,0.26855873,0.43063377,0.08753965
434,-0.04651739,0.43670550,0.11383046
435,-0.39195569,0.16508429,0.14384568
436,0.41068355,-0.41296486,0.02680017
437,-0.41248887,-0.40438763,0.03183793
438,0.43068294,0.31498182,0.07294152
439,-0.42928149,0.09217136,0.13719087
440,-0.35865393,0.45754409,0.02827242
441,0.30324187,0.50065709,0.02306277
442,-0.26234124,0.14596207,0.18598936
443,0.04356994,0.33142788,0.15750619
444,0.41977628,0.11110871,0.13985532
445,-0.52672364,0.09902249,0.07111688
446,0.34994460,-0.15260031,0.15720729
447,0.34584076,-0.04992055,0.17204193
448,0.52579088,-0.06887473,0.07584296
449,0.06258624,0.48937386,0.08470331
450,0.35532157,0.32617682,0.10898470
451,0.24549289,0.12827336,0.19030989
452,-0.07832913,0.18957031,0.18883195
453,-0.30691699,0.01835401,0.18445368
454,0.25698752,-0.09793171,0.18067129
455,-0.20010073,0.32835800,0.15364092
456,0.21680815,-0.28239019,0.13858086
457,0.26459244,0.21735539,0.17389824
458,-0.30089240,-0.31906306,0.12244474
459,-0.13863850,-0.46662489,0.06837932
460,0.56062820,-0.16059741,0.02721181
461,-0.23785901,0.11418804,0.19210044
462,-0.53783527,-0.14476956,0.05276795
463,-0.27982945,-0.06107844,0.18361969
464,-0.16019705,0.12397136,0.19471386
465,0.30283405,-0.44437395,0.06080462
466,0.31836988,-0.23063464,0.14689627
467,0.14796657,0.37258590,0.14297018
468,0.41081425,-0.18222514,0.12804423
469,-0.34631344,-0.44797932,0.04002839
470,0.22329116,-0.19265800,0.16180262
471,-0.23689656,-0.26659118,0.14541677
472,0.47831076,0.33032724,0.02893858
473,0.15860219,-0.26257581,0.13136084
474,0.17093529,0.02044368,0.19072581
475,-0.19452074,-0.11333778,0.17417541
476,-0.20115732,0.01541887,0.19233886
477,0.45578841,-0.13424449,0.11471506
478,-0.47334703,0.27144142,0.06247873
479,-0.19651574,-0.57117844,0.00000000
480,-0.21514761,0.08037040,0.19487840
481,0.58101607,0.00747675,0.02895027
482,-0.39291037,0.40035584,0.04854028
483,-0.03797936,0.60665059,0.00000000
484,-0.60335088,0.07372291,0.00000000
485,-0.53711790,0.28455535,0.00000000
486,0.53693402,0.28490213,0.00000000
487,0.37230456,0.48047546,0.00000000
488,-0.13290410,0.53340150,0.04986121
489,-0.55396630,-0.06870182,0.05132379
490,0.52684352,0.00956118,0.07868953
491,0.40863500,0.35410484,0.06694697
492,0.50855892,0.15958958,0.07389842
493,0.23415036,0.49609165,0.05586605
494,-0.50857409,-0.27607677,0.03098750
495,-0.20489250,0.42128726,0.11156976
496,0.04324520,0.51967680,0.06723430
497,-0.56715795,0.13168798,0.02803921
498,-0.41414380,0.05509172,0.14785941
499,-0.44221295,0.29779568,0.07314706
500,0.14446230,0.56323106,0.02436309
501,-0.12834068,0.56511616,0.02511010
502,-0.01389757,0.41617997,0.12432353
503,0.54968421,-0.09230945,0.05223467
504,0.35836184,0.14284498,0.16150439
505,0.16627395,0.46942502,0.09064902
506,-0.35467918,-0.05406445,0.16942685
507,0.38275166,-0.25451024,0.11971554
508,0.46192205,-0.35163485,0.02880435
509,0.43808309,0.24663383,0.09673487
510,-0.48987600,-0.17709991,0.08277629
511,0.36819384,0.06903092,0.16622383
512,-0.35401538,0.32679544,0.10930597
513,-0.45842415,0.16355116,0.10833117
514,-0.12533452,-0.39989093,0.08604149
515,0.40081139,-0.08096320,0.15052670
516,0.32129724,-0.07586187,0.17566948
517,0.21010170,0.01848423,0.19292359
518,-0.14676265,0.28330189,0.17294690
519,0.49240002,-0.22468585,0.06567599
520,0.16617236,-0.18423098,0.15215020
521,-0.28782468,0.07830453,0.18686188
522,0.20975938,0.26452006,0.17174150
523,-0.43274389,-0.19341893,0.11421202
524,0.28597905,0.31991573,0.13719980
525,-0.05446685,0.40280122,0.12988913
526,-0.25675177,-0.33541702,0.12270265
527,0.24596021,-0.06067173,0.18581323
528,0.25436843,0.17283776,0.18374030
529,-0.25528999,-0.16122967,0.16994081
530,-0.20764281,0.19027190,0.18714790
531,-0.51404316,0.06190894,0.08574742
532,-0.39083433,-0.24692516,0.11891257
533,0.04168310,0.19696236,0.18685990
534,0.21124988,0.33136339,0.15067495
535,0.37405998,-0.31901078,0.09879680
536,-0.29687133,-0.09583162,0.17757564
537,0.10664352,0.31049800,0.16614327
538,-0.35849763,0.16159187,0.15817130
539,-0.23285519,0.03852969,0.19365778
540,-0.14890739,0.15749592,0.19303059
541,-0.15737841,0.32540027,0.15974810
542,0.53114228,-0.17219627,0.05116753
543,0.28957220,-0.30605958,0.12879883
544,0.13932728,0.15600610,0.19300165
545,0.32691711,-0.51243782,0.00000000
546,-0.18906482,-0.41849974,0.09189775
547,0.32657963,0.25230022,0.14785779
548,-0.16374282,-0.52208122,0.04158609
549,0.14589856,-0.45348568,0.07435714
550,-0.29838574,0.27795385,0.14890539
551,0.46965877,-0.05963030,0.11679072
552,-0.16469385,-0.09364735,0.17142977
553,0.09085643,-0.59930855,0.00000000
554,-0.44900498,-0.26651334,0.08051646
555,-0.37116627,-0.41211190,0.05122111
556,-0.20985051,0.50885263,0.05390333
557,0.60284495,0.07775159,0.00000000
558,-0.48933694,0.36057833,0.00000000
559,0.46077695,0.39642397,0.00000000
560,-0.57979921,-0.00975157,0.03016828
561,-0.52651761,0.25313904,0.02528292
562,-0.45116029,-0.01602608,0.13005905
563,-0.33875090,0.12792662,0.17016488
564,-0.34227567,0.36728553,0.09482124
565,0.52172265,0.25619678,0.02857980
566,0.51595724,0.08088085,0.08237188
567,0.32745918,0.36330069,0.10315938
568,-0.02036692,0.57375196,0.01215978
569,-0.36151582,0.42277079,0.05248121
570,0.09919588,0.57267161,0.02215559
571,-0.57845044,0.09794077,0.02311822
572,-0.21830558,0.45149462,0.09106158
573,0.48424352,-0.26092492,0.05762680
574,-0.57555095,-0.09221856,0.02736114
575,0.49888867,-0.00876991,0.09996796
576,0.12927563,0.48247022,0.08650066
577,0.51940988,-0.20729747,0.04987701
578,0.43391511,0.04024987,0.13891332
579,-0.50965569,0.13477525,0.07845993
580,0.45916771,0.14967313,0.11096945
581,0.32817994,0.00988855,0.17953120
582,0.58106051,-0.03266686,0.02798265
583,0.02080742,0.48941601,0.08688231
584,0.23617161,0.46130369,0.07955347
585,0.26974863,-0.02578481,0.18782083
586,-0.43181768,-0.23491123,0.10250149
587,0.10423580,0.42690133,0.11910777
588,-0.23249570,-0.47140525,0.06312650
589,-0.28700110,0.17518570,0.17700338
590,-0.27364629,-0.13084534,0.17483322
591,-0.48853348,-0.31532647,0.02794043
592,0.18514446,-0.33178147,0.12080407
593,-0.42435803,0.16448824,0.12800008
594,-0.12659527,0.40318664,0.13050395
595,-0.41370412,0.32667323,0.07789625
596,-0.32875962,-0.35300270,0.10098020
597,0.22271610,-0.38513039,0.10519529
598,-0.28500273,0.41669803,0.09031982
599,0.00512014,0.32104856,0.16014642
600,-0.10834671,0.28593285,0.17280026
601,0.18683792,0.55040163,0.02591057
602,-0.33814438,0.26320166,0.14028854
603,0.18465824,-0.44758715,0.07929948
604,0.21161878,-0.05542382,0.18550041
605,0.37008712,0.44885154,0.02806375
606,0.14899031,0.18804841,0.19026377
607,-0.01966187,0.38039277,0.13939239
608,0.15882687,0.22410168,0.18488550
609,0.24997713,-0.29717002,0.13541435
610,0.41409781,-0.03817577,0.14814376
611,0.22791937,-0.53407801,0.02302720
612,0.10135889,-0.56283533,0.02119546
613,-0.18425440,0.15759342,0.19253276
614,0.44562768,-0.17313119,0.11216753
615,-0.41151455,-0.33839395,0.07085008
616,-0.19892329,0.57436651,0.00000000
617,-0.57496589,-0.19718409,0.00000000
618,0.44501001,-0.41404521,0.00000000
619,-0.44730964,-0.41155976,0.00000000
620,-0.31854054,0.51768649,0.00000000
621,-0.19131834,0.05034126,0.19437536
622,-0.33501601,-0.09466532,0.17049305
623,0.37941006,0.28825402,0.11359102
624,-0.20196703,-0.38284676,0.10623078
625,-0.44864670,-0.08801566,0.12623333
626,0.14785300,-0.01826917,0.18171708
627,-0.22769471,0.25860510,0.17074245
628,-0.39299428,0.46370557,0.00000000
629,-0.14971378,0.47461086,0.08952239
630,-0.54810053,-0.00582839,0.06036155
631,-0.50021063,0.20655985,0.06657647
632,-0.24609490,0.52421522,0.02885686
633,0.07190450,0.54706615,0.04473854
634,-0.36946380,0.38616135,0.07125378
635,0.23007696,0.53076614,0.02951737
636,0.53906858,0.14649262,0.05143471
637,0.45713783,0.11508480,0.11865426
638,0.55438985,-0.05117525,0.05273920
639,-0.46809122,0.02203326,0.11995766
640,-0.40967468,0.12746448,0.14235364
641,-0.15652875,0.38510263,0.13652874
642,-0.53935690,0.13638719,0.05328812
643,-0.54378807,-0.20995400,0.02734396
644,-0.29527042,-0.02192440,0.18493184
645,0.12452598,0.51413906,0.06491527
646,-0.30462795,0.38075949,0.10309204
647,-0.01512701,0.48907192,0.08698298
648,0.49260694,0.20033231,0.07471684
649,-0.31083342,-0.39114500,0.08828395
650,0.04910237,0.40251667,0.13040885
651,0.42477769,-0.35249959,0.05510518
652,-0.52275989,-0.07929156,0.07709451
653,0.49532265,0.02681582,0.10204466
654,0.30602924,0.28805750,0.14301352
655,-0.02370266,0.34569924,0.15210160
656,0.39342398,0.32233330,0.09181933
657,-0.38580163,0.31496549,0.09906906
658,0.40734947,0.07329455,0.14986703
659,0.45300303,0.27659972,0.07520376
660,0.35268397,0.10727197,0.16805030
661,0.19640658,-0.20777909,0.15473917
662,-0.47802786,0.13114498,0.10224147
663,-0.49160668,-0.21383486,0.07032195
664,0.38795317,-0.15172157,0.14450662
665,-0.11902698,0.31902635,0.16369155
666,0.00110758,0.60783726,0.00000000
667,0.13010299,0.59375125,0.00000000
668,-0.15830503,0.58686191,0.00000000
669,-0.58688796,-0.15820837,0.00000000
670,0.55528694,0.24723220,0.00000000
671,0.47138885,-0.38374460,0.00000000
672,0.19201670,0.05637480,0.19457661
673,0.03540377,0.16290135,0.18984385
674,-0.43834224,0.22621738,0.10341767
675,0.16567706,-0.10429711,0.16946155
676,0.43707893,-0.06858787,0.13461965
677,-0.23093040,-0.52878063,0.02600353
678,-0.13231354,0.09513283,0.19333812
679,-0.30099050,0.13769915,0.17919353
680,0.31208518,-0.37904416,0.09379449
681,0.33931664,-0.43436084,0.05271766
682,-0.11929930,0.21201272,0.18739449
683,0.40707000,0.18121580,0.13325575
684,-0.41127787,-0.27464804,0.09930711
685,-0.17574165,0.53018618,0.04549466
686,0.40070587,0.41870197,0.03091579
687,-0.39921740,0.01763782,0.15581761
688,-0.16282494,0.50609861,0.06648072
689,-0.32400996,0.48135888,0.02853626
690,0.15534904,0.53418207,0.04648094
691,-0.56045109,-0.03498324,0.04797119
692,0.55503814,-0.00977094,0.05424750
693,-0.50134375,0.28755327,0.03203954
694,-0.04748655,0.50628872,0.07475478
695,-0.22860704,0.39253449,0.12079793
696,-0.55171838,0.17172130,0.03257985
697,-0.20760023,0.54119245,0.02794738
698,0.52172101,0.11553624,0.07286943
699,0.54240674,-0.27433974,0.00000000
700,0.50032750,-0.04680657,0.09729447
701,0.45820891,0.21010465,0.09608191
702,-0.28786261,0.31600201,0.13840643
703,-0.41057705,-0.08612801,0.14558502
704,0.29861814,0.39688606,0.09654000
705,0.11646658,0.39534874,0.13418383
706,-0.44905891,0.05723679,0.12954282
707,0.26805755,-0.13545628,0.17423993
708,-0.13234565,0.02620089,0.18656528
709,-0.31081162,-0.24515117,0.14471237
710,-0.25221521,-0.43619238,0.07911058
711,0.46993134,0.08179550,0.11482975
712,0.00369471,-0.61840785,0.00000000
713,-0.29153558,-0.42841336,0.07412300
714,0.41470704,-0.31897416,0.07833515
715,0.55374785,0.10521964,0.04661563
716,0.09788000,0.49248417,0.08071424
717,0.02502027,0.42720453,0.11926073
718,0.13289001,0.44969809,0.10617344
719,0.43607848,-0.38298565,0.02904893
720,-0.57138835,0.06420410,0.03510862
721,-0.51448359,-0.23124382,0.04559891
722,-0.50038535,0.02466583,0.09827093
723,0.14399774,-0.34181795,0.10714328
724,-0.14774682,-0.33015218,0.11138223
725,0.09144910,0.24210677,0.18208148
726,-0.07509164,0.45656211,0.10301564
727,-0.18487700,-0.02251403,0.18731345
728,0.54163317,-0.13296755,0.05195742
729,0.17722945,0.58142674,0.00000000
730,-0.07761306,0.60286283,0.00000000
731,-0.60680664,-0.03539819,0.00000000
732,0.59932864,-0.10135340,0.00000000
733,0.60727406,0.02618292,0.00000000
734,-0.52306062,-0.30963674,0.00000000
735,-0.45731241,0.40041569,0.00000000
736,0.29883647,0.52930534,0.00000000
737,-0.27730468,0.54089689,0.00000000
738,0.51037522,-0.14689471,0.07481775
739,0.32293491,-0.47651347,0.03118146
740,0.23177348,0.05287192,0.19395042
741,0.50022477,0.29403992,0.02973281
742,0.08436613,-0.49484783,0.04890129
743,-0.37045881,-0.28133145,0.11548361
744,0.46806004,-0.20010771,0.09108525
745,0.44688084,-0.02957460,0.13205533
746,-0.26745078,0.25085444,0.16511889
747,0.30653841,-0.27001072,0.13780748
748,0.35996598,-0.08162011,0.16515044
749,-0.56727300,-0.13172846,0.02814490
750,-0.42979573,-0.36366619,0.04555792
751,0.00909522,0.22185220,0.18306988
752,0.18782000,0.29829354,0.16518290
753,-0.25422299,0.49077251,0.05232489
754,-0.41221243,0.36575691,0.05803152
755,0.30445199,0.43435544,0.07169656
756,-0.47170430,0.23545858,0.07807400
757,-0.09012925,0.34645865,0.15423809
758,-0.53312016,0.21424447,0.03569476
759,0.42398188,-0.14535449,0.12980530
760,0.20051048,0.48549318,0.07352135
761,-0.59611666,0.11879523,0.00000000
762,0.40566403,0.45266327,0.00000000
763,-0.40651547,0.25187623,0.11309022
764,-0.58668267,0.02987137,0.02221281
765,0.31772091,0.32610678,0.12423512
766,-0.50310781,-0.04892712,0.09509178
767,-0.54389886,0.06310257,0.06095709
768,0.44405538,-0.28155581,0.07738848
769,-0.21482503,0.35943679,0.13893400
770,-0.12152731,0.49991873,0.07510329
771,0.50776784,0.22871842,0.05251869
772,-0.01630026,0.55699563,0.04315380
773,0.07060458,0.30342047,0.16693136
774,0.52453886,0.18855699,0.05237374
775,0.16943100,0.43554243,0.11019826
776,-0.37769298,-0.01865804,0.16390203
777,0.49200673,0.10067482,0.09773492
778,-0.35242165,0.08473931,0.17051841
779,0.52297686,0.04621120,0.08021456
780,0.38639443,0.38958535,0.05968520
781,0.33341542,-0.11539702,0.16790996
782,0.25877488,0.39437688,0.11139158
783,-0.27924940,0.35309596,0.12539651
784,-0.17524435,-0.45413961,0.07627723
785,-0.15420762,-0.29020500,0.12321084
786,0.15234855,-0.30189320,0.11976308
787,-0.36353513,-0.17677487,0.14818814
788,-0.60300517,-0.07649910,0.00000000
789,-0.47540072,-0.37876314,0.00000000
790,0.51377952,0.32480448,0.00000000
791,-0.33776820,-0.50535136,0.00000000
792,-0.55705661,0.24321865,0.00000000
793,0.25593263,0.55133098,0.00000000
794,0.36936030,0.17982082,0.15049990
795,-0.48488504,-0.25373125,0.06044785
796,0.01729097,0.56892943,0.01624204
797,-0.39328538,0.42979078,0.02754459
798,-0.42260250,0.39846383,0.02980737
799,0.06820624,-0.57461517,0.01564254
800,0.56737728,0.13432945,0.02748786
801,-0.08151533,0.48781214,0.08422969
802,0.14281477,-0.55465146,0.02277168
803,0.28784019,0.11026772,0.18497562
804,-0.16496640,-0.39176475,0.09900227
805,-0.22416278,-0.30761010,0.13282028
806,0.15785897,-0.06305498,0.17560489
807,-0.29945000,0.43972329,0.07057162
808,-0.08244728,-0.60154736,0.00000000
809,0.20046434,0.42164181,0.11218596
810,-0.27625714,0.04512643,0.18968944
811,-0.44570120,-0.38206284,0.02223022
812,0.44206113,0.18070703,0.11436760
813,0.48773138,-0.12200279,0.09656000
814,-0.49066999,0.16852019,0.08512832
815,-0.22719950,0.47810758,0.07124784
816,-0.50273465,0.24471972,0.05023729
817,-0.16519886,0.55576225,0.02653253
818,-0.05330117,-0.54657453,0.02787590
819,-0.48603973,-0.01347628,0.10859728
820,0.07294608,0.13593659,0.19148064
821,-0.17726875,0.44833660,0.10173839
822,-0.60688978,0.03394369,0.00000000
823,-0.57195485,0.20575470,0.00000000
824,0.44439842,0.34345207,0.04854388
825,0.03320434,-0.56935787,0.01897325
826,0.33341696,0.05074560,0.17794239
827,-0.22694465,-0.17867001,0.16571739
828,0.33737344,0.44021638,0.05272286
829,0.45756165,0.36297462,0.02628083
830,-0.15553673,-0.58208841,0.00000000
831,-0.05120955,0.53875314,0.05293996
832,-0.43145094,-0.30207443,0.07635567
833,-0.05739116,0.57472914,0.02600081
834,0.36427301,0.02514576,0.16910628
835,0.57107329,0.20818903,0.00000000
836,0.57980405,0.09258482,0.02300258
837,0.35454415,-0.01562421,0.17162920
838,0.26795206,0.49936644,0.03990188
839,0.25816678,-0.50924329,0.03212300
840,0.56592732,0.06721775,0.04022025
841,0.29640168,-0.53067261,0.00000000
842,-0.12751520,-0.56542322,0.01703853
843,0.42636767,0.38555118,0.03625146
844,0.27088878,0.52236661,0.01954073
845,0.58273832,0.04838350,0.02522759
846,0.06820389,0.11388580,0.19115150
