face,S11,S22,S12,von_mises,principal_1,principal_2,T_wale_Nm,T_course_Nm
0,1083.2984,926.9503,-107.5815,1031.1788,1138.1091,872.1396,1083.2984,926.9503
1,1206.8069,714.4710,7.7195,1051.0956,1206.9280,714.3500,1206.8069,714.4710
2,1163.6751,934.1569,-51.3907,1071.2874,1174.6564,923.1755,1163.6751,934.1569
3,1452.5405,848.2583,11.0962,1263.9841,1452.7442,848.0546,1452.5405,848.2583
4,754.9551,865.1411,-37.4885,818.2297,876.6861,743.4101,754.9551,865.1411
5,1154.1903,844.9595,-111.0555,1052.5530,1189.9410,809.2088,1154.1903,844.9595
6,1074.8296,935.4865,-141.5557,1041.6425,1162.9304,847.3857,1074.8296,935.4865
7,1185.8002,801.8385,-186.9494,1096.8578,1261.7871,725.8516,1185.8002,801.8385
8,800.1359,1093.3765,12.8082,980.4754,1093.9349,799.5775,800.1359,1093.3765
9,909.1447,959.3108,87.1395,947.3378,1024.9055,843.5500,909.1447,959.3108
10,1044.7719,1212.4186,-106.3893,1152.7195,1264.0391,993.1514,1044.7719,1212.4186
11,1100.0734,1698.5834,234.2938,1546.4351,1779.3904,1019.2664,1100.0734,1698.5834
12,1024.1185,1151.4769,34.0757,1094.9669,1160.0210,1015.5745,1024.1185,1151.4769
13,1057.7853,1092.5988,26.2792,1076.5774,1106.7134,1043.6708,1057.7853,1092.5988
14,1126.2051,1278.0678,162.8538,1241.7700,1381.8220,1022.4509,1126.2051,1278.0678
15,1043.9694,973.5589,66.7855,1017.2041,1084.2606,933.2677,1043.9694,973.5589
16,449.4267,499.9838,98.7496,506.4746,576.6390,372.7715,449.4267,499.9838
17,1006.0582,970.6118,89.6604,1000.9323,1079.7303,896.9397,1006.0582,970.6118
18,1236.3561,1053.1735,-17.4841,1156.1014,1238.0100,1051.5197,1236.3561,1053.1735
19,317.7252,2618.3103,-324.3228,2537.7452,2663.1572,272.8784,317.7252,2618.3103
20,545.8482,-52.7557,89.4765,594.5992,558.9366,-65.8441,545.8482,-52.7557
21,787.7843,406.3073,523.1381,1134.2962,1153.8714,40.2202,787.7843,406.3073
22,66.1406,2174.1268,107.7133,2149.9327,2179.6164,60.6509,66.1406,2174.1268
23,956.7721,910.6723,103.9374,951.7562,1040.1848,827.2596,956.7721,910.6723
24,1091.0391,986.7484,199.8123,1098.7413,1245.3982,832.3893,1091.0391,986.7484
25,1090.1661,928.2599,211.1869,1082.5760,1235.3840,783.0419,1090.1661,928.2599
26,1235.7798,826.0312,212.0636,1150.4779,1325.7689,736.0420,1235.7798,826.0312
27,1489.3932,1266.0489,469.0378,1611.0607,1859.8695,895.5726,1489.3932,1266.0489
28,1124.7685,953.8012,133.0643,1074.7808,1197.4416,881.1281,1124.7685,953.8012
29,1066.9400,979.0243,112.2989,1044.0893,1143.5778,902.3864,1066.9400,979.0243
30,1003.8222,1177.9677,-7.7468,1101.3523,1178.3116,1003.4783,1003.8222,1177.9677
31,1060.9838,1026.3226,66.1969,1050.3615,1112.0812,975.2253,1060.9838,1026.3226
32,1051.6031,1059.9945,-23.4088,1056.6020,1079.5806,1032.0170,1051.6031,1059.9945
33,1085.7765,1114.3468,123.3370,1120.8853,1224.2232,975.9001,1085.7765,1114.3468
34,660.0041,820.8311,-33.0920,755.5809,827.3740,653.4613,660.0041,820.8311
35,1089.7771,970.5077,-85.1830,1045.7680,1134.1253,926.1596,1089.7771,970.5077
36,1041.0386,990.2207,-36.3475,1018.5302,1059.9778,971.2815,1041.0386,990.2207
37,488.9572,682.5782,128.9913,648.9660,747.0471,424.4884,488.9572,682.5782
38,426.1191,1687.0467,52.7712,1522.2272,1689.2514,423.9144,426.1191,1687.0467
39,1144.0583,863.5766,-104.7502,1048.6037,1178.8606,828.7743,1144.0583,863.5766
40,607.4406,-7.1916,175.2478,682.3046,653.8970,-53.6479,607.4406,-7.1916
41,618.4762,988.0342,-173.0105,915.1211,1056.3874,550.1231,618.4762,988.0342
42,1196.5331,928.1154,-39.6576,1089.6270,1202.2697,922.3787,1196.5331,928.1154
43,1032.7451,902.5014,-111.2504,993.0495,1096.5322,838.7144,1032.7451,902.5014
44,980.3521,859.8497,82.3580,936.9230,1022.1452,818.0566,980.3521,859.8497
45,1023.2693,980.3109,-126.8718,1026.2831,1130.4673,873.1129,1023.2693,980.3109
46,1003.5902,1025.2430,-208.4744,1076.9296,1223.1719,805.6613,1003.5902,1025.2430
47,1058.8843,950.6236,-127.2151,1032.8949,1143.0066,866.5014,1058.8843,950.6236
48,1027.9512,935.8999,-70.6106,992.7187,1066.2121,897.6390,1027.9512,935.8999
49,1031.8168,946.2986,-89.5899,1003.8920,1088.3285,889.7869,1031.8168,946.2986
50,1026.4266,939.6038,-40.8369,988.4207,1042.6155,923.4148,1026.4266,939.6038
51,1001.4435,1001.0277,-162.5954,1040.0887,1163.8311,838.6400,1001.4435,1001.0277
52,1045.9324,1040.5745,-136.5325,1069.7302,1179.8122,906.6946,1045.9324,1040.5745
53,991.6346,956.0691,-155.3588,1010.8141,1130.2250,817.4787,991.6346,956.0691
54,985.4870,1035.8634,-161.8666,1049.7476,1174.4898,846.8605,985.4870,1035.8634
55,1006.4763,904.1006,-154.8195,996.1646,1118.3507,792.2263,1006.4763,904.1006
56,997.8881,997.0123,-171.7669,1040.8742,1169.2177,825.6827,997.8881,997.0123
57,979.2603,873.1276,-105.9089,948.6482,1044.6538,807.7341,979.2603,873.1276
58,1001.5039,1049.1918,-173.2822,1069.1698,1200.2629,850.4329,1001.5039,1049.1918
59,1029.9238,918.1771,-105.0037,995.5988,1092.9941,855.1067,1029.9238,918.1771
60,1037.3161,901.7233,-93.7608,990.0156,1085.2239,853.8156,1037.3161,901.7233
61,956.1151,913.1510,-79.3812,945.4245,1016.8696,852.3965,956.1151,913.1510
62,1041.9162,887.2977,-122.3900,996.6618,1109.3690,819.8450,1041.9162,887.2977
63,1012.6803,875.5996,-99.6179,967.0909,1065.0594,823.2206,1012.6803,875.5996
64,1060.1105,816.7327,-124.9601,985.8523,1112.8441,763.9991,1060.1105,816.7327
65,1057.8457,1003.0891,-196.4829,1086.2451,1228.8486,832.0862,1057.8457,1003.0891
66,1012.8781,943.8561,-119.7291,1001.8884,1102.9708,853.7634,1012.8781,943.8561
67,967.0237,962.9342,-185.4924,1017.0640,1150.4826,779.4752,967.0237,962.9342
68,952.9793,980.4610,-114.8985,987.2787,1082.4373,851.0029,952.9793,980.4610
69,969.3907,933.3356,-66.9222,958.9070,1020.6709,882.0553,969.3907,933.3356
70,974.0610,965.4377,-55.4238,974.5178,1025.3406,914.1580,974.0610,965.4377
71,996.8323,997.9920,-53.2456,1001.6673,1050.6609,944.1634,996.8323,997.9920
72,998.8282,1051.8640,-115.8536,1045.8061,1144.1958,906.4964,998.8282,1051.8640
73,1005.3118,991.1220,-99.1921,1012.9685,1097.6624,898.7714,1005.3118,991.1220
74,1017.9654,997.0876,-70.3942,1015.0382,1078.6905,936.3625,1017.9654,997.0876
75,961.3578,977.4614,-39.7729,971.9543,1009.9893,928.8299,961.3578,977.4614
76,1047.5871,997.8639,-64.4096,1029.6929,1091.7667,953.6843,1047.5871,997.8639
77,1021.9598,1010.8753,-46.9540,1019.7112,1063.6976,969.1376,1021.9598,1010.8753
78,1027.1908,989.7660,-58.9404,1014.1504,1070.3179,946.6389,1027.1908,989.7660
79,1176.1965,914.2671,-69.2017,1076.2581,1193.3555,897.1081,1176.1965,914.2671
80,1047.7776,926.0994,-131.0275,1018.1633,1131.4017,842.4754,1047.7776,926.0994
81,1040.5465,980.1096,-106.2016,1028.2697,1120.7451,899.9110,1040.5465,980.1096
82,1043.0406,979.6232,-91.7759,1025.2205,1108.4311,914.2327,1043.0406,979.6232
83,995.4130,1011.6645,-65.4756,1010.0244,1069.5167,937.5608,995.4130,1011.6645
84,985.7039,928.3231,-90.7456,971.1069,1052.1865,861.8404,985.7039,928.3231
85,1004.3314,1014.7177,-63.8025,1015.5949,1073.5381,945.5110,1004.3314,1014.7177
86,972.6147,1022.5211,-64.0543,1004.6485,1066.3110,928.8249,972.6147,1022.5211
87,978.4201,1070.4531,27.1373,1028.6069,1077.8590,971.0142,978.4201,1070.4531
88,949.3414,971.4959,-50.3512,964.5610,1011.9740,908.8633,949.3414,971.4959
89,953.8133,1004.3551,-71.9230,987.9476,1055.3176,902.8508,953.8133,1004.3551
90,1022.2945,1055.1299,37.5751,1041.1375,1079.7174,997.7070,1022.2945,1055.1299
91,1021.1517,1094.2195,17.8247,1060.0265,1098.3359,1017.0354,1021.1517,1094.2195
92,971.1252,938.7874,-78.5682,965.0102,1035.1710,874.7416,971.1252,938.7874
93,1016.3960,1086.1113,6.4302,1053.0448,1086.6994,1015.8079,1016.3960,1086.1113
94,1047.3689,1126.3072,32.8845,1090.4745,1138.2113,1035.4648,1047.3689,1126.3072
95,1046.2562,1029.8951,-20.4383,1038.7757,1060.0903,1016.0610,1046.2562,1029.8951
96,1015.8144,1087.7913,-7.8111,1053.7351,1088.6292,1014.9764,1015.8144,1087.7913
97,1115.7250,960.2681,-27.4344,1047.7690,1120.4245,955.5687,1115.7250,960.2681
98,1127.4849,969.4798,-42.3453,1059.9145,1138.1179,958.8468,1127.4849,969.4798
99,1072.4694,1028.6429,5.9987,1051.2929,1073.2757,1027.8367,1072.4694,1028.6429
100,1027.3386,1058.2294,-46.5232,1046.2349,1091.8041,993.7639,1027.3386,1058.2294
101,1027.0138,1021.3746,-50.7161,1027.9660,1074.9886,973.3998,1027.0138,1021.3746
102,1001.3913,1001.8281,-32.1808,1003.1595,1033.7912,969.4281,1001.3913,1001.8281
103,1066.0710,1066.1793,-4.7565,1066.1570,1070.8820,1061.3684,1066.0710,1066.1793
104,1048.7037,1068.0551,7.6830,1058.5957,1070.7345,1046.0243,1048.7037,1068.0551
105,1062.9297,1038.7161,40.1256,1053.3274,1092.7351,1008.9107,1062.9297,1038.7161
106,1042.6683,1094.6355,14.4772,1069.8930,1098.3964,1038.9074,1042.6683,1094.6355
107,1030.0592,1054.6549,27.3510,1043.6504,1072.3456,1012.3684,1030.0592,1054.6549
108,1011.8371,1079.9733,38.2106,1049.6570,1097.0978,994.7125,1011.8371,1079.9733
109,1143.6425,1007.1797,-28.0937,1082.9789,1149.1998,1001.6223,1143.6425,1007.1797
110,1165.3656,1059.6452,-25.2900,1117.1256,1171.1039,1053.9069,1165.3656,1059.6452
111,1146.9150,1103.1717,-22.1946,1126.3372,1156.2038,1093.8830,1146.9150,1103.1717
112,1211.5482,1118.0128,-6.4596,1167.6474,1211.9922,1117.5688,1211.5482,1118.0128
113,1152.9981,1080.5307,-25.5926,1119.4044,1161.1250,1072.4039,1152.9981,1080.5307
114,1085.5112,1044.2958,19.5795,1066.0411,1093.3295,1036.4776,1085.5112,1044.2958
115,1149.4513,1072.7663,-45.6756,1115.8996,1170.7445,1051.4732,1149.4513,1072.7663
116,1071.1550,1061.3357,-14.9183,1066.5923,1081.9508,1050.5399,1071.1550,1061.3357
117,1125.3176,1061.3666,-54.8557,1098.8593,1156.8369,1029.8474,1125.3176,1061.3666
118,1054.9338,1013.0292,22.5926,1035.3579,1064.7942,1003.1687,1054.9338,1013.0292
119,670.0560,1453.2481,83.4405,1268.0830,1462.0391,661.2650,670.0560,1453.2481
120,1144.6904,995.5731,2.5840,1077.9049,1144.7351,995.5283,1144.6904,995.5731
121,1105.7756,935.0492,81.8016,1040.7577,1138.6426,902.1822,1105.7756,935.0492
122,438.8886,1414.9566,-108.6974,1268.5277,1426.9149,426.9303,438.8886,1414.9566
123,1202.9608,1010.8979,204.3986,1174.0081,1332.7629,881.0958,1202.9608,1010.8979
124,1303.3683,1108.1715,-39.2290,1219.4565,1310.9572,1100.5826,1303.3683,1108.1715
125,1294.8196,1122.3568,8.0202,1217.8612,1295.1918,1121.9847,1294.8196,1122.3568
126,1486.3338,1342.8084,110.2241,1432.7977,1546.0977,1283.0446,1486.3338,1342.8084
127,1348.3046,1108.5275,-53.7906,1249.3223,1359.8188,1097.0133,1348.3046,1108.5275
128,796.3481,1695.9846,101.4510,1480.1408,1707.2832,785.0494,796.3481,1695.9846
129,701.3546,1636.0779,28.8416,1422.5589,1636.9669,700.4656,701.3546,1636.0779
130,746.9031,1695.7320,86.3676,1479.5952,1703.5296,739.1055,746.9031,1695.7320
131,1272.3749,1139.5702,-78.8939,1219.1269,1309.0915,1102.8536,1272.3749,1139.5702
132,666.7118,1471.3507,-0.2868,1276.0920,1471.3508,666.7117,666.7118,1471.3507
133,672.2013,1556.6532,22.2776,1352.8223,1557.2139,671.6405,672.2013,1556.6532
134,655.9723,1434.4245,43.9119,1246.0800,1436.8937,653.5031,655.9723,1434.4245
135,617.0641,1633.5746,-49.3734,1431.3026,1635.9671,614.6716,617.0641,1633.5746
136,602.4985,1554.0193,-135.4644,1377.2211,1572.9290,583.5887,602.4985,1554.0193
137,602.8055,1065.3249,164.3032,968.0364,1117.7492,550.3812,602.8055,1065.3249
138,558.2313,1190.0470,205.3421,1090.8752,1250.9191,497.3592,558.2313,1190.0470
139,1232.1749,1118.0027,17.3534,1179.6243,1234.7542,1115.4234,1232.1749,1118.0027
140,1476.5077,1333.8103,18.6245,1410.9515,1478.8984,1331.4195,1476.5077,1333.8103
141,776.8188,1803.2001,2.0444,1566.5985,1803.2042,776.8147,776.8188,1803.2001
142,1607.9796,1790.4182,16.6698,1706.7728,1791.9288,1606.4689,1607.9796,1790.4182
143,1146.6907,1111.0345,39.0695,1131.3106,1171.8075,1085.9177,1146.6907,1111.0345
144,836.2010,1659.2624,-57.5028,1440.4259,1663.2604,832.2030,836.2010,1659.2624
145,777.2532,1690.8001,-103.4118,1476.7633,1702.3599,765.6935,777.2532,1690.8001
146,768.9852,1612.4104,-69.7609,1402.1004,1618.1415,763.2541,768.9852,1612.4104
147,726.3289,1520.6948,5.2878,1317.4314,1520.7300,726.2937,726.3289,1520.6948
148,607.3311,1589.8777,72.1354,1395.2027,1595.1455,602.0634,607.3311,1589.8777
149,715.5955,1534.4856,3.0182,1329.9171,1534.4968,715.5844,715.5955,1534.4856
150,514.5100,1645.7364,88.9408,1466.3398,1652.6865,507.5598,514.5100,1645.7364
151,694.5549,861.3657,154.2801,835.1639,953.3422,602.5784,694.5549,861.3657
152,653.1289,498.6738,61.5868,600.7774,674.6790,477.1237,653.1289,498.6738
153,615.9243,1531.1846,123.4101,1351.4753,1547.5328,599.5761,615.9243,1531.1846
154,1056.9586,959.8164,115.9099,1031.6143,1134.0627,882.7123,1056.9586,959.8164
155,1036.8042,972.1360,136.8388,1033.5720,1145.0771,863.8630,1036.8042,972.1360
156,1026.7662,974.0219,90.2232,1013.5558,1094.3926,906.3956,1026.7662,974.0219
157,1019.1676,978.3446,114.8501,1018.9874,1115.4059,882.1063,1019.1676,978.3446
158,1016.9340,998.6013,136.8327,1035.3827,1144.9071,870.6282,1016.9340,998.6013
159,1023.6555,958.1224,62.0524,998.3152,1061.0612,920.7167,1023.6555,958.1224
160,1021.0491,935.5397,40.8520,983.6415,1037.4286,919.1602,1021.0491,935.5397
161,1018.1910,958.6750,64.1819,995.9992,1059.1780,917.6880,1018.1910,958.6750
162,1022.9265,951.8064,31.7400,990.8119,1035.0314,939.7015,1022.9265,951.8064
163,920.6324,722.0741,-18.0125,839.7402,922.2532,720.4533,920.6324,722.0741
164,1033.3415,1004.2742,141.0915,1048.0093,1160.6459,876.9698,1033.3415,1004.2742
165,962.7829,970.1967,102.7453,982.7581,1069.3020,863.6776,962.7829,970.1967
166,1013.8147,963.7905,113.4568,1009.0712,1104.9837,872.6215,1013.8147,963.7905
167,1027.4511,986.2799,80.6735,1017.1401,1090.1240,923.6069,1027.4511,986.2799
168,982.0131,956.7792,103.7637,986.1578,1073.9241,864.8682,982.0131,956.7792
169,988.5355,901.8568,140.9460,979.0955,1092.6549,797.7374,988.5355,901.8568
170,1042.2033,964.9731,105.6125,1022.3134,1116.0387,891.1377,1042.2033,964.9731
171,968.0152,961.1881,79.5836,974.4188,1044.2585,884.9448,968.0152,961.1881
172,1008.1999,972.3480,117.4933,1011.4448,1109.1268,871.4211,1008.1999,972.3480
173,1069.9098,916.6394,109.0172,1019.7390,1126.5327,860.0165,1069.9098,916.6394
174,980.6918,935.1853,66.6163,965.6669,1028.3334,887.5437,980.6918,935.1853
175,1085.8948,929.2777,111.5641,1034.8751,1143.8902,871.2822,1085.8948,929.2777
176,1027.7215,996.3895,236.6544,1092.2493,1249.2279,774.8832,1027.7215,996.3895
177,1019.4684,1009.3902,98.2353,1028.6367,1112.7937,916.0649,1019.4684,1009.3902
178,1072.5839,926.9202,133.3595,1033.8143,1151.7035,847.8006,1072.5839,926.9202
179,1021.7993,989.8809,153.5763,1040.7860,1160.2434,851.4367,1021.7993,989.8809
180,1013.2216,914.0513,69.2090,974.8543,1048.7750,878.4979,1013.2216,914.0513
181,1018.0842,932.0155,90.2479,990.3091,1075.0331,875.0667,1018.0842,932.0155
182,1005.8977,967.7249,95.5077,1001.1266,1084.2074,889.4152,1005.8977,967.7249
183,985.1178,874.9733,103.6893,952.0178,1047.4526,812.6385,985.1178,874.9733
184,996.3951,931.5253,44.5244,968.6705,1019.0460,908.8743,996.3951,931.5253
185,994.0291,943.2549,49.4621,973.4168,1024.2388,913.0452,994.0291,943.2549
186,977.1249,968.5763,91.3469,985.6601,1064.2974,881.4037,977.1249,968.5763
187,974.3199,979.7312,37.2153,979.1608,1014.3391,939.7120,974.3199,979.7312
188,957.8278,856.9577,63.4867,918.1962,988.4745,826.3110,957.8278,856.9577
189,995.8769,1021.6341,31.8467,1010.5088,1043.1077,974.4034,995.8769,1021.6341
190,1003.2275,974.9520,56.5310,994.2261,1047.3618,930.8177,1003.2275,974.9520
191,1059.3451,1026.8365,47.6571,1046.7304,1093.4436,992.7380,1059.3451,1026.8365
192,1001.1785,996.5136,-9.8879,999.0011,1009.0054,988.6868,1001.1785,996.5136
193,1118.5726,915.3575,99.6710,1046.4192,1159.2970,874.6331,1118.5726,915.3575
194,1133.5446,1021.5579,13.0623,1082.1434,1135.0480,1020.0545,1133.5446,1021.5579
195,1113.7696,920.2082,129.2528,1054.7439,1178.4596,855.5182,1113.7696,920.2082
196,1012.2429,977.6681,71.4860,1003.0771,1068.5020,921.4089,1012.2429,977.6681
197,974.8121,925.4970,30.8301,952.6117,989.6323,910.6768,974.8121,925.4970
198,996.2710,940.9085,47.1576,973.2093,1023.2715,913.9080,996.2710,940.9085
199,984.8905,986.2716,31.6760,987.1076,1017.2645,953.8975,984.8905,986.2716
200,1025.8376,1119.8365,-19.9394,1076.4752,1123.8912,1021.7829,1025.8376,1119.8365
201,1084.8889,1003.4334,-55.3250,1050.9193,1112.8606,975.4618,1084.8889,1003.4334
202,1030.7680,1058.6005,-29.9772,1046.2514,1077.7341,1011.6344,1030.7680,1058.6005
203,1030.7522,1091.6448,-20.0029,1063.0727,1097.6278,1024.7692,1030.7522,1091.6448
204,1122.7194,930.4195,58.9246,1044.9859,1139.3387,913.8002,1122.7194,930.4195
205,1092.7791,1038.3894,63.7449,1072.3240,1134.8877,996.2808,1092.7791,1038.3894
206,1099.4222,1019.1105,31.2276,1062.9243,1110.1353,1008.3974,1099.4222,1019.1105
207,1130.3989,978.3092,30.1685,1063.8333,1136.1645,972.5436,1130.3989,978.3092
208,1046.7704,1017.0914,38.4470,1034.3967,1073.1424,990.7195,1046.7704,1017.0914
209,1075.1604,1051.8448,9.0091,1063.8087,1078.2358,1048.7693,1075.1604,1051.8448
210,1039.4759,1071.0183,2.2709,1055.6079,1071.1810,1039.3133,1039.4759,1071.0183
211,1065.0307,1064.3809,15.5865,1065.0482,1080.2957,1049.1159,1065.0307,1064.3809
212,1046.5856,1083.7692,6.4443,1065.7225,1084.8544,1045.5004,1046.5856,1083.7692
213,1048.9420,1074.5732,-23.1686,1062.7475,1088.2344,1035.2808,1048.9420,1074.5732
214,1101.0611,1072.2761,-21.8175,1087.6112,1112.8057,1060.5315,1101.0611,1072.2761
215,1139.6882,990.4556,-3.8758,1072.9054,1139.7888,990.3550,1139.6882,990.4556
216,1032.9911,1026.3602,-51.0144,1033.4759,1080.7977,978.5536,1032.9911,1026.3602
217,1032.0681,996.5312,-78.2193,1023.7703,1094.5117,934.0876,1032.0681,996.5312
218,1136.4821,994.4705,-67.1381,1078.8363,1163.1971,967.7555,1136.4821,994.4705
219,1116.6231,1025.4079,25.0030,1074.7976,1123.0271,1019.0039,1116.6231,1025.4079
220,1161.8020,1076.6004,18.4169,1122.0844,1165.6125,1072.7899,1161.8020,1076.6004
221,1124.5623,1089.6723,30.0381,1108.7509,1141.8537,1072.3810,1124.5623,1089.6723
222,1134.7926,1072.2267,22.4727,1105.5245,1142.0278,1064.9915,1134.7926,1072.2267
223,1061.5585,1075.6212,5.5883,1068.7031,1077.5714,1059.6083,1061.5585,1075.6212
224,1093.9374,1022.6134,61.8970,1065.4839,1129.7108,986.8401,1093.9374,1022.6134
225,1147.7316,1016.0594,-4.3193,1087.9141,1147.8732,1015.9178,1147.7316,1016.0594
226,1149.5106,900.8132,105.2814,1063.2955,1188.0937,862.2301,1149.5106,900.8132
227,1078.0532,961.3024,110.3550,1042.3534,1144.5214,894.8342,1078.0532,961.3024
228,1131.4140,1113.3470,68.3977,1128.7238,1191.3722,1053.3888,1131.4140,1113.3470
229,1012.0187,886.9922,65.4465,962.3586,1040.0104,859.0005,1012.0187,886.9922
230,1078.5480,1007.5484,94.3788,1057.5691,1143.8827,942.2137,1078.5480,1007.5484
231,1155.7713,939.9066,-93.4619,1076.6243,1190.6133,905.0646,1155.7713,939.9066
232,1139.8222,879.3176,-97.1954,1048.0788,1172.0895,847.0503,1139.8222,879.3176
233,1109.4599,807.5183,-25.3939,994.4911,1111.5807,805.3975,1109.4599,807.5183
234,1399.8154,942.0706,227.3976,1297.4530,1493.5763,848.3097,1399.8154,942.0706
235,1061.4864,945.9085,178.6566,1055.0743,1191.4679,815.9269,1061.4864,945.9085
236,1072.8622,949.4248,-18.2107,1017.2677,1075.4928,946.7942,1072.8622,949.4248
237,1028.0879,893.7587,-94.4521,981.6672,1076.8210,845.0256,1028.0879,893.7587
238,1056.9066,926.1117,-67.0400,1004.6910,1085.1637,897.8546,1056.9066,926.1117
239,1047.6139,1038.6183,-101.3917,1057.8245,1144.6075,941.6247,1047.6139,1038.6183
240,1041.8126,1031.0192,63.5549,1042.2874,1100.1996,972.6323,1041.8126,1031.0192
241,1065.5105,853.8163,111.9346,996.0686,1113.7184,805.6083,1065.5105,853.8163
242,1065.9619,999.6477,-117.5062,1054.2329,1154.8994,910.7101,1065.9619,999.6477
243,1028.6882,1125.1147,56.7877,1084.6035,1151.3955,1002.4075,1028.6882,1125.1147
244,641.3640,1073.1778,7.6218,935.3796,1073.3123,641.2295,641.3640,1073.1778
245,312.0317,2212.8886,-118.3554,2084.6516,2220.2296,304.6907,312.0317,2212.8886
246,1012.4128,1029.4658,37.6546,1023.1269,1059.5471,982.3314,1012.4128,1029.4658
247,1040.2483,1090.0701,-45.9001,1068.9931,1117.3834,1012.9350,1040.2483,1090.0701
248,1079.6287,1083.0942,-31.8165,1082.7689,1113.2251,1049.4978,1079.6287,1083.0942
249,636.2772,1318.2742,155.8350,1173.3548,1352.1951,602.3563,636.2772,1318.2742
250,992.8364,962.9748,-60.4481,983.8344,1040.1703,915.6409,992.8364,962.9748
251,968.4439,959.0672,-67.6352,970.8833,1031.5531,895.9581,968.4439,959.0672
252,984.0593,1019.2550,35.6215,1004.0183,1041.3885,961.9259,984.0593,1019.2550
253,1026.8479,949.0202,-80.9838,1000.1158,1077.7820,898.0861,1026.8479,949.0202
254,1008.6696,1047.6133,67.9221,1035.3997,1098.7995,957.4834,1008.6696,1047.6133
255,1069.6926,1058.0314,-1.2337,1063.9121,1069.8217,1057.9023,1069.6926,1058.0314
256,1078.2511,1067.1203,8.2522,1072.8242,1082.6392,1062.7322,1078.2511,1067.1203
257,979.6421,1012.0723,79.6793,1005.7668,1077.1697,914.5448,979.6421,1012.0723
258,965.5318,988.5119,-122.1235,999.8551,1099.6846,854.3590,965.5318,988.5119
259,1001.5550,906.4563,62.6696,963.6867,1032.6722,875.3391,1001.5550,906.4563
260,997.0920,917.5233,-108.9036,978.1443,1073.2507,841.3646,997.0920,917.5233
261,1018.6790,975.2855,12.0295,997.9078,1021.7907,972.1738,1018.6790,975.2855
262,1066.1792,1069.0756,20.6897,1068.2316,1088.3677,1046.8870,1066.1792,1069.0756
263,1273.1150,1294.9459,161.5721,1314.3091,1445.9709,1122.0900,1273.1150,1294.9459
264,1009.3827,979.3666,95.5572,1008.3899,1091.1032,897.6461,1009.3827,979.3666
265,1077.4508,929.9624,106.9239,1028.6106,1133.5948,873.8185,1077.4508,929.9624
266,1076.2966,995.8085,-7.7390,1038.4812,1077.0340,995.0711,1076.2966,995.8085
267,1089.6138,983.7293,-83.0918,1050.6233,1135.1963,938.1467,1089.6138,983.7293
268,724.4103,1739.9254,5.6477,1513.8647,1739.9568,724.3789,724.4103,1739.9254
269,1008.5689,960.5048,-105.1112,1002.0931,1092.3604,876.7134,1008.5689,960.5048
270,1077.6874,960.6251,129.9230,1048.6168,1161.6549,876.6575,1077.6874,960.6251
271,1055.0700,986.1782,75.8683,1030.7770,1103.9459,937.3023,1055.0700,986.1782
272,1476.3147,1092.4797,-52.1615,1329.7878,1483.2770,1085.5175,1476.3147,1092.4797
273,1310.9934,1213.6106,-8.0750,1265.1935,1311.6585,1212.9456,1310.9934,1213.6106
274,1155.5014,1039.7857,30.3045,1103.4578,1162.9573,1032.3298,1155.5014,1039.7857
275,1174.2918,1116.0785,32.0006,1147.6335,1188.4429,1101.9274,1174.2918,1116.0785
276,1060.0514,960.1234,-91.6663,1026.1451,1114.4862,905.6886,1060.0514,960.1234
277,1095.6694,1013.5761,80.7951,1066.2397,1145.2466,963.9989,1095.6694,1013.5761
278,667.2911,1526.8441,48.8408,1328.4717,1529.6104,664.5248,667.2911,1526.8441
279,1072.7261,973.7502,13.8767,1027.1033,1074.6348,971.8414,1072.7261,973.7502
280,1115.3897,963.7665,-10.6264,1047.9998,1116.1308,963.0254,1115.3897,963.7665
281,1109.3957,1057.5088,-42.9366,1086.9309,1133.6182,1033.2864,1109.3957,1057.5088
282,1026.5475,969.1307,132.4768,1025.0881,1133.3908,862.2873,1026.5475,969.1307
283,575.4473,1139.8257,-553.4851,1376.0341,1478.9066,236.3664,575.4473,1139.8257
284,1102.1852,965.7587,3.6518,1040.7196,1102.2829,965.6610,1102.1852,965.7587
285,1155.1811,944.2236,-164.6800,1103.0008,1245.2663,854.1384,1155.1811,944.2236
286,1120.6039,836.1275,70.4205,1016.2538,1137.0817,819.6497,1120.6039,836.1275
287,-534.0595,2459.1201,187.6632,2784.1444,2470.8401,-545.7795,-534.0595,2459.1201
288,1129.8908,967.7599,90.1125,1069.6309,1170.0354,927.6153,1129.8908,967.7599
289,2278.6371,-2456.7482,366.2489,4150.6929,2306.7964,-2484.9076,2278.6371,-2456.7482
290,1126.4224,957.4667,-100.8864,1066.5796,1173.5293,910.3597,1126.4224,957.4667
291,1004.6130,1017.2236,24.3165,1011.8542,1036.0390,985.7977,1004.6130,1017.2236
292,1042.0925,991.7258,-192.0301,1070.8097,1210.5835,823.2348,1042.0925,991.7258
293,1025.1658,1173.5903,-75.6546,1114.5965,1205.3548,993.4013,1025.1658,1173.5903
294,997.2279,1003.0431,-16.9236,1000.5776,1017.3071,982.9639,997.2279,1003.0431
295,1075.4171,987.8533,-68.7686,1041.2536,1113.1581,950.1123,1075.4171,987.8533
296,1052.5386,921.1630,98.7752,1008.0123,1105.4739,868.2277,1052.5386,921.1630
297,1066.4528,950.5492,149.8333,1046.1833,1169.1510,847.8510,1066.4528,950.5492
298,1160.5690,946.3045,-34.0177,1071.2761,1165.8401,941.0333,1160.5690,946.3045
299,1072.7989,971.1344,-99.0730,1040.0067,1133.3192,910.6142,1072.7989,971.1344
300,1073.7520,1050.1880,49.2897,1065.5915,1112.6484,1011.2917,1073.7520,1050.1880
301,1021.9386,1054.3749,43.0861,1041.2145,1084.1941,992.1193,1021.9386,1054.3749
302,1031.7432,976.5712,108.2703,1022.6349,1115.8866,892.4278,1031.7432,976.5712
303,1046.7835,1068.6367,57.9676,1062.6333,1116.6985,998.7217,1046.7835,1068.6367
304,475.3943,1970.0155,-204.9075,1815.5958,1997.5986,447.8113,475.3943,1970.0155
305,661.6487,1551.0592,-296.9059,1442.8329,1641.0650,571.6430,661.6487,1551.0592
306,985.4275,926.3110,86.6372,968.9299,1047.4099,864.3286,985.4275,926.3110
307,1162.8256,1013.4788,222.0765,1161.3602,1322.4471,853.8573,1162.8256,1013.4788
308,278.8919,1859.6165,8.1269,1737.1011,1859.6583,278.8501,278.8919,1859.6165
309,479.9358,1606.4686,-78.3969,1434.7530,1611.8982,474.5062,479.9358,1606.4686
310,1024.0696,948.5594,74.5569,996.8795,1069.8859,902.7431,1024.0696,948.5594
311,1026.4326,940.5197,-126.8315,1010.4552,1117.3847,849.5676,1026.4326,940.5197
312,1172.4201,988.4539,19.5459,1092.6449,1174.4739,986.4001,1172.4201,988.4539
313,1051.5139,1065.8108,-40.2200,1061.0242,1099.5127,1017.8121,1051.5139,1065.8108
314,992.4604,1060.9519,-35.1726,1030.2209,1075.7968,977.6156,992.4604,1060.9519
315,1017.5260,899.8002,62.8086,970.1877,1044.7430,872.5831,1017.5260,899.8002
316,976.1188,867.9014,89.5839,939.6604,1026.6667,817.3534,976.1188,867.9014
317,777.0213,1507.7264,76.8917,1312.7081,1515.7300,769.0177,777.0213,1507.7264
318,1002.7723,996.1985,50.7204,1003.3550,1050.3122,948.6586,1002.7723,996.1985
319,970.1093,992.6178,37.7836,983.7363,1020.7876,941.9395,970.1093,992.6178
320,1026.2226,933.2677,-72.3389,990.9994,1065.7282,893.7622,1026.2226,933.2677
321,1017.4619,1074.5290,5.4705,1047.2052,1075.0486,1016.9422,1017.4619,1074.5290
322,975.1147,1007.2925,-46.4189,994.8494,1040.3317,942.0756,975.1147,1007.2925
323,1426.7737,1092.6745,122.0012,1309.6849,1466.5812,1052.8670,1426.7737,1092.6745
324,745.9981,1599.4650,-28.0683,1387.0714,1600.3871,745.0761,745.9981,1599.4650
325,591.7128,1696.9093,36.4462,1493.1602,1698.1099,590.5122,591.7128,1696.9093
326,1044.7056,937.4526,115.7522,1015.4117,1118.6501,863.5081,1044.7056,937.4526
327,1063.5644,1072.2196,-1.0734,1067.9199,1072.3507,1063.4333,1063.5644,1072.2196
328,1167.6417,842.5833,170.6452,1084.8308,1240.7723,769.4527,1167.6417,842.5833
329,1170.6524,793.2723,-11.4059,1035.1097,1170.9968,792.9279,1170.6524,793.2723
330,1003.8523,857.6806,-92.8652,953.0072,1048.9421,812.5908,1003.8523,857.6806
331,994.4976,894.4161,-89.4529,960.9976,1046.9551,841.9586,994.4976,894.4161
332,951.8309,990.8449,-89.9725,984.3394,1063.4008,879.2750,951.8309,990.8449
333,1042.9974,926.4407,-42.1785,992.5713,1056.6592,912.7789,1042.9974,926.4407
334,996.2453,1023.5687,-143.3448,1040.2476,1153.9013,865.9127,996.2453,1023.5687
335,1008.9858,993.7531,-180.1387,1048.9350,1181.6691,821.0698,1008.9858,993.7531
336,977.1488,950.9455,91.0414,977.1220,1056.0264,872.0679,977.1488,950.9455
337,1035.4581,976.4622,-84.6424,1017.8700,1095.5953,916.3250,1035.4581,976.4622
338,1040.8573,996.8635,-46.3136,1022.7233,1070.1323,967.5885,1040.8573,996.8635
339,1037.5950,965.5618,-114.7985,1023.0283,1121.8942,881.2626,1037.5950,965.5618
340,969.5446,1007.4899,-92.4352,1001.9376,1082.8794,894.1551,969.5446,1007.4899
341,1003.1693,988.2941,-56.0199,1000.5310,1052.2432,939.2202,1003.1693,988.2941
342,1116.3854,882.5588,-137.5394,1047.2353,1179.9875,818.9567,1116.3854,882.5588
343,1039.2273,967.3364,-173.5365,1049.1880,1180.5020,826.0616,1039.2273,967.3364
344,1021.1231,959.8130,153.0478,1026.7020,1146.5557,834.3804,1021.1231,959.8130
345,1068.3808,1075.3907,17.1994,1072.3168,1089.4387,1054.3328,1068.3808,1075.3907
346,784.3222,1793.2759,70.5787,1561.8699,1798.1891,779.4090,784.3222,1793.2759
347,600.6878,1523.7607,-0.5585,1329.4243,1523.7610,600.6875,600.6878,1523.7607
348,1260.1359,983.0988,-81.7091,1155.6889,1282.4395,960.7952,1260.1359,983.0988
349,1141.3235,1082.8302,14.0358,1113.4954,1144.5171,1079.6366,1141.3235,1082.8302
350,1113.1991,993.0288,47.1361,1061.3883,1129.4818,976.7462,1113.1991,993.0288
351,1076.2353,1056.9355,-30.2880,1068.0055,1098.3735,1034.7972,1076.2353,1056.9355
352,1094.6841,1092.9014,-0.9001,1093.7950,1095.0595,1092.5260,1094.6841,1092.9014
353,1086.9542,1102.3897,15.9526,1095.1022,1112.3933,1076.9506,1086.9542,1102.3897
354,1020.9133,950.8645,103.4585,1003.8765,1095.1151,876.6627,1020.9133,950.8645
355,1437.8896,1194.4752,78.6978,1339.9082,1461.1168,1171.2480,1437.8896,1194.4752
356,1337.5355,1197.4045,10.1560,1273.3881,1338.2677,1196.6723,1337.5355,1197.4045
357,1198.1461,1169.2330,9.7507,1184.0748,1201.1271,1166.2520,1198.1461,1169.2330
358,1163.4267,841.3100,72.0792,1047.9255,1178.8201,825.9166,1163.4267,841.3100
359,1117.5923,851.7828,-26.0327,1012.2419,1120.1178,849.2572,1117.5923,851.7828
360,1029.4750,1002.1653,150.9246,1049.1829,1167.3612,864.2791,1029.4750,1002.1653
361,1100.7499,989.9679,-16.6402,1050.1478,1103.1954,987.5224,1100.7499,989.9679
362,1146.1246,1050.1561,35.3415,1102.9809,1157.7349,1038.5457,1146.1246,1050.1561
363,987.7934,967.5941,146.8750,1010.3999,1124.9156,830.4720,987.7934,967.5941
364,1471.3508,1167.5185,17.7331,1345.7662,1472.3823,1166.4871,1471.3508,1167.5185
365,1280.9832,1110.1555,-35.0492,1206.2164,1287.8947,1103.2439,1280.9832,1110.1555
366,1111.5465,981.7580,-47.3716,1055.8631,1126.9973,966.3072,1111.5465,981.7580
367,-1319.9537,584.6523,700.6740,2080.5389,814.6458,-1549.9472,-1319.9537,584.6523
368,726.3938,466.4666,-653.7027,1299.3776,1262.9268,-70.0665,726.3938,466.4666
369,606.0073,969.7934,19.1105,849.1984,970.7946,605.0061,606.0073,969.7934
370,1113.5675,1041.2553,101.9084,1093.5690,1185.5437,969.2791,1113.5675,1041.2553
371,1095.5744,1229.8267,127.7633,1189.2689,1307.0244,1018.3767,1095.5744,1229.8267
372,1123.7197,1044.8697,89.9663,1097.5608,1182.5203,986.0691,1123.7197,1044.8697
373,974.6710,1120.2492,1.0533,1055.0217,1120.2568,974.6634,974.6710,1120.2492
374,1112.3438,773.2640,82.7242,997.8178,1131.4493,754.1585,1112.3438,773.2640
375,1089.3120,1029.7796,64.1038,1066.5943,1130.2234,988.8682,1089.3120,1029.7796
376,871.6975,1679.4774,801.9423,2011.4271,2173.4953,377.6796,871.6975,1679.4774
377,1450.2339,429.4423,-154.7544,1317.8217,1473.1793,406.4970,1450.2339,429.4423
378,1195.6923,858.5513,-1.6517,1067.8181,1195.7004,858.5432,1195.6923,858.5513
379,601.7382,1581.3172,419.5832,1561.8144,1736.4647,446.5906,601.7382,1581.3172
380,1038.5642,1059.1199,-33.9417,1050.6392,1084.3057,1013.3784,1038.5642,1059.1199
381,1428.8088,1378.1284,-428.8833,1588.5443,1833.0998,973.8374,1428.8088,1378.1284
382,1077.7654,1018.6130,-99.6689,1063.5443,1152.1538,944.2246,1077.7654,1018.6130
383,1055.8419,911.0951,-156.6634,1027.8883,1156.0412,810.8958,1055.8419,911.0951
384,1052.1217,991.8841,-26.2207,1024.3407,1061.9361,982.0696,1052.1217,991.8841
385,1200.5133,877.4163,150.3454,1107.0469,1259.6493,818.2802,1200.5133,877.4163
386,930.2651,774.8690,27.4979,864.4362,934.9874,770.1467,930.2651,774.8690
387,1033.6065,911.7349,-66.2439,985.0850,1062.6786,882.6627,1033.6065,911.7349
388,987.5811,1045.7230,34.3386,1019.6343,1061.6439,971.6603,987.5811,1045.7230
389,979.3662,926.2420,26.1285,954.9871,990.0633,915.5450,979.3662,926.2420
390,300.5729,1796.6232,56.4697,1669.6554,1798.7516,298.4444,300.5729,1796.6232
391,504.4444,1595.6385,-4.6749,1412.6858,1595.6585,504.4244,504.4444,1595.6385
392,1018.0209,1106.4902,5.6689,1065.0603,1106.8519,1017.6592,1018.0209,1106.4902
393,996.1432,893.8590,102.6332,965.6471,1059.6706,830.3317,996.1432,893.8590
394,1032.9623,1031.1069,42.9173,1034.7095,1074.9619,989.1073,1032.9623,1031.1069
395,1006.2740,1026.8399,-13.4128,1016.9783,1033.4579,999.6560,1006.2740,1026.8399
396,1195.5041,902.3910,68.4465,1085.7174,1210.6997,887.1954,1195.5041,902.3910
397,888.0679,714.4970,-118.3690,840.6440,948.0575,654.5073,888.0679,714.4970
398,1126.0642,940.7311,-59.7257,1050.8918,1143.6440,923.1514,1126.0642,940.7311
399,1021.8344,904.6783,-112.3166,987.9282,1089.9308,836.5819,1021.8344,904.6783
400,971.8211,896.4234,-136.8712,965.9447,1076.0903,792.1542,971.8211,896.4234
401,1078.6635,1069.4280,-18.4197,1074.5493,1093.0355,1055.0560,1078.6635,1069.4280
402,1064.2832,1097.8431,-48.5491,1084.7181,1132.4303,1029.6961,1064.2832,1097.8431
403,1045.5480,988.7712,-72.6660,1026.0957,1095.1740,939.1452,1045.5480,988.7712
404,1069.4970,972.0358,26.6801,1025.2919,1076.3227,965.2101,1069.4970,972.0358
405,1090.2996,1040.7927,-66.9725,1072.6988,1136.9467,994.1455,1090.2996,1040.7927
406,1113.2243,828.4091,-69.7435,1008.9189,1129.3855,812.2479,1113.2243,828.4091
407,1031.7405,908.6228,98.1093,990.7055,1086.0045,854.3589,1031.7405,908.6228
408,1055.1906,848.0025,80.0222,978.2341,1082.4984,820.6948,1055.1906,848.0025
409,1019.9438,1003.1228,-72.5267,1019.4078,1084.5461,938.5205,1019.9438,1003.1228
410,1050.7184,927.4379,150.7105,1028.5015,1151.9069,826.2495,1050.7184,927.4379
411,705.9971,564.9254,43.4603,651.4624,718.3111,552.6113,705.9971,564.9254
412,997.6292,947.4831,90.8639,986.1643,1066.8159,878.2964,997.6292,947.4831
413,1245.9905,1049.9364,-13.6144,1160.6912,1246.9314,1048.9955,1245.9905,1049.9364
414,688.0912,1471.3652,71.2268,1281.0821,1477.7895,681.6669,688.0912,1471.3652
415,989.9826,738.1236,5.3620,891.2063,990.0967,738.0095,989.9826,738.1236
416,1101.3791,959.6338,-112.8466,1056.0376,1163.7629,897.2499,1101.3791,959.6338
417,1006.0441,885.5403,-81.3812,961.9161,1047.0503,844.5342,1006.0441,885.5403
418,1207.6736,774.6766,9.5806,1059.8671,1207.8855,774.4647,1207.6736,774.6766
419,1064.1552,1088.7425,4.9476,1076.6935,1089.7008,1063.1969,1064.1552,1088.7425
420,1012.8632,1058.9264,44.1845,1039.4836,1085.7217,986.0678,1012.8632,1058.9264
421,1077.2124,1042.5696,39.6819,1062.5408,1103.1887,1016.5933,1077.2124,1042.5696
422,1062.8877,1072.2764,7.5094,1067.6923,1076.4380,1058.7261,1062.8877,1072.2764
423,405.5765,1728.6257,58.0743,1568.9700,1731.1699,403.0323,405.5765,1728.6257
424,979.4789,967.7343,64.6239,980.0724,1038.4968,908.7164,979.4789,967.7343
425,656.8881,1583.4980,46.7675,1380.3436,1585.8524,654.5337,656.8881,1583.4980
426,1043.8010,1059.8646,42.5647,1054.5051,1095.1487,1008.5169,1043.8010,1059.8646
427,1032.3720,1005.6097,-27.1897,1020.3418,1049.2949,988.6868,1032.3720,1005.6097
428,984.6135,886.2235,-66.5728,946.3424,1018.1958,852.6412,984.6135,886.2235
429,1003.4422,1041.9833,-158.9173,1059.6318,1182.7942,862.6314,1003.4422,1041.9833
430,1034.8634,858.5121,-72.1109,967.0276,1060.5953,832.7802,1034.8634,858.5121
431,1027.9100,965.8819,134.0576,1024.9885,1134.4943,859.2976,1027.9100,965.8819
432,994.9971,928.2609,-88.2378,975.4119,1055.9653,867.2927,994.9971,928.2609
433,1120.5768,1023.8255,10.8759,1075.6351,1121.7843,1022.6180,1120.5768,1023.8255
434,1000.8420,994.0449,-58.0255,1002.5114,1055.5684,939.3185,1000.8420,994.0449
435,1112.3083,1081.0235,72.0416,1104.0743,1170.3861,1022.9457,1112.3083,1081.0235
436,1135.0835,1002.9105,56.2034,1079.5061,1155.7509,982.2431,1135.0835,1002.9105
437,1077.9342,1022.2579,-6.4898,1051.2625,1078.6807,1021.5114,1077.9342,1022.2579
438,1018.9326,954.4845,73.5239,996.4568,1066.9841,906.4330,1018.9326,954.4845
439,1022.3275,939.7720,126.1569,1007.6293,1113.7878,848.3116,1022.3275,939.7720
440,1020.8894,974.6748,-166.2097,1039.2535,1165.5903,829.9738,1020.8894,974.6748
441,1276.6868,1058.9610,-16.6574,1183.2998,1277.9538,1057.6940,1276.6868,1058.9610
442,1066.4112,1010.8914,23.4531,1040.5568,1074.9922,1002.3104,1066.4112,1010.8914
443,1014.4285,1004.0595,127.5734,1033.1887,1136.9226,881.5653,1014.4285,1004.0595
444,1085.9713,996.0014,6.3401,1043.9560,1086.4158,995.5568,1085.9713,996.0014
445,1021.8358,896.9078,-16.8439,965.8937,1024.0669,894.6766,1021.8358,896.9078
446,1186.9799,1158.8098,16.3113,1173.4887,1194.4459,1151.3439,1186.9799,1158.8098
447,1118.7885,1078.8667,69.1004,1105.8671,1170.7533,1026.9020,1118.7885,1078.8667
448,1108.3245,1017.5188,101.3678,1080.1912,1173.9931,951.8503,1108.3245,1017.5188
449,975.8519,995.7503,-94.7918,999.5285,1081.1136,890.4886,975.8519,995.7503
450,753.9278,1498.1773,-32.8755,1298.7175,1499.6267,752.4784,753.9278,1498.1773
451,1489.4490,1159.7208,44.4105,1357.1965,1495.3258,1153.8440,1489.4490,1159.7208
452,1562.0371,1325.9739,45.5279,1460.5357,1570.5134,1317.4976,1562.0371,1325.9739
453,1154.5481,1043.8132,0.2908,1103.3562,1154.5488,1043.8124,1154.5481,1043.8132
454,1067.3000,1081.9524,3.0488,1074.7141,1082.5615,1066.6910,1067.3000,1081.9524
455,622.8171,1540.3404,4.2658,1342.1080,1540.3602,622.7973,622.8171,1540.3404
456,1048.0494,1027.6043,-165.1959,1076.6926,1203.3387,872.3149,1048.0494,1027.6043
457,1059.0563,984.1340,-96.9255,1037.3284,1125.5080,917.6822,1059.0563,984.1340
458,993.8627,946.3135,69.8294,978.4657,1043.8538,896.3224,993.8627,946.3135
459,1005.4908,978.4489,95.8162,1006.0293,1088.7354,895.2044,1005.4908,978.4489
460,1097.7180,1034.2401,17.4872,1067.8253,1102.2166,1029.7414,1097.7180,1034.2401
461,1070.0341,995.6113,-137.7795,1061.9917,1175.5388,890.1066,1070.0341,995.6113
462,1120.4388,948.4672,-9.7888,1045.2565,1120.9942,947.9118,1120.4388,948.4672
463,1000.6712,1068.5681,-18.2851,1036.7730,1073.1793,996.0600,1000.6712,1068.5681
464,1031.2525,1108.7798,-18.7811,1072.6139,1113.0899,1026.9423,1031.2525,1108.7798
465,1029.4768,994.8373,-179.4422,1059.2263,1192.4332,831.8810,1029.4768,994.8373
466,977.2098,1077.0305,-219.9438,1098.8970,1252.6557,801.5846,977.2098,1077.0305
467,1053.7406,940.4724,136.2401,1029.3336,1144.6490,849.5641,1053.7406,940.4724
468,1165.2933,915.3089,110.4543,1079.6740,1207.1040,873.4982,1165.2933,915.3089
469,1183.5926,885.4472,-112.2131,1083.8242,1221.1062,847.9336,1183.5926,885.4472
470,710.7307,688.7484,49.6414,705.2593,750.5832,648.8959,710.7307,688.7484
471,1152.6914,1116.3084,-32.0331,1136.2927,1171.3381,1097.6618,1152.6914,1116.3084
472,1024.0339,990.2222,139.5054,1036.1224,1147.6541,866.6020,1024.0339,990.2222
473,1065.2676,1102.1429,39.8154,1086.3667,1127.5825,1039.8280,1065.2676,1102.1429
474,1043.9157,1080.4899,22.9846,1063.4204,1091.5748,1032.8309,1043.9157,1080.4899
475,1142.6929,900.2732,51.5996,1046.6569,1153.2190,889.7472,1142.6929,900.2732
476,388.6460,1702.4660,-120.9850,1559.3882,1713.5141,377.5978,388.6460,1702.4660
477,209.3002,1176.0003,15.7678,1086.9186,1176.2574,209.0430,209.3002,1176.0003
478,908.1265,646.6204,-271.2835,936.1532,1078.5230,476.2238,908.1265,646.6204
479,633.5726,290.4313,104.7286,578.4976,663.0108,260.9931,633.5726,290.4313
480,720.8310,1435.0844,432.6941,1451.3042,1638.9957,516.9197,720.8310,1435.0844
481,1101.5002,769.1156,-48.5603,982.2091,1108.4494,762.1664,1101.5002,769.1156
482,1006.1864,1112.8095,-6.3437,1063.5709,1113.1856,1005.8103,1006.1864,1112.8095
483,1436.2591,2410.1523,-1406.0175,3215.7001,3411.1581,435.2533,1436.2591,2410.1523
484,1718.1635,-1676.2193,-669.0420,3159.8524,1845.2735,-1803.3294,1718.1635,-1676.2193
485,1079.0364,940.3570,44.8993,1019.7840,1092.3039,927.0896,1079.0364,940.3570
486,1041.4832,1185.1110,-118.5343,1138.8825,1251.8886,974.7056,1041.4832,1185.1110
487,986.6629,1164.0750,-45.6362,1089.1614,1175.1258,975.6121,986.6629,1164.0750
488,953.5693,962.1683,-61.9735,963.8933,1019.9913,895.7463,953.5693,962.1683
489,1050.8661,1025.7099,37.4008,1040.5350,1077.7472,998.8288,1050.8661,1025.7099
490,685.8877,611.3863,213.8016,749.6840,865.6594,431.6145,685.8877,611.3863
491,1070.7368,1141.9797,13.9890,1108.3421,1144.6281,1068.0884,1070.7368,1141.9797
492,1006.2700,1112.8134,-274.0177,1164.6456,1338.6896,780.3938,1006.2700,1112.8134
493,1153.7629,935.2419,-329.6964,1205.3622,1391.8316,697.1732,1153.7629,935.2419
494,1076.0111,967.1401,232.7498,1102.2812,1260.6063,782.5449,1076.0111,967.1401
495,728.1166,1766.4941,-672.4347,1928.9756,2096.8496,397.7611,728.1166,1766.4941
496,618.1717,1310.7782,9.0177,1135.8845,1310.8956,618.0543,618.1717,1310.7782
497,637.3493,1461.9668,0.8747,1269.5589,1461.9678,637.3483,637.3493,1461.9668
498,103.5964,1340.2808,-95.1704,1302.0786,1347.5619,96.3153,103.5964,1340.2808
499,665.0615,817.6357,-317.4995,932.4563,1067.8844,414.8128,665.0615,817.6357
500,933.9215,676.6406,-8.5453,835.6685,934.2051,676.3571,933.9215,676.6406
501,1014.9416,1025.6443,-0.8275,1020.3361,1025.7079,1014.8780,1014.9416,1025.6443
502,1017.0695,1057.0789,32.8702,1039.2136,1075.5533,998.5952,1017.0695,1057.0789
503,1064.2043,1107.1386,23.6318,1087.0788,1117.5980,1053.7449,1064.2043,1107.1386
504,1015.4126,1009.3735,25.3296,1013.3567,1037.9020,986.8841,1015.4126,1009.3735
505,1002.8534,1035.8752,-22.4948,1020.5094,1047.2682,991.4605,1002.8534,1035.8752
506,1067.4243,958.6007,112.3907,1035.8433,1137.8817,888.1433,1067.4243,958.6007
507,1056.1329,879.0685,110.0197,998.0371,1108.8179,826.3836,1056.1329,879.0685
508,1175.8696,963.2746,-45.7209,1088.1880,1185.2853,953.8589,1175.8696,963.2746
509,1268.7146,1168.8593,53.9684,1225.4214,1292.3080,1145.2658,1268.7146,1168.8593
510,1111.1960,1007.2846,-73.3440,1070.6196,1149.1221,969.3585,1111.1960,1007.2846
511,971.8748,966.8552,45.5272,972.5768,1014.9614,923.7686,971.8748,966.8552
512,996.3759,901.5448,-77.2215,961.8524,1039.5772,858.3436,996.3759,901.5448
513,1023.8949,1000.8176,-55.9262,1017.1764,1069.4604,955.2521,1023.8949,1000.8176
514,1010.8922,1161.1637,41.5635,1096.1640,1171.8935,1000.1624,1010.8922,1161.1637
515,1033.0137,1117.6758,40.7625,1080.1513,1134.1112,1016.5783,1033.0137,1117.6758
516,1086.7636,889.3461,-104.8646,1019.0546,1132.0687,844.0409,1086.7636,889.3461
517,983.7724,895.4324,-85.1825,954.1875,1035.5558,843.6490,983.7724,895.4324
518,956.8743,1006.6646,-141.7573,1012.9245,1125.6962,837.8428,956.8743,1006.6646
519,931.8435,942.2796,-104.3823,954.3862,1041.5742,832.5489,931.8435,942.2796
520,1009.0228,964.1368,165.9427,1028.3296,1154.0333,819.1263,1009.0228,964.1368
521,1022.2867,1128.0835,-30.0744,1080.3384,1136.0350,1014.3352,1022.2867,1128.0835
522,723.8561,1357.7175,-20.9952,1177.2403,1358.4122,723.1615,723.8561,1357.7175
523,675.9062,1237.7286,-14.8111,1073.7276,1238.1188,675.5160,675.9062,1237.7286
524,665.6670,1647.4691,57.5015,1438.9303,1650.8254,662.3108,665.6670,1647.4691
525,720.0562,1552.7586,57.6143,1349.6017,1556.7260,716.0888,720.0562,1552.7586
526,1006.4750,1044.0961,-11.3219,1025.9905,1047.2406,1003.3305,1006.4750,1044.0961
527,963.8216,919.7135,-58.2275,947.9222,1004.0317,879.5034,963.8216,919.7135
528,988.1296,941.8598,-85.4300,977.0953,1053.5018,876.4876,988.1296,941.8598
529,983.4682,1002.3417,-72.7853,1001.0098,1066.2995,919.5104,983.4682,1002.3417
530,1176.1248,1141.6920,55.1532,1163.2212,1216.6862,1101.1306,1176.1248,1141.6920
531,1115.0479,1023.1513,65.7567,1078.0907,1149.3192,988.8799,1115.0479,1023.1513
532,1063.3265,1028.6799,-43.4568,1049.1370,1092.7856,999.2208,1063.3265,1028.6799
533,1027.8225,986.9832,-55.6973,1012.6292,1066.7253,948.0805,1027.8225,986.9832
534,1072.4004,1043.4628,19.6859,1058.7776,1082.3628,1033.5004,1072.4004,1043.4628
535,1069.5707,965.5475,9.0768,1021.6601,1070.3568,964.7614,1069.5707,965.5475
536,1082.0628,1062.7403,3.1436,1072.5459,1082.5613,1062.2417,1082.0628,1062.7403
537,1104.7545,1036.2312,6.2530,1072.1911,1105.3204,1035.6653,1104.7545,1036.2312
538,868.0502,860.8361,-229.9647,951.8153,1094.4362,634.4501,868.0502,860.8361
539,686.8147,2053.5511,577.5586,2068.5984,2264.9265,475.4393,686.8147,2053.5511
540,1261.8858,939.9726,3.7833,1135.6976,1261.9302,939.9281,1261.8858,939.9726
541,1096.4735,905.1071,-92.6244,1027.0272,1133.9614,867.6191,1096.4735,905.1071
542,1089.4294,1097.0308,-71.4517,1100.2325,1164.7828,1021.6774,1089.4294,1097.0308
543,987.7944,1019.6773,74.0222,1012.2677,1079.4552,928.0166,987.7944,1019.6773
544,984.5810,983.9878,87.3823,995.8529,1071.6672,896.9015,984.5810,983.9878
545,1010.1374,962.7797,141.0693,1017.0959,1129.5013,843.4158,1010.1374,962.7797
546,1026.3935,959.7692,125.1819,1018.1116,1122.6197,863.5429,1026.3935,959.7692
547,1020.8399,1018.1657,2.0094,1019.5113,1021.9164,1017.0891,1020.8399,1018.1657
548,1078.6937,920.8082,51.6213,1013.0114,1094.0734,905.4285,1078.6937,920.8082
549,1083.6922,1009.2855,-72.6223,1055.9892,1128.0860,964.8918,1083.6922,1009.2855
550,998.4937,952.6870,-149.1558,1009.9964,1126.4944,824.6864,998.4937,952.6870
551,1297.4659,1249.5334,-31.7177,1275.3598,1313.2538,1233.7454,1297.4659,1249.5334
552,1056.2672,1048.5051,43.3976,1055.0886,1095.9570,1008.8153,1056.2672,1048.5051
553,1039.8314,1045.1504,15.5910,1042.8508,1058.3071,1026.6747,1039.8314,1045.1504
554,1066.7996,1077.5736,13.1742,1072.4700,1086.4196,1057.9536,1066.7996,1077.5736
555,1063.9740,1063.1088,12.6001,1063.7656,1076.1490,1050.9339,1063.9740,1063.1088
556,1402.5180,1064.7717,-21.0479,1268.3702,1403.8246,1063.4650,1402.5180,1064.7717
557,1209.2841,1077.6952,-35.5838,1150.8058,1218.2901,1068.6891,1209.2841,1077.6952
558,1037.7349,917.3259,75.4899,991.7337,1074.0877,880.9732,1037.7349,917.3259
559,1033.5978,954.5655,85.0883,1007.2751,1087.8983,900.2651,1033.5978,954.5655
560,959.0860,962.4075,93.5162,974.3092,1054.2778,867.2158,959.0860,962.4075
561,1009.4575,944.2489,112.4670,997.6862,1093.9508,859.7555,1009.4575,944.2489
562,992.8248,998.6572,119.4516,1017.0210,1115.2281,876.2538,992.8248,998.6572
563,981.6255,880.8076,31.0273,936.8434,990.4091,872.0240,981.6255,880.8076
564,1329.2724,1115.4171,42.1896,1238.4535,1337.2947,1107.3948,1329.2724,1115.4171
565,1015.7011,946.4567,-105.0687,999.6150,1091.7050,870.4528,1015.7011,946.4567
566,1031.3234,1020.4786,37.7057,1028.0206,1063.9946,987.8074,1031.3234,1020.4786
567,1035.7927,1025.5646,29.6231,1031.9930,1060.7400,1000.6173,1035.7927,1025.5646
568,1075.6706,1003.7722,-117.9436,1061.4282,1163.0220,916.4208,1075.6706,1003.7722
569,1129.8575,968.6832,138.6746,1085.4230,1209.6603,888.8804,1129.8575,968.6832
570,927.9421,695.8565,155.1756,878.5310,1005.6657,618.1329,927.9421,695.8565
571,1016.2752,1027.6517,42.0831,1024.6069,1064.4292,979.4976,1016.2752,1027.6517
572,1470.3593,1532.7810,76.5243,1508.3776,1584.2144,1418.9258,1470.3593,1532.7810
573,747.7227,1670.8216,-7.2400,1449.6828,1670.8784,747.6659,747.7227,1670.8216
574,1012.4687,1314.0102,-141.4280,1217.0979,1369.9608,956.5181,1012.4687,1314.0102
575,1033.9854,957.2048,-113.1750,1016.8859,1115.1041,876.0861,1033.9854,957.2048
576,1014.4289,930.7448,-67.3479,982.2345,1051.8742,893.2995,1014.4289,930.7448
577,1082.2682,1032.5687,-77.4545,1066.7633,1138.7616,976.0753,1082.2682,1032.5687
578,1105.9243,1030.5311,18.5626,1070.7041,1110.2467,1026.2086,1105.9243,1030.5311
579,1054.2620,1067.7511,19.3464,1061.5998,1081.4949,1040.5181,1054.2620,1067.7511
580,990.6163,930.9334,23.5498,963.0284,998.7894,922.7603,990.6163,930.9334
581,1005.4132,983.4814,24.9352,995.5659,1021.6873,967.2074,1005.4132,983.4814
582,1108.9770,924.6355,47.7446,1032.5793,1120.6089,913.0035,1108.9770,924.6355
583,1074.6051,974.7610,52.2875,1032.3051,1096.9755,952.3906,1074.6051,974.7610
584,974.4666,948.8654,-90.8172,974.6981,1053.3809,869.9511,974.4666,948.8654
585,1054.2647,1134.8439,-90.8783,1108.0142,1193.9632,995.1455,1054.2647,1134.8439
586,1049.3221,962.9575,-82.5691,1019.0017,1099.3191,912.9606,1049.3221,962.9575
587,1284.8744,1177.0042,40.9643,1236.5164,1298.6672,1163.2114,1284.8744,1177.0042
588,1125.8972,890.0309,-95.3740,1041.6357,1159.6362,856.2920,1125.8972,890.0309
589,1183.9338,927.1482,76.5440,1086.8293,1205.0191,906.0629,1183.9338,927.1482
590,1162.1328,957.1496,37.9798,1076.4202,1168.9435,950.3389,1162.1328,957.1496
591,1109.4952,1011.5525,32.7230,1065.4191,1119.4219,1001.6258,1109.4952,1011.5525
592,1113.7136,1034.1294,19.0799,1076.6382,1118.0514,1029.7916,1113.7136,1034.1294
593,1034.5641,1094.7579,17.2507,1066.3552,1099.3512,1029.9708,1034.5641,1094.7579
594,941.1338,988.3186,-103.7181,982.1602,1071.0937,858.3588,941.1338,988.3186
595,1011.8223,981.4845,154.1050,1032.1111,1151.5031,841.8036,1011.8223,981.4845
596,1244.5794,940.5703,-21.3576,1124.4574,1246.0725,939.0772,1244.5794,940.5703
597,1008.4095,1004.2400,-66.2253,1012.8474,1072.5829,940.0667,1008.4095,1004.2400
598,1072.1678,913.4057,-100.3654,1017.2263,1120.7499,864.8236,1072.1678,913.4057
599,1121.6691,1112.5109,-44.2626,1119.7457,1161.5888,1072.5911,1121.6691,1112.5109
600,1031.9736,992.8199,-40.8328,1015.4304,1057.6800,967.1135,1031.9736,992.8199
601,1053.8758,1122.0742,-49.5889,1092.9570,1148.1565,1027.7934,1053.8758,1122.0742
602,592.1513,1322.5345,413.0994,1352.2401,1508.7193,405.9664,592.1513,1322.5345
603,1007.4354,770.2738,97.5263,927.7828,1042.3889,735.3203,1007.4354,770.2738
604,1064.6805,1216.4321,-121.2357,1167.1479,1283.5781,997.5345,1064.6805,1216.4321
605,1043.0816,1078.3313,-45.9343,1064.1240,1109.9060,1011.5069,1043.0816,1078.3313
606,388.1087,2542.7076,347.6435,2447.7972,2597.4108,333.4055,388.1087,2542.7076
607,670.0372,1154.2864,17.4843,1004.4049,1154.9169,669.4067,670.0372,1154.2864
608,712.7463,802.0534,-176.2586,820.2668,939.2268,575.5728,712.7463,802.0534
609,1024.3844,1116.7173,21.9516,1074.2061,1121.6704,1019.4312,1024.3844,1116.7173
610,995.4231,1075.3812,-3.8343,1037.7363,1075.5646,995.2397,995.4231,1075.3812
611,-489.1885,726.5399,-1417.2257,2673.6055,1660.7612,-1423.4098,-489.1885,726.5399
612,156.6350,1093.8448,-572.7714,1426.1479,1365.2789,-114.7990,156.6350,1093.8448
613,1016.4968,1488.2335,-170.5231,1350.0201,1543.4184,961.3119,1016.4968,1488.2335
614,1208.9919,1043.9212,200.8485,1187.5862,1343.6021,909.3110,1208.9919,1043.9212
615,1044.5381,1301.9556,255.1899,1273.4095,1459.0577,887.4360,1044.5381,1301.9556
616,1267.6697,919.5328,195.4215,1183.8209,1355.3060,831.8965,1267.6697,919.5328
617,1010.0209,989.9792,59.7754,1005.4952,1060.6095,939.3905,1010.0209,989.9792
618,1050.2527,1014.4093,27.0090,1033.8565,1064.7451,999.9169,1050.2527,1014.4093
619,1111.2709,742.6173,2.9341,980.3980,1111.2942,742.5939,1111.2709,742.6173
620,423.6212,1889.7808,111.5134,1728.4331,1898.2138,415.1882,423.6212,1889.7808
621,437.2026,1974.0738,-291.3949,1865.4159,2027.4681,383.8084,437.2026,1974.0738
622,1082.6168,1170.6343,-197.1975,1179.7271,1328.6741,924.5771,1082.6168,1170.6343
623,1165.4351,995.4540,-44.4272,1093.1385,1176.3464,984.5426,1165.4351,995.4540
624,1083.3005,967.2144,150.4259,1062.6117,1186.4931,864.0217,1083.3005,967.2144
625,1030.6568,1110.2402,48.1780,1075.9059,1132.9344,1007.9625,1030.6568,1110.2402
626,1024.7739,1073.1100,-12.5614,1050.0023,1076.1795,1021.7044,1024.7739,1073.1100
627,997.4956,1069.2385,-5.5368,1035.2776,1069.6633,997.0708,997.4956,1069.2385
628,962.7571,918.0299,-80.1393,951.3713,1023.5948,857.1923,962.7571,918.0299
629,719.3359,1464.8785,30.1693,1269.7653,1466.0973,718.1171,719.3359,1464.8785
630,338.5744,1197.7093,66.1815,1075.5308,1202.7776,333.5062,338.5744,1197.7093
631,742.0685,660.0839,106.1328,728.2454,814.8503,587.3021,742.0685,660.0839
632,434.4085,1122.9779,-131.2523,1006.7972,1147.1483,410.2382,434.4085,1122.9779
633,466.2868,1701.3892,127.4844,1538.6910,1714.4106,453.2654,466.2868,1701.3892
634,645.8268,1635.3095,23.3740,1427.1796,1635.8613,645.2750,645.8268,1635.3095
635,522.8213,1603.3389,-56.3115,1419.6094,1606.2656,519.8945,522.8213,1603.3389
636,1023.2592,1075.1413,19.0356,1050.6793,1081.3762,1017.0243,1023.2592,1075.1413
637,1042.5216,1066.9672,21.5827,1055.6189,1079.5478,1029.9410,1042.5216,1066.9672
638,956.6097,824.3451,9.6384,897.9694,957.3083,823.6464,956.6097,824.3451
639,1065.9068,1082.7766,-72.3326,1081.7207,1147.1645,1001.5189,1065.9068,1082.7766
640,1102.9910,954.2623,-108.2912,1053.4913,1159.9927,897.2606,1102.9910,954.2623
641,777.4444,1539.1305,96.6359,1343.4171,1551.1995,765.3753,777.4444,1539.1305
642,649.1372,586.3121,-300.5205,809.6182,919.8824,315.5669,649.1372,586.3121
643,1123.1844,929.1934,-436.7760,1285.9268,1473.6053,578.7725,1123.1844,929.1934
644,1036.4419,2825.6756,1278.2837,3321.4505,3491.2986,370.8189,1036.4419,2825.6756
645,989.6380,995.7260,35.1971,994.5661,1028.0105,957.3535,989.6380,995.7260
646,1075.2616,1076.9401,-0.6452,1076.1024,1077.1594,1075.0423,1075.2616,1076.9401
647,1022.9637,1013.2067,-71.6264,1025.6510,1089.8776,946.2928,1022.9637,1013.2067
648,1015.8575,1013.0225,-17.2458,1014.8827,1031.7440,997.1360,1015.8575,1013.0225
649,1071.4429,1038.8933,4.0457,1055.5679,1071.9383,1038.3980,1071.4429,1038.8933
650,1070.2963,1130.7080,53.0427,1105.5689,1161.5424,1039.4618,1070.2963,1130.7080
651,1115.7535,1040.3563,-24.9025,1080.8914,1123.2358,1032.8739,1115.7535,1040.3563
652,1000.3169,1021.9937,64.0153,1017.3895,1076.0816,946.2289,1000.3169,1021.9937
653,971.2101,1009.3986,66.0833,997.4455,1059.0909,921.5178,971.2101,1009.3986
654,919.3005,2031.2153,193.6075,1793.3497,2063.9620,886.5538,919.3005,2031.2153
655,972.3162,1017.0057,-108.5907,1013.0272,1105.5268,883.7952,972.3162,1017.0057
656,993.1603,998.5097,34.2286,997.6090,1030.1679,961.5021,993.1603,998.5097
657,981.0056,961.5066,54.9865,976.0605,1027.1003,915.4119,981.0056,961.5066
658,999.1450,1110.9330,61.5902,1064.8285,1138.2105,971.8676,999.1450,1110.9330
659,1046.4090,1029.1152,45.3659,1040.8404,1083.9447,991.5795,1046.4090,1029.1152
660,997.6227,1019.4202,-56.2282,1013.3887,1065.7962,951.2467,997.6227,1019.4202
661,686.7624,1295.9016,203.9619,1177.2121,1357.8877,624.7762,686.7624,1295.9016
662,1111.9217,1037.1625,-94.6808,1088.9104,1176.3345,972.7497,1111.9217,1037.1625
663,1150.2993,887.8687,-39.0778,1046.3106,1155.9947,882.1734,1150.2993,887.8687
664,1111.7332,976.0308,107.5792,1066.8743,1171.0711,916.6928,1111.7332,976.0308
665,425.8555,1741.8401,-9.6801,1572.8537,1741.9113,425.7843,425.8555,1741.8401
666,708.9185,1647.9782,22.1163,1432.3347,1648.4988,708.3979,708.9185,1647.9782
667,1058.6405,1073.4998,18.6455,1066.6368,1086.1414,1045.9989,1058.6405,1073.4998
668,1061.6228,1053.5134,19.2008,1058.1142,1077.1924,1037.9439,1061.6228,1053.5134
669,1107.3139,942.3828,-187.1415,1084.3346,1229.3538,820.3428,1107.3139,942.3828
670,1035.2735,1020.0361,-47.8805,1031.0801,1076.1377,979.1719,1035.2735,1020.0361
671,991.9602,1011.8311,-47.5866,1005.4275,1050.5084,953.2829,991.9602,1011.8311
672,1048.7693,991.6024,48.2333,1024.7973,1076.2525,964.1193,1048.7693,991.6024
673,1039.5490,938.2344,61.5355,998.4814,1068.5960,909.1874,1039.5490,938.2344
674,1126.8105,937.1736,-95.6704,1058.0348,1166.6894,897.2947,1126.8105,937.1736
675,1017.2294,940.5117,124.7873,1004.6479,1109.4204,848.3207,1017.2294,940.5117
676,1057.9810,932.1657,156.8038,1037.2104,1164.0255,826.1213,1057.9810,932.1657
677,1092.8918,1066.6429,87.3679,1090.5566,1168.1156,991.4191,1092.8918,1066.6429
678,1067.7677,1040.5262,15.0216,1054.7319,1074.4243,1033.8696,1067.7677,1040.5262
679,927.8329,962.0997,-114.6976,966.0790,1060.9366,828.9960,927.8329,962.0997
680,991.4478,1022.0646,-159.4351,1044.2795,1166.9245,846.5878,991.4478,1022.0646
681,950.2650,944.8120,-100.7665,963.4901,1048.3419,846.7350,950.2650,944.8120
682,1082.2209,979.3073,12.2360,1034.8271,1083.6557,977.8725,1082.2209,979.3073
683,1026.8632,906.3476,-79.9989,982.0481,1066.7595,866.4513,1026.8632,906.3476
684,1056.2398,1016.4302,-63.6809,1042.7582,1103.0542,969.6158,1056.2398,1016.4302
685,1051.8350,955.4545,-12.8103,1007.3540,1053.5086,953.7808,1051.8350,955.4545
686,1021.1952,1004.5944,-67.2465,1019.6710,1080.6517,945.1380,1021.1952,1004.5944
687,1000.1730,987.1325,-72.1477,1001.5434,1066.0945,921.2111,1000.1730,987.1325
688,1002.7202,1024.9250,162.2645,1052.2335,1176.4665,851.1787,1002.7202,1024.9250
689,967.4631,1041.9079,-24.7763,1007.6661,1049.3999,959.9711,967.4631,1041.9079
690,1272.6440,1060.0789,-11.2859,1180.9611,1273.2415,1059.4814,1272.6440,1060.0789
691,1103.3240,1049.1873,-1.7663,1077.2807,1103.3816,1049.1297,1103.3240,1049.1873
692,1041.1186,857.8732,94.2926,976.4220,1080.9714,818.0203,1041.1186,857.8732
693,1023.4702,864.6345,114.6050,974.4534,1083.4852,804.6196,1023.4702,864.6345
694,983.4196,957.6682,102.3675,986.8588,1073.7180,867.3699,983.4196,957.6682
695,661.6647,1491.0784,-87.2581,1302.8288,1500.1590,652.5842,661.6647,1491.0784
696,1003.5381,1010.3724,51.1846,1010.8677,1058.2538,955.6567,1003.5381,1010.3724
697,988.6186,1021.7246,61.4393,1011.1955,1068.8017,941.5415,988.6186,1021.7246
698,1227.5627,1206.3214,1.4149,1217.0835,1227.6565,1206.2276,1227.5627,1206.3214
699,1327.8114,1155.5100,26.6205,1251.4444,1331.8305,1151.4909,1327.8114,1155.5100
700,1010.3199,989.6121,-53.6964,1004.4419,1054.6515,945.2805,1010.3199,989.6121
701,1085.9189,870.3734,-139.8413,1024.8325,1154.6980,801.5943,1085.9189,870.3734
702,1017.1349,914.9628,-71.0914,977.8761,1053.5918,878.5059,1017.1349,914.9628
703,1128.6723,1129.0580,39.5822,1130.9451,1168.4478,1089.2824,1128.6723,1129.0580
704,1119.6855,1086.9560,48.1001,1106.8247,1154.1284,1052.5130,1119.6855,1086.9560
705,1068.0379,1037.3823,47.7943,1056.2936,1102.9020,1002.5181,1068.0379,1037.3823
706,1163.8087,1122.0017,-13.2202,1143.7078,1167.6384,1118.1720,1163.8087,1122.0017
707,1038.9184,942.9247,122.6059,1016.8251,1122.5874,859.2557,1038.9184,942.9247
708,1034.6658,985.5669,-180.3515,1058.1697,1192.1310,828.1017,1034.6658,985.5669
709,1121.4570,952.7070,39.8859,1049.6043,1130.4095,943.7545,1121.4570,952.7070
710,726.7634,999.6262,63.1459,901.6141,1013.5309,712.8587,726.7634,999.6262
711,1139.9495,854.3327,-50.8079,1031.1243,1148.7184,845.5638,1139.9495,854.3327
712,1091.2366,1017.2244,-117.9771,1075.7630,1177.8754,930.5857,1091.2366,1017.2244
713,1106.4562,948.7001,148.4915,1068.0502,1195.7194,859.4370,1106.4562,948.7001
714,1143.5870,1017.3827,10.8176,1086.1603,1144.5075,1016.4621,1143.5870,1017.3827
715,1134.2069,966.6136,-7.7590,1060.4753,1134.5653,966.2552,1134.2069,966.6136
716,1127.5407,916.3032,-56.3735,1042.7485,1141.6437,902.2002,1127.5407,916.3032
717,1009.6216,896.1933,-34.4226,959.8108,1019.2506,886.5644,1009.6216,896.1933
718,1085.2023,923.5814,224.8492,1086.3082,1243.3218,765.4619,1085.2023,923.5814
719,1721.3101,1118.5031,-430.6019,1686.6893,1945.5130,894.3002,1721.3101,1118.5031
720,1068.3765,889.7438,-132.1829,1017.3043,1138.5898,819.5305,1068.3765,889.7438
721,1032.5840,970.2985,106.6237,1019.7549,1112.5200,890.3625,1032.5840,970.2985
722,1104.7989,967.2579,-16.2738,1043.2342,1106.6982,965.3586,1104.7989,967.2579
723,1071.6619,1020.7831,79.2758,1056.1141,1129.4800,962.9650,1071.6619,1020.7831
724,1023.4657,982.9158,130.3617,1028.8865,1135.1196,871.2618,1023.4657,982.9158
725,1036.2683,1024.5779,43.5965,1033.2358,1074.4097,986.4365,1036.2683,1024.5779
726,1068.5743,1061.4686,66.3749,1071.2261,1131.4914,998.5515,1068.5743,1061.4686
727,1065.8860,939.6583,129.2329,1033.2500,1146.5932,858.9511,1065.8860,939.6583
728,961.7594,911.8308,-103.4240,954.7482,1043.1893,830.4008,961.7594,911.8308
729,1169.0033,1014.9698,-204.8742,1155.9194,1310.8587,873.1144,1169.0033,1014.9698
730,1098.3343,1000.7252,-5.9378,1052.9787,1098.6942,1000.3653,1098.3343,1000.7252
731,1051.8927,1016.0124,26.9443,1035.4716,1066.3229,1001.5822,1051.8927,1016.0124
732,1063.9355,1095.9680,-48.2657,1083.5377,1130.8054,1029.0980,1063.9355,1095.9680
733,1056.2357,1028.8379,25.0231,1043.7070,1071.0642,1014.0094,1056.2357,1028.8379
734,1153.5975,1163.6440,-248.3088,1235.9003,1406.9803,910.2612,1153.5975,1163.6440
735,1017.6217,1143.6370,-50.9740,1089.7086,1161.6745,999.5842,1017.6217,1143.6370
736,867.1717,771.5058,-99.3681,841.3097,929.6202,709.0573,867.1717,771.5058
737,1039.3111,961.8750,49.9472,1006.5624,1063.7897,937.3965,1039.3111,961.8750
738,1056.1984,1113.7955,79.2044,1094.7724,1169.2744,1000.7195,1056.1984,1113.7955
739,1255.4557,997.2230,137.2267,1172.6666,1314.7597,937.9190,1255.4557,997.2230
740,1252.3531,995.0806,-176.1378,1185.5189,1341.8265,905.6072,1252.3531,995.0806
741,1268.8609,1602.5779,-55.5377,1467.6746,1611.5779,1259.8609,1268.8609,1602.5779
742,994.1188,376.1426,-588.5011,1339.7110,1349.8165,20.4449,994.1188,376.1426
743,517.8602,1106.0466,291.6466,1083.4731,1226.1375,397.7692,517.8602,1106.0466
744,1142.2014,1081.3388,-179.6575,1155.6995,1293.9867,929.5535,1142.2014,1081.3388
745,978.8757,1066.7528,12.3299,1025.8640,1068.4500,977.1785,978.8757,1066.7528
746,1021.8881,1174.6702,-65.5674,1112.0347,1198.9503,997.6080,1021.8881,1174.6702
747,1111.2797,851.4093,-116.1880,1026.7353,1155.6511,807.0379,1111.2797,851.4093
748,484.2011,1623.9965,161.1465,1470.8430,1646.3417,461.8560,484.2011,1623.9965
749,1093.6529,1039.0890,-18.4691,1067.8967,1099.3165,1033.4254,1093.6529,1039.0890
750,1020.5536,1025.3641,-53.1432,1027.1001,1076.1564,969.7612,1020.5536,1025.3641
751,526.1451,1154.6291,-361.8174,1181.1986,1319.6155,361.1587,526.1451,1154.6291
752,1050.0635,967.8489,-98.9078,1025.8705,1116.0663,901.8461,1050.0635,967.8489
753,1274.4331,1219.4579,-391.8848,1420.5143,1639.7931,854.0978,1274.4331,1219.4579
754,442.3991,1150.7761,106.5254,1022.2247,1166.4486,426.7266,442.3991,1150.7761
755,303.3552,1856.8713,220.0403,1766.9060,1887.4364,272.7900,303.3552,1856.8713
756,618.1766,609.7063,394.2727,918.3304,1008.2368,219.6460,618.1766,609.7063
757,1128.2375,687.9550,-3.5942,984.9183,1128.2668,687.9257,1128.2375,687.9550
758,1014.5265,1084.5727,-2.2928,1051.3087,1084.6476,1014.4515,1014.5265,1084.5727
759,1021.9414,1084.3245,14.8923,1054.8332,1087.6972,1018.5686,1021.9414,1084.3245
760,967.8209,1034.7346,-71.4284,1010.5549,1080.1534,922.4020,967.8209,1034.7346
761,1000.2125,949.1241,-63.8787,981.9253,1043.4651,905.8715,1000.2125,949.1241
762,1059.0799,1122.9849,52.8053,1096.2572,1152.7524,1029.3124,1059.0799,1122.9849
763,503.0790,134.8235,-97.1221,481.3908,527.1236,110.7789,503.0790,134.8235
764,118.0921,1169.5632,-10.9109,1115.3766,1169.6764,117.9789,118.0921,1169.5632
765,673.8227,196.9199,9.7999,600.3445,674.0240,196.7186,673.8227,196.9199
766,616.2918,1631.5935,92.8888,1436.0572,1640.0218,607.8635,616.2918,1631.5935
767,1068.0207,1043.5371,92.3300,1068.0324,1148.9169,962.6409,1068.0207,1043.5371
768,403.6585,1555.9849,-248.8761,1463.4755,1607.4389,352.2045,403.6585,1555.9849
769,1062.2537,1052.8466,-15.6406,1057.9284,1073.8827,1041.2176,1062.2537,1052.8466
770,521.2110,1279.6486,-241.7026,1190.5692,1350.1264,450.7332,521.2110,1279.6486
771,606.8230,1189.4488,-126.8827,1053.3448,1215.8817,580.3901,606.8230,1189.4488
772,971.1581,982.0697,-61.1655,982.3888,1038.0223,915.2055,971.1581,982.0697
773,1040.5657,874.9699,-49.9031,972.2945,1054.4416,861.0941,1040.5657,874.9699
774,1026.8231,892.2422,-73.0170,974.8238,1058.8276,860.2378,1026.8231,892.2422
775,861.9716,1245.9251,205.4804,1161.0508,1335.1552,772.7416,861.9716,1245.9251
776,1088.4553,1079.2422,137.5892,1109.7676,1221.5150,946.1825,1088.4553,1079.2422
777,958.2712,886.1232,76.3923,933.7339,1006.6787,837.7157,958.2712,886.1232
778,1102.8255,946.8844,138.3126,1061.1113,1183.6309,866.0791,1102.8255,946.8844
779,1051.7260,994.5518,122.7718,1046.1757,1149.1950,897.0828,1051.7260,994.5518
780,1021.7509,1083.8867,30.5037,1055.5162,1096.3583,1009.2792,1021.7509,1083.8867
781,1046.8002,1070.7459,18.1603,1059.4431,1080.5249,1037.0212,1046.8002,1070.7459
782,990.3592,1019.8954,-147.2950,1037.3151,1153.1608,857.0938,990.3592,1019.8954
783,1010.1062,997.5967,55.6010,1008.5185,1059.8032,947.8997,1010.1062,997.5967
784,1005.7642,992.4580,36.5339,1001.1793,1036.2459,961.9763,1005.7642,992.4580
785,1000.7306,928.9054,45.0113,969.9593,1022.4004,907.2356,1000.7306,928.9054
786,1120.8778,1023.8661,21.2795,1076.2892,1125.3401,1019.4037,1120.8778,1023.8661
787,1061.7774,1009.2757,36.6017,1038.4611,1080.5687,990.4844,1061.7774,1009.2757
788,1110.3701,830.7757,-137.0507,1028.1003,1166.3436,774.8022,1110.3701,830.7757
789,1209.8505,1119.8510,-23.5429,1168.1673,1215.6370,1114.0644,1209.8505,1119.8510
790,1016.0731,995.0778,26.4319,1006.7813,1034.0157,977.1352,1016.0731,995.0778
791,1026.9590,1022.3376,53.2245,1028.7948,1077.9230,971.3736,1026.9590,1022.3376
792,1091.1971,913.4786,117.6365,1034.3520,1149.7634,854.9123,1091.1971,913.4786
793,1001.3304,1000.7708,-25.3280,1002.0115,1026.3801,975.7211,1001.3304,1000.7708
794,1120.2553,1040.8314,88.6780,1093.5705,1177.7073,983.3794,1120.2553,1040.8314
795,1089.0341,1087.5750,45.1122,1091.1067,1133.4226,1043.1865,1089.0341,1087.5750
796,997.3442,981.4431,-64.5506,995.7860,1054.4321,924.3553,997.3442,981.4431
797,998.0427,881.2920,63.4589,951.4614,1025.8921,853.4426,998.0427,881.2920
798,1222.8758,985.0756,-17.2375,1123.4168,1224.1188,983.8326,1222.8758,985.0756
799,999.7903,1046.6101,30.8277,1025.3945,1061.9091,984.4914,999.7903,1046.6101
800,1163.2530,993.0603,108.9060,1104.4127,1216.3663,939.9470,1163.2530,993.0603
801,1181.1775,940.3945,-70.9776,1088.0546,1200.5427,921.0294,1181.1775,940.3945
802,648.8422,1579.5154,14.5271,1375.3697,1579.7421,648.6155,648.8422,1579.5154
803,709.9664,1571.2171,47.1325,1365.2577,1573.7888,707.3947,709.9664,1571.2171
804,985.6968,987.9154,-192.6951,1041.7217,1179.5044,794.1077,985.6968,987.9154
805,1002.5424,1019.7048,-147.6967,1043.0891,1159.0694,863.1778,1002.5424,1019.7048
806,1033.0505,939.3738,43.0774,992.3522,1049.8478,922.5766,1033.0505,939.3738
807,1111.0240,975.9960,0.7980,1050.0426,1111.0287,975.9913,1111.0240,975.9960
808,1000.4843,983.7124,140.6109,1021.6577,1132.9591,851.2376,1000.4843,983.7124
809,1021.4628,967.0980,77.3863,1004.3785,1076.3019,912.2589,1021.4628,967.0980
810,1024.8690,984.1656,9.8747,1005.2811,1027.1381,981.8965,1024.8690,984.1656
811,1076.4706,1005.7042,71.2727,1050.1706,1120.6598,961.5150,1076.4706,1005.7042
812,1066.6332,1011.1640,41.1551,1042.4486,1088.5267,989.2705,1066.6332,1011.1640
813,1094.6991,899.7215,-32.7648,1012.9961,1100.0577,894.3629,1094.6991,899.7215
814,765.2929,1720.8668,19.8527,1493.7440,1721.2791,764.8806,765.2929,1720.8668
815,1065.1274,1054.8968,19.3650,1060.5796,1080.0413,1039.9829,1065.1274,1054.8968
816,971.2614,974.3702,-122.0030,995.5059,1094.8287,850.8030,971.2614,974.3702
817,1044.9743,969.8976,-134.5259,1036.0725,1147.1011,867.7708,1044.9743,969.8976
818,1030.9147,932.5121,91.2781,998.0073,1085.4075,878.0193,1030.9147,932.5121
819,1090.0963,1072.5133,-8.5210,1081.5127,1093.5481,1069.0615,1090.0963,1072.5133
820,1017.8969,1027.2032,43.5605,1025.3615,1066.3584,978.7418,1017.8969,1027.2032
821,1040.4717,1151.9881,38.0910,1102.4517,1163.7570,1028.7029,1040.4717,1151.9881
822,698.9821,1642.5520,3.5467,1427.7522,1642.5653,698.9688,698.9821,1642.5520
823,961.6426,953.1452,-109.3495,975.9760,1066.8259,847.9618,961.6426,953.1452
824,912.3645,958.5166,-161.4078,977.1407,1098.4896,772.3916,912.3645,958.5166
825,1476.4606,1107.2880,65.2906,1335.6437,1487.6675,1096.0812,1476.4606,1107.2880
826,1315.3541,1265.1331,-8.7666,1291.0658,1316.8405,1263.6468,1315.3541,1265.1331
827,980.6737,916.1094,41.5473,952.7599,1001.0063,895.7768,980.6737,916.1094
828,1012.3195,943.8771,-57.5799,984.9548,1045.0799,911.1167,1012.3195,943.8771
829,1016.5787,955.4244,146.8253,1019.6455,1135.9770,836.0261,1016.5787,955.4244
830,987.3532,955.5509,136.2036,1000.0659,1108.5807,834.3234,987.3532,955.5509
831,956.8720,1015.1093,-89.6021,999.4032,1080.2054,891.7759,956.8720,1015.1093
832,1037.4396,979.7659,-102.7554,1025.4025,1115.3279,901.8777,1037.4396,979.7659
833,979.7743,931.8606,-67.4953,963.8338,1027.4383,884.1966,979.7743,931.8606
834,1014.2571,951.0247,-77.0117,993.1638,1065.8898,899.3919,1014.2571,951.0247
835,1065.5211,881.5572,2.9543,986.5022,1065.5685,881.5097,1065.5211,881.5572
836,752.1749,1553.1068,8.7977,1345.3372,1553.2035,752.0783,752.1749,1553.1068
837,1049.4246,1084.1151,2.4399,1067.2012,1084.2859,1049.2538,1049.4246,1084.1151
838,1052.2716,1084.5315,7.4059,1068.8437,1086.1504,1050.6526,1052.2716,1084.5315
839,1028.2028,1014.1108,-49.4401,1024.8137,1071.0964,971.2171,1028.2028,1014.1108
840,1216.3465,1157.9022,-25.3135,1189.0115,1225.7858,1148.4629,1216.3465,1157.9022
841,1235.6302,1145.0866,15.7615,1193.2506,1238.2955,1142.4214,1235.6302,1145.0866
842,1134.3688,1022.1486,-64.5297,1088.3837,1163.7714,992.7460,1134.3688,1022.1486
843,1113.4026,1004.0803,-54.8622,1067.2050,1136.1863,981.2966,1113.4026,1004.0803
844,1055.0670,995.3152,42.9230,1029.1850,1077.4879,972.8943,1055.0670,995.3152
845,1045.3554,1072.3393,13.9962,1059.3826,1078.2877,1039.4070,1045.3554,1072.3393
846,1009.0935,977.3283,-173.8080,1038.1967,1167.7431,818.6787,1009.0935,977.3283
847,973.3282,926.0928,90.2061,963.3456,1042.9572,856.4638,973.3282,926.0928
848,1087.0979,1038.1996,31.7010,1064.9087,1102.6827,1022.6149,1087.0979,1038.1996
849,1154.8976,1115.6215,2.8545,1135.7797,1155.1039,1115.4151,1154.8976,1115.6215
850,1086.6669,861.3112,-15.0635,993.6923,1087.6694,860.3087,1086.6669,861.3112
851,996.3484,961.8601,-314.4443,1120.7867,1294.0210,664.1875,996.3484,961.8601
852,1043.8167,947.9607,-18.8257,999.8744,1047.3814,944.3960,1043.8167,947.9607
853,980.8285,909.7803,-127.4014,972.6663,1077.5658,813.0430,980.8285,909.7803
854,1102.4133,921.6345,-155.3639,1058.8281,1191.7687,832.2791,1102.4133,921.6345
855,1056.1619,972.6790,-188.2476,1067.9828,1207.2403,821.6006,1056.1619,972.6790
856,994.1110,869.9860,61.2177,944.1994,1019.2228,844.8742,994.1110,869.9860
857,1021.5530,1015.0099,-172.0413,1061.0014,1190.3539,846.2090,1021.5530,1015.0099
858,1027.6800,1042.3382,-179.9395,1080.9901,1215.0978,854.9204,1027.6800,1042.3382
859,1072.8555,931.0146,13.9449,1009.7259,1074.2135,929.6567,1072.8555,931.0146
860,1092.3558,1020.8413,-10.0488,1058.5552,1093.7410,1019.4561,1092.3558,1020.8413
861,1032.7047,953.4496,-101.1930,1010.7588,1101.7527,884.4017,1032.7047,953.4496
862,1074.7869,1025.0683,22.5485,1051.5356,1083.4898,1016.3654,1074.7869,1025.0683
863,1084.6879,1061.0193,14.0568,1073.3256,1091.2287,1054.4786,1084.6879,1061.0193
864,1018.5942,970.4919,10.2973,995.5749,1020.7058,968.3802,1018.5942,970.4919
865,1004.3602,937.6365,1.1801,972.7184,1004.3811,937.6156,1004.3602,937.6365
866,986.4643,1010.2852,-48.5407,1002.1209,1048.3553,948.3942,986.4643,1010.2852
867,1393.7208,1199.8457,-12.7933,1307.7953,1394.5614,1199.0051,1393.7208,1199.8457
868,1205.4077,890.1404,-46.0065,1085.6912,1211.9842,883.5639,1205.4077,890.1404
869,1038.5938,1056.6740,-33.6454,1049.3703,1082.4726,1012.7952,1038.5938,1056.6740
870,1055.5975,939.5049,-113.5991,1021.7293,1125.1212,869.9811,1055.5975,939.5049
871,752.3797,1445.1080,51.7416,1255.0593,1448.9513,748.5363,752.3797,1445.1080
872,1002.1423,937.5516,-78.4254,980.9096,1054.6616,885.0323,1002.1423,937.5516
873,620.9581,1180.0917,420.1988,1255.0374,1405.2274,395.8224,620.9581,1180.0917
874,2467.1596,965.3177,-1262.0139,3068.4132,3184.7622,247.7151,2467.1596,965.3177
875,941.3302,760.3537,68.9516,873.3610,964.6068,737.0771,941.3302,760.3537
876,312.0012,605.4612,849.3992,1561.8772,1320.7107,-403.2483,312.0012,605.4612
877,1017.5411,1258.5154,-26.2111,1157.8950,1261.3334,1014.7231,1017.5411,1258.5154
878,1035.8248,1153.1302,34.5685,1100.8117,1162.5592,1026.3958,1035.8248,1153.1302
879,1008.7684,1032.0812,1.8482,1020.6295,1032.2268,1008.6228,1008.7684,1032.0812
880,1002.7650,969.3449,5.8946,986.5324,1003.7742,968.3357,1002.7650,969.3449
881,1025.5098,1032.4167,-40.5535,1031.3753,1069.6635,988.2630,1025.5098,1032.4167
882,1023.4313,1044.9815,44.2837,1037.2147,1079.7822,988.6307,1023.4313,1044.9815
883,1037.2404,923.5857,134.8702,1012.6538,1126.7665,834.0596,1037.2404,923.5857
884,1270.9922,993.6576,20.0303,1158.0368,1272.4315,992.2184,1270.9922,993.6576
885,1155.0162,1177.6865,-183.6936,1209.1282,1350.3944,982.3083,1155.0162,1177.6865
886,1064.0560,1080.2011,-40.8435,1074.5509,1113.7621,1030.4950,1064.0560,1080.2011
887,1045.9289,1093.5501,-59.7532,1075.5253,1134.0620,1005.4170,1045.9289,1093.5501
888,620.5673,1600.9515,75.0966,1404.1260,1606.6705,614.8483,620.5673,1600.9515
889,-88.5827,2576.9367,1668.3953,3902.2238,3379.5438,-891.1898,-88.5827,2576.9367
890,904.1204,349.0090,79.4925,801.6558,915.2795,337.8499,904.1204,349.0090
891,695.5225,472.7721,-329.7287,839.4071,932.1781,236.1165,695.5225,472.7721
892,-185.9992,972.0399,58.8686,1081.9669,975.0248,-188.9841,-185.9992,972.0399
893,1115.4225,978.5540,76.3879,1061.9507,1149.5472,944.4292,1115.4225,978.5540
894,1271.8393,914.0273,120.9421,1155.1650,1308.8832,876.9834,1271.8393,914.0273
895,377.1788,1830.7839,-105.2829,1684.2667,1838.3699,369.5929,377.1788,1830.7839
896,451.3079,1408.3899,-55.3288,1249.3227,1411.5778,448.1200,451.3079,1408.3899
897,1055.0535,940.4789,51.7303,1006.6832,1074.9534,920.5791,1055.0535,940.4789
898,1109.5933,973.1864,97.5094,1061.5895,1160.3847,922.3950,1109.5933,973.1864
899,989.9963,1006.8709,-3.8626,998.5630,1007.7130,989.1542,989.9963,1006.8709
900,1017.3163,1133.1513,-27.5176,1080.9545,1139.3560,1011.1116,1017.3163,1133.1513
901,658.7609,909.5989,8.3386,813.8406,909.8758,658.4840,658.7609,909.5989
902,616.7947,1043.0963,-167.8621,953.7517,1101.2589,558.6322,616.7947,1043.0963
903,1043.9086,1010.3309,38.6179,1029.7061,1069.2293,985.0103,1043.9086,1010.3309
904,1031.4005,1064.5114,-50.9003,1052.0487,1101.4809,994.4310,1031.4005,1064.5114
905,1023.3851,1087.2098,-3.9272,1056.7659,1087.4506,1023.1444,1023.3851,1087.2098
906,1017.0539,1075.2158,6.9195,1047.4154,1076.0277,1016.2421,1017.0539,1075.2158
907,1056.3916,1032.5552,-9.4606,1044.8059,1059.6901,1029.2568,1056.3916,1032.5552
908,1013.6964,1061.9373,20.3160,1039.2533,1069.3532,1006.2805,1013.6964,1061.9373
909,969.3113,862.7064,107.1509,939.1697,1035.6854,796.3323,969.3113,862.7064
910,969.8772,944.9945,103.9547,974.4575,1062.1324,852.7394,969.8772,944.9945
911,1034.6122,1032.1040,-11.7092,1033.5594,1045.1343,1021.5819,1034.6122,1032.1040
912,1037.6915,998.8323,-58.6515,1023.8701,1080.0480,956.4759,1037.6915,998.8323
913,1012.9504,1031.2445,33.1890,1023.8353,1056.5238,987.6711,1012.9504,1031.2445
914,1010.9338,1031.3306,23.1198,1022.0698,1046.4014,995.8630,1010.9338,1031.3306
915,1007.8051,1043.4461,2.1013,1026.0964,1043.5696,1007.6817,1007.8051,1043.4461
916,1051.7543,1560.8629,18.3097,1379.0727,1561.5205,1051.0967,1051.7543,1560.8629
917,975.2757,1311.5701,182.5281,1221.5506,1391.5962,895.2496,975.2757,1311.5701
918,620.9990,1527.7215,178.9122,1366.3410,1561.7471,586.9733,620.9990,1527.7215
919,380.0719,1673.6148,-9.1651,1519.7365,1673.6797,380.0070,380.0719,1673.6148
920,1044.0867,975.7238,108.8669,1029.0625,1124.0120,895.7984,1044.0867,975.7238
921,1032.8985,1002.8417,66.6321,1024.7227,1086.1760,949.5642,1032.8985,1002.8417
922,1054.4851,1009.6331,41.3973,1035.2758,1079.1405,984.9777,1054.4851,1009.6331
923,997.2321,867.7328,-57.1200,944.3988,1018.8260,846.1389,997.2321,867.7328
924,1004.4053,904.9568,-88.7983,970.8186,1056.4535,852.9086,1004.4053,904.9568
925,650.6977,1343.8963,70.1292,1170.3627,1350.9199,643.6741,650.6977,1343.8963
926,698.2016,1399.3410,9.6112,1211.9801,1399.4727,698.0698,698.2016,1399.3410
927,1093.7219,905.2350,-118.3334,1033.2526,1150.7551,848.2018,1093.7219,905.2350
928,983.2134,1030.7960,-57.8027,1012.8080,1069.5121,944.4973,983.2134,1030.7960
929,977.8255,981.4094,-60.7199,985.2516,1040.3638,918.8711,977.8255,981.4094
930,1000.0764,911.0378,-75.0155,967.4282,1042.7884,868.3259,1000.0764,911.0378
931,1059.1645,1063.7180,12.9378,1061.6851,1074.5778,1048.3047,1059.1645,1063.7180
932,1058.9844,1085.8655,-3.5514,1072.6952,1086.3268,1058.5232,1058.9844,1085.8655
933,1030.0801,932.6539,-112.0412,1003.9222,1103.5399,859.1942,1030.0801,932.6539
934,998.1302,930.1935,-106.6290,983.4526,1076.0708,852.2530,998.1302,930.1935
935,1350.0165,986.9154,-302.4679,1318.5807,1521.2371,815.6949,1350.0165,986.9154
936,1080.2781,938.5094,-154.5273,1051.4683,1179.4033,839.3841,1080.2781,938.5094
937,1036.4435,936.6941,153.1130,1025.2371,1147.6000,825.5375,1036.4435,936.6941
938,1044.1306,997.8487,106.4720,1038.2848,1129.9474,912.0320,1044.1306,997.8487
939,1025.6255,1039.9796,30.9674,1034.2691,1064.5908,1001.0144,1025.6255,1039.9796
940,975.5809,950.8904,-43.6332,966.4325,1008.5817,917.8896,975.5809,950.8904
941,1040.3257,907.3707,65.5621,987.1845,1067.2166,880.4798,1040.3257,907.3707
942,1041.4709,1010.4578,68.3154,1033.1143,1096.0175,955.9111,1041.4709,1010.4578
943,1122.8980,1011.0206,10.9287,1071.5166,1123.9555,1009.9631,1122.8980,1011.0206
944,967.3342,943.3181,21.1431,956.2540,979.6412,931.0110,967.3342,943.3181
945,981.0757,1025.7166,-158.1421,1040.8291,1163.1057,843.6866,981.0757,1025.7166
946,1011.3696,939.2630,-102.9021,993.4324,1084.3516,866.2810,1011.3696,939.2630
947,579.4532,1675.3515,10.6943,1473.8127,1675.4559,579.3489,579.4532,1675.3515
948,1014.1846,1008.6463,118.1995,1031.9387,1129.6473,893.1835,1014.1846,1008.6463
949,1023.2383,1003.9316,108.8150,1031.0946,1122.8273,904.3426,1023.2383,1003.9316
950,1004.7888,1028.4640,30.4636,1018.2012,1049.3091,983.9437,1004.7888,1028.4640
951,543.8879,1602.9686,-202.2818,1454.7305,1640.2888,506.5677,543.8879,1602.9686
952,482.5100,1718.9756,-161.1501,1560.8261,1739.6334,461.8522,482.5100,1718.9756
953,722.6639,1714.2938,56.8446,1493.9485,1717.5418,719.4160,722.6639,1714.2938
954,1272.0305,1048.2062,-56.2950,1180.2351,1285.3919,1034.8448,1272.0305,1048.2062
955,1219.9065,1034.9402,5.4792,1138.7857,1220.0686,1034.7781,1219.9065,1034.9402
956,706.7138,514.6358,-542.1347,1132.3976,1161.2504,60.0992,706.7138,514.6358
957,1073.9402,1018.4277,65.6493,1053.4427,1117.4597,974.9081,1073.9402,1018.4277
958,1082.2332,1086.8182,33.1153,1086.0487,1117.7203,1051.3311,1082.2332,1086.8182
959,1006.0460,1026.7696,38.5056,1018.7517,1056.2833,976.5324,1006.0460,1026.7696
960,1034.0428,951.9804,102.6926,1011.3160,1103.5979,882.4253,1034.0428,951.9804
961,1350.9540,1310.8450,-21.8612,1331.8910,1360.5659,1301.2331,1350.9540,1310.8450
962,967.9761,978.9469,-140.7549,1003.5703,1114.3232,832.5997,967.9761,978.9469
963,1100.9639,965.5412,51.0203,1043.6353,1118.0340,948.4711,1100.9639,965.5412
964,1086.1587,995.9457,57.1474,1048.6615,1113.8562,968.2483,1086.1587,995.9457
965,1001.7212,984.7358,-67.0732,1000.1078,1060.8372,925.6198,1001.7212,984.7358
966,1491.9441,861.6327,-315.2549,1407.4648,1622.5560,731.0208,1491.9441,861.6327
967,856.0178,817.3228,-26.5187,838.5999,869.4966,803.8440,856.0178,817.3228
968,1135.7669,1136.5292,17.2222,1136.5398,1153.3745,1118.9216,1135.7669,1136.5292
969,1211.3993,1147.8372,31.6470,1182.1734,1224.4688,1134.7678,1211.3993,1147.8372
970,1262.7871,901.8222,-130.1357,1148.8738,1304.8114,859.7980,1262.7871,901.8222
971,1047.4753,1122.6090,58.9584,1091.7777,1154.9518,1015.1325,1047.4753,1122.6090
972,684.6814,1613.0961,16.2064,1402.5686,1613.3789,684.3986,684.6814,1613.0961
973,651.3646,1643.2968,38.3638,1434.8275,1644.7783,649.8831,651.3646,1643.2968
974,707.1140,1648.4459,65.9417,1436.9377,1653.0428,702.5171,707.1140,1648.4459
975,1129.1632,1084.9298,65.1428,1113.4407,1175.8414,1038.2517,1129.1632,1084.9298
976,1171.2766,1169.8541,21.1581,1171.1395,1191.7355,1149.3953,1171.2766,1169.8541
977,1219.0249,950.9027,-16.0646,1109.8819,1219.9840,949.9436,1219.0249,950.9027
978,1015.4625,889.7039,121.2731,981.5282,1089.1884,815.9780,1015.4625,889.7039
979,997.8860,925.4835,115.4136,984.2408,1082.6427,840.7268,997.8860,925.4835
980,872.2375,868.6494,88.5390,883.8546,959.0006,781.8862,872.2375,868.6494
981,973.8164,987.7987,20.9037,981.5503,1002.8494,958.7657,973.8164,987.7987
982,996.5522,998.4139,-17.8828,997.9651,1015.3900,979.5760,996.5522,998.4139
983,989.2910,864.0343,74.2296,941.8072,1023.7829,829.5424,989.2910,864.0343
984,1187.7040,952.5825,60.5335,1094.3771,1202.3735,937.9130,1187.7040,952.5825
985,1111.7965,1041.3936,-13.2661,1078.5649,1114.2133,1038.9768,1111.7965,1041.3936
986,1083.2162,983.5344,-66.7678,1043.4034,1116.6943,950.0563,1083.2162,983.5344
987,924.7797,940.2195,-130.4095,959.5594,1063.1374,801.8618,924.7797,940.2195
988,946.4649,957.7521,-123.7425,975.9830,1075.9797,828.2374,946.4649,957.7521
989,813.0094,1738.0998,-10.1224,1506.3834,1738.2105,812.8986,813.0094,1738.0998
990,985.3297,965.0769,98.1341,990.0606,1073.8585,876.5481,985.3297,965.0769
991,1044.1950,1064.4741,3.8990,1054.5024,1065.1979,1043.4712,1044.1950,1064.4741
992,1048.3739,1045.9041,38.2968,1049.2400,1085.4557,1008.8222,1048.3739,1045.9041
993,1027.2205,881.5215,83.5252,973.4858,1065.2020,843.5400,1027.2205,881.5215
994,1113.6380,1096.3743,-41.1401,1107.4022,1147.0420,1062.9703,1113.6380,1096.3743
995,968.0334,961.8045,15.1408,965.2903,980.3767,949.4612,968.0334,961.8045
996,993.1926,925.8730,-103.6334,977.9170,1068.4954,850.5701,993.1926,925.8730
997,603.0162,897.8605,574.6349,1272.3889,1343.6824,157.1942,603.0162,897.8605
998,877.1310,898.7013,50.1501,892.3503,939.2128,836.6195,877.1310,898.7013
999,1075.3882,890.2126,-117.5911,1016.4138,1132.4672,833.1336,1075.3882,890.2126
1000,1192.2408,890.1528,249.9340,1157.5555,1333.2265,749.1671,1192.2408,890.1528
1001,3403.6848,10229.6206,4044.6889,11423.2364,12108.8978,1524.4076,3403.6848,10229.6206
1002,1091.7122,1113.9173,-124.0530,1123.7160,1227.3636,978.2658,1091.7122,1113.9173
1003,1108.8802,992.2296,0.7663,1055.4017,1108.8852,992.2245,1108.8802,992.2296
1004,1111.1848,988.2022,-8.9651,1055.1972,1111.8349,987.5521,1111.1848,988.2022
1005,958.7389,919.8653,-79.5392,949.9480,1021.1817,857.4225,958.7389,919.8653
1006,1207.7238,1091.5012,2.5556,1154.0187,1207.7799,1091.4450,1207.7238,1091.5012
1007,1070.2166,1042.1764,46.0871,1059.4871,1104.3689,1008.0241,1070.2166,1042.1764
1008,1093.4361,1028.4935,15.9005,1062.8113,1097.1201,1024.8094,1093.4361,1028.4935
1009,1034.3403,986.8848,-120.4704,1032.7468,1133.3974,887.8277,1034.3403,986.8848
1010,1025.6981,996.1226,-135.3366,1038.0481,1147.0525,874.7683,1025.6981,996.1226
1011,1187.5054,1096.9999,37.8556,1146.8146,1201.2515,1083.2539,1187.5054,1096.9999
1012,1215.3993,1041.3422,71.9780,1145.2009,1241.3079,1015.4336,1215.3993,1041.3422
1013,1124.0218,1030.5704,-38.7180,1082.4112,1137.9787,1016.6135,1124.0218,1030.5704
1014,1010.8672,1023.8792,-148.7647,1049.5561,1166.2801,868.4663,1010.8672,1023.8792
1015,1003.2529,1044.2621,-158.6767,1060.6015,1183.7536,863.7614,1003.2529,1044.2621
1016,998.4999,947.4385,-83.5315,984.6609,1060.3153,885.6232,998.4999,947.4385
1017,993.1015,985.7417,-65.3776,995.9008,1054.9026,923.9405,993.1015,985.7417
1018,1164.7926,964.1553,-22.6306,1079.2742,1167.3135,961.6344,1164.7926,964.1553
1019,1127.8829,1018.2643,30.9267,1078.5956,1136.0063,1010.1409,1127.8829,1018.2643
1020,1078.6547,875.6000,-120.6449,1014.5772,1134.8074,819.4474,1078.6547,875.6000
1021,1011.9782,931.5610,96.1437,988.3912,1075.9826,867.5567,1011.9782,931.5610
1022,975.9396,951.3563,65.7963,970.5968,1030.5825,896.7134,975.9396,951.3563
1023,1032.4708,1022.9335,-61.1028,1033.1702,1088.9907,966.4136,1032.4708,1022.9335
1024,1054.9744,1081.0681,11.4636,1068.4448,1085.3889,1050.6537,1054.9744,1081.0681
1025,1000.4133,923.1952,89.3247,976.4610,1059.1159,864.4926,1000.4133,923.1952
1026,1101.8984,1084.9651,-35.8733,1095.2939,1130.2906,1056.5729,1101.8984,1084.9651
1027,-839.1386,201.8784,-995.3144,1971.3612,804.5707,-1441.8308,-839.1386,201.8784
1028,648.6966,1315.9023,112.7471,1156.2528,1334.4398,630.1592,648.6966,1315.9023
1029,994.3345,1190.5854,97.7134,1118.4803,1230.9392,953.9806,994.3345,1190.5854
1030,994.0879,1123.9455,-18.6775,1065.4624,1126.5785,991.4548,994.0879,1123.9455
1031,1082.8952,1109.3920,90.0604,1107.4249,1187.1733,1005.1139,1082.8952,1109.3920
1032,1096.2631,779.3032,-179.4817,1025.3906,1177.2191,698.3472,1096.2631,779.3032
1033,10.5685,1871.3929,-10.7943,1866.2248,1871.4555,10.5059,10.5685,1871.3929
1034,1375.2849,2101.9715,1476.3146,3155.5345,3258.9976,218.2587,1375.2849,2101.9715
1035,995.8831,1126.3861,150.6576,1098.5777,1225.3158,896.9534,995.8831,1126.3861
1036,1040.3050,937.8475,68.7889,1000.1703,1074.8450,903.3074,1040.3050,937.8475
1037,390.4302,1978.8287,-325.3456,1900.8297,2042.8848,326.3742,390.4302,1978.8287
1038,1071.3667,1030.1117,-3.3846,1051.3628,1071.6425,1029.8359,1071.3667,1030.1117
1039,1095.8346,938.4873,-0.7050,1026.2487,1095.8377,938.4842,1095.8346,938.4873
1040,1048.9593,1098.7769,-34.0729,1076.3535,1116.0748,1031.6614,1048.9593,1098.7769
1041,1017.0990,1057.0521,-39.8554,1039.9463,1081.6571,992.4940,1017.0990,1057.0521
1042,778.9658,422.9714,-293.5240,845.3882,944.2459,257.6913,778.9658,422.9714
1043,1131.4002,3606.9792,-1448.2872,4062.2698,4274.3560,464.0234,1131.4002,3606.9792
1044,1050.9974,1271.8246,44.7460,1179.5998,1280.5469,1042.2751,1050.9974,1271.8246
1045,1071.7948,1066.7170,81.8068,1078.6123,1151.1021,987.4097,1071.7948,1066.7170
1046,1038.5068,946.2441,-122.4345,1017.9214,1123.2124,861.5386,1038.5068,946.2441
1047,1021.6733,1092.8713,7.2992,1059.1442,1093.6119,1020.9327,1021.6733,1092.8713
1048,1009.2278,1107.3807,-4.3755,1061.7395,1107.5753,1009.0331,1009.2278,1107.3807
1049,1027.0676,1063.0899,60.6027,1050.8001,1108.3013,981.8562,1027.0676,1063.0899
1050,806.7038,1073.4799,-95.2333,982.0173,1103.9874,776.1963,806.7038,1073.4799
1051,1015.9417,863.0695,-2.5436,948.7980,1015.9840,863.0272,1015.9417,863.0695
1052,960.8451,977.9249,114.1174,989.4415,1083.8215,854.9486,960.8451,977.9249
1053,961.9315,974.2996,114.9879,988.4478,1083.2696,852.9615,961.9315,974.2996
1054,1271.2897,998.7310,-11.9111,1159.4785,1271.8092,998.2115,1271.2897,998.7310
1055,1088.7633,966.8796,-31.1398,1034.6341,1096.2583,959.3847,1088.7633,966.8796
1056,133.3120,2735.8334,159.4937,2685.9174,2745.5715,123.5739,133.3120,2735.8334
1057,1067.7542,971.1137,84.7515,1033.3434,1116.9924,921.8754,1067.7542,971.1137
1058,1074.5806,1113.4130,-30.9377,1095.8245,1130.5226,1057.4710,1074.5806,1113.4130
1059,1090.6265,1055.4505,24.9539,1074.3406,1103.5677,1042.5093,1090.6265,1055.4505
1060,1021.4880,988.1987,-60.9433,1010.7836,1068.0187,941.6680,1021.4880,988.1987
1061,1020.2528,1114.8491,3.9626,1070.7116,1115.0148,1020.0871,1020.2528,1114.8491
1062,1005.0140,989.2791,-80.5786,1006.9586,1078.1083,916.1847,1005.0140,989.2791
1063,1009.3510,984.7185,-56.1053,1001.9864,1054.4760,939.5936,1009.3510,984.7185
1064,720.1107,1088.1499,76.1495,967.6970,1103.2834,704.9772,720.1107,1088.1499
1065,629.5420,766.3084,-234.3998,816.0626,942.0963,453.7541,629.5420,766.3084
1066,1214.7217,1183.8832,-331.6934,1330.0757,1531.3541,867.2509,1214.7217,1183.8832
1067,931.5906,886.1220,264.1560,1018.2855,1173.9887,643.7238,931.5906,886.1220
1068,526.2696,1600.0625,-206.4331,1457.0310,1638.3812,487.9509,526.2696,1600.0625
1069,546.1078,1891.4690,-69.1933,1690.3567,1895.0183,542.5585,546.1078,1891.4690
1070,1040.0922,1096.0254,-57.8923,1073.8485,1132.3522,1003.7654,1040.0922,1096.0254
1071,1056.0978,1102.2404,-32.9377,1081.4146,1119.3833,1038.9550,1056.0978,1102.2404
1072,996.6723,960.6163,17.5625,979.6147,1003.8127,953.4759,996.6723,960.6163
1073,676.6872,1527.7952,47.3441,1328.5137,1530.4207,674.0617,676.6872,1527.7952
1074,973.7144,934.8268,-168.0948,998.2655,1123.4862,785.0550,973.7144,934.8268
1075,1071.5323,983.4224,128.3136,1054.0044,1163.1431,891.8115,1071.5323,983.4224
1076,1061.2857,903.4695,106.1675,1008.7417,1114.6577,850.0975,1061.2857,903.4695
1077,1044.3326,1050.9265,59.1857,1052.6486,1106.9070,988.3520,1044.3326,1050.9265
1078,992.1997,928.0753,10.9026,961.9275,994.0027,926.2723,992.1997,928.0753
1079,943.4199,956.3074,-18.2462,950.4548,969.2143,930.5131,943.4199,956.3074
1080,1009.1898,1059.2686,-73.1645,1042.8663,1111.5597,956.8987,1009.1898,1059.2686
1081,1056.5734,1093.0164,-98.2008,1088.6277,1174.6719,974.9179,1056.5734,1093.0164
1082,1016.5910,1091.1756,-2.7056,1055.8712,1091.2736,1016.4929,1016.5910,1091.1756
1083,1038.0240,1121.9954,-28.8957,1083.6117,1130.9779,1029.0415,1038.0240,1121.9954
1084,1234.6430,982.9597,28.1258,1131.0712,1237.7478,979.8549,1234.6430,982.9597
1085,958.0186,879.6232,-106.5513,939.6280,1032.3535,805.2883,958.0186,879.6232
1086,757.7760,1657.1118,40.2387,1438.5346,1658.9086,755.9792,757.7760,1657.1118
1087,583.8783,1148.1914,95.3262,1008.0251,1163.8593,568.2104,583.8783,1148.1914
1088,974.6963,1013.6173,-54.1642,999.1422,1051.7109,936.6027,974.6963,1013.6173
1089,1035.7345,996.0699,53.3647,1020.6766,1072.8330,958.9715,1035.7345,996.0699
1090,1058.4427,1073.5226,72.2380,1073.3800,1138.6131,993.3523,1058.4427,1073.5226
1091,1035.8620,1019.6174,22.9177,1028.6022,1052.0541,1003.4253,1035.8620,1019.6174
1092,388.0580,1566.5172,-56.9851,1416.4771,1569.2663,385.3089,388.0580,1566.5172
1093,1064.6947,968.5887,-176.0058,1064.6228,1199.0893,834.1941,1064.6947,968.5887
1094,1149.7035,949.8587,-212.8493,1126.0144,1284.9179,814.6443,1149.7035,949.8587
1095,1136.7760,1025.4263,99.5266,1098.9975,1195.1417,967.0606,1136.7760,1025.4263
1096,1684.4770,1277.9058,-65.5787,1526.6973,1694.7929,1267.5899,1684.4770,1277.9058
1097,1631.6233,1201.6387,30.5360,1465.7100,1633.7810,1199.4809,1631.6233,1201.6387
1098,1029.5553,1082.0459,-30.8730,1058.1308,1096.3217,1015.2795,1029.5553,1082.0459
1099,1021.5958,1084.9301,-13.0465,1054.9322,1087.5123,1019.0135,1021.5958,1084.9301
1100,913.2529,823.1827,-77.9730,882.1145,958.2619,778.1736,913.2529,823.1827
1101,961.7002,1021.5956,-99.8064,1007.9385,1095.8505,887.4453,961.7002,1021.5956
1102,1083.8673,1066.6376,-99.2877,1089.0200,1174.9132,975.5917,1083.8673,1066.6376
1103,1065.7845,1123.2037,-81.5384,1104.6880,1180.9392,1008.0490,1065.7845,1123.2037
1104,1039.1299,1030.2855,-13.7995,1035.0121,1049.1985,1020.2170,1039.1299,1030.2855
1105,1085.6572,1040.6152,-106.8969,1079.8431,1172.3797,953.8927,1085.6572,1040.6152
1106,1045.7054,975.2563,-53.7479,1016.5925,1074.7429,946.2188,1045.7054,975.2563
1107,1106.0166,937.2687,79.6488,1041.2216,1137.6724,905.6130,1106.0166,937.2687
1108,1072.3988,921.9717,126.7095,1029.3277,1144.5364,849.8340,1072.3988,921.9717
1109,1036.6355,960.5856,144.8640,1031.7545,1148.3819,848.8392,1036.6355,960.5856
1110,1005.4552,1033.2549,49.5070,1023.2386,1070.7763,967.9338,1005.4552,1033.2549
1111,1036.4919,1098.6382,30.8837,1070.2585,1111.3754,1023.7547,1036.4919,1098.6382
1112,362.9902,1547.7723,-26.5268,1402.7280,1548.3660,362.3966,362.9902,1547.7723
1113,1114.8078,1088.3663,-0.4523,1101.8253,1114.8156,1088.3586,1114.8078,1088.3663
1114,1041.1655,1075.5001,-62.6616,1064.2988,1123.3035,993.3621,1041.1655,1075.5001
1115,611.4683,1552.3424,-13.4390,1354.6195,1552.5343,611.2764,611.4683,1552.3424
1116,1149.8219,832.5150,-84.1445,1038.8304,1170.7547,811.5822,1149.8219,832.5150
1117,1024.6660,988.9537,-55.8471,1011.9186,1065.4421,948.1776,1024.6660,988.9537
1118,1098.9013,884.5164,-130.3424,1033.8881,1160.4672,822.9506,1098.9013,884.5164
1119,1051.8068,945.6185,48.4019,1006.4354,1070.5578,926.8675,1051.8068,945.6185
1120,987.2182,987.8078,50.8279,991.4296,1038.3417,936.6843,987.2182,987.8078
1121,988.2341,1003.3715,63.2375,1001.8942,1059.4917,932.1140,988.2341,1003.3715
1122,1109.8763,881.9153,60.7646,1020.7155,1125.0620,866.7297,1109.8763,881.9153
1123,1064.6418,1085.4686,1.1790,1075.2084,1085.5351,1064.5753,1064.6418,1085.4686
1124,1052.9694,881.3510,-131.1907,1004.5504,1123.9219,810.3985,1052.9694,881.3510
1125,1216.3525,1016.2253,-297.8169,1241.8631,1430.4666,802.1112,1216.3525,1016.2253
1126,531.9441,2700.9641,-2137.3227,4454.8686,4013.1832,-780.2750,531.9441,2700.9641
1127,500.2279,-1731.6968,-453.5182,2175.3807,588.8612,-1820.3301,500.2279,-1731.6968
1128,34.3520,1021.5416,-53.1847,1009.0199,1024.3987,31.4950,34.3520,1021.5416
1129,1080.8232,1125.7011,149.9718,1134.0954,1254.9033,951.6210,1080.8232,1125.7011
1130,1065.5521,905.5516,16.7332,995.6669,1067.2833,903.8203,1065.5521,905.5516
1131,787.8200,1345.8172,-141.4412,1196.5113,1379.6218,754.0155,787.8200,1345.8172
1132,1044.7439,1089.2047,29.9025,1068.9244,1104.2349,1029.7137,1044.7439,1089.2047
1133,985.9867,980.5255,-111.3964,1002.0192,1094.6860,871.8262,985.9867,980.5255
1134,1087.2853,1023.9387,6.6451,1057.0992,1087.9748,1023.2492,1087.2853,1023.9387
1135,1438.5011,1074.9123,57.2782,1299.3467,1447.3110,1066.1024,1438.5011,1074.9123
1136,1701.0119,1154.6262,127.1188,1520.2130,1729.1386,1126.4994,1701.0119,1154.6262
1137,988.6575,1340.3294,59.9819,1208.1363,1350.2786,978.7084,988.6575,1340.3294
1138,1125.2928,1026.3766,17.0709,1079.6448,1128.1560,1023.5134,1125.2928,1026.3766
1139,1051.4380,1127.4428,33.0064,1092.9233,1139.7754,1039.1055,1051.4380,1127.4428
1140,1045.8094,1160.0382,46.1101,1110.2277,1176.3281,1029.5195,1045.8094,1160.0382
1141,1075.9209,1053.8236,-24.5988,1065.8961,1091.8384,1037.9061,1075.9209,1053.8236
1142,1264.9257,877.2984,-110.4557,1138.6719,1294.1910,848.0332,1264.9257,877.2984
1143,1198.3416,931.0046,-107.4161,1105.3259,1236.1534,893.1928,1198.3416,931.0046
1144,1078.8084,919.1386,188.8271,1060.2056,1203.9840,793.9630,1078.8084,919.1386
1145,1027.0728,927.5729,-111.0341,999.7854,1098.9930,855.6528,1027.0728,927.5729
1146,983.7703,1003.5718,54.9015,998.3580,1049.4582,937.8839,983.7703,1003.5718
1147,1190.5192,988.5721,-55.2448,1107.6338,1204.6440,974.4472,1190.5192,988.5721
1148,1135.7481,998.1380,-20.6676,1074.1747,1138.7851,995.1009,1135.7481,998.1380
1149,1304.4048,1160.5010,-5.0901,1238.7692,1304.5846,1160.3212,1304.4048,1160.5010
1150,1005.9922,991.3207,-131.2627,1024.2880,1130.1240,867.1889,1005.9922,991.3207
1151,1062.3985,1086.9768,0.1125,1074.8984,1086.9774,1062.3980,1062.3985,1086.9768
1152,1036.6431,1072.4118,-89.0289,1066.1923,1145.3349,963.7200,1036.6431,1072.4118
1153,980.1730,980.5365,130.5985,1006.1130,1110.9534,849.7561,980.1730,980.5365
1154,997.6742,842.3043,75.5271,938.9346,1028.3373,811.6412,997.6742,842.3043
1155,1050.4708,888.6712,135.8797,1007.5178,1127.7104,811.4316,1050.4708,888.6712
1156,1106.7808,875.7018,101.0023,1026.2611,1144.7041,837.7784,1106.7808,875.7018
1157,1016.1158,958.2972,109.0105,1006.3467,1099.9852,874.4277,1016.1158,958.2972
1158,1220.2451,1180.0431,-32.2701,1201.9493,1238.1626,1162.1255,1220.2451,1180.0431
1159,1157.3057,1143.2863,-35.1091,1151.9662,1186.0980,1114.4939,1157.3057,1143.2863
1160,988.0290,1054.3124,-148.3413,1054.5616,1173.1691,869.1722,988.0290,1054.3124
1161,986.0322,986.3566,-37.8853,988.3751,1024.0801,948.3087,986.0322,986.3566
1162,1066.8872,1095.4256,11.5051,1081.6224,1099.4861,1062.8267,1066.8872,1095.4256
1163,1052.2227,923.8004,-121.5131,1016.2836,1125.4470,850.5761,1052.2227,923.8004
1164,1068.0510,1060.3017,-6.4744,1064.2566,1071.7216,1056.6311,1068.0510,1060.3017
1165,1050.2778,1014.9499,-30.5252,1034.4190,1067.8814,997.3463,1050.2778,1014.9499
1166,971.0353,949.2652,-102.4616,976.5956,1063.1884,857.1121,971.0353,949.2652
1167,381.2165,1153.5231,460.2566,1292.9455,1368.1614,166.5782,381.2165,1153.5231
1168,1033.6716,1021.8108,-32.7841,1029.3599,1061.0574,994.4250,1033.6716,1021.8108
1169,811.7601,1721.5228,-9.5068,1491.7784,1721.6222,811.6607,811.7601,1721.5228
1170,1043.1899,985.6113,-42.2188,1018.2546,1065.5010,963.3002,1043.1899,985.6113
1171,986.1632,933.5356,23.4800,961.7911,995.1159,924.5829,986.1632,933.5356
1172,1063.2358,772.9901,-383.0039,1160.2540,1327.6891,508.5367,1063.2358,772.9901
1173,950.9416,728.5100,-200.2095,928.7076,1068.7516,610.7001,950.9416,728.5100
1174,993.3812,1075.4661,-14.0984,1037.1509,1077.8201,991.0272,993.3812,1075.4661
1175,971.1557,1037.4317,-51.6023,1009.8953,1065.6200,942.9673,971.1557,1037.4317
1176,1037.8006,895.3226,61.2351,980.1610,1060.5017,872.6215,1037.8006,895.3226
1177,450.8627,1391.1440,317.5285,1346.7802,1488.3274,353.6793,450.8627,1391.1440
1178,667.9997,1195.8240,226.3641,1109.5633,1279.6047,584.2190,667.9997,1195.8240
1179,558.8121,1128.3385,-295.2339,1102.8956,1253.7620,433.3886,558.8121,1128.3385
1180,335.2741,1779.5746,-195.3343,1672.4580,1805.5263,309.3225,335.2741,1779.5746
1181,1017.6226,-1388.7559,-147.2083,2107.7094,1026.5945,-1397.7278,1017.6226,-1388.7559
1182,7052.0002,752.0587,1133.2745,6988.9709,7249.6595,554.3994,7052.0002,752.0587
1183,660.2307,19.6532,614.6454,1247.6707,1033.0320,-353.1481,660.2307,19.6532
1184,482.8678,878.3508,-422.7171,1056.6946,1147.2906,213.9280,482.8678,878.3508
1185,611.0976,8.4621,-124.2503,643.9372,635.7101,-16.1504,611.0976,8.4621
1186,1036.8612,1070.9358,-82.1141,1063.8614,1137.7615,970.0355,1036.8612,1070.9358
1187,1038.5821,1293.3746,-82.5512,1195.2569,1317.7825,1014.1742,1038.5821,1293.3746
1188,1071.8471,1080.3021,71.5427,1083.2107,1147.7421,1004.4071,1071.8471,1080.3021
1189,1443.1440,1352.0597,402.3528,1563.7060,1802.5239,992.6798,1443.1440,1352.0597
1190,456.4850,1528.9558,-176.5900,1393.4458,1557.2843,428.1565,456.4850,1528.9558
1191,491.7836,993.8541,-719.7981,1514.9798,1505.1363,-19.4987,491.7836,993.8541
1192,912.6881,766.4540,-65.8306,856.6906,937.9568,741.1852,912.6881,766.4540
1193,465.2388,1552.5240,-48.4722,1382.5817,1554.6806,463.0822,465.2388,1552.5240
1194,1083.6476,921.8557,-79.9521,1021.9199,1116.4904,889.0129,1083.6476,921.8557
1195,1045.9556,979.1358,-63.8500,1020.2097,1084.6085,940.4829,1045.9556,979.1358
1196,1019.3443,1453.9814,-17.1580,1293.0198,1454.6576,1018.6681,1019.3443,1453.9814
1197,2199.9645,711.1784,74.3400,1948.7510,2203.6673,707.4756,2199.9645,711.1784
1198,425.8510,2258.0553,546.8236,2283.7723,2408.8454,275.0609,425.8510,2258.0553
1199,1082.0166,1099.4989,-60.4359,1095.8737,1151.8225,1029.6930,1082.0166,1099.4989
1200,1066.4011,1048.1321,-27.2779,1058.4400,1086.0333,1028.4998,1066.4011,1048.1321
1201,1035.8879,1162.2562,310.2438,1228.2874,1415.6846,782.4596,1035.8879,1162.2562
1202,1029.9475,1044.7087,34.0958,1039.0864,1072.2136,1002.4426,1029.9475,1044.7087
1203,1019.2995,1011.3085,-6.4793,1015.3896,1022.9162,1007.6918,1019.2995,1011.3085
1204,1024.9867,1057.8896,25.3211,1042.7506,1071.6344,1011.2419,1024.9867,1057.8896
1205,568.6259,237.5649,119.2783,536.0679,607.1239,199.0668,568.6259,237.5649
1206,995.6534,1082.4770,-64.9344,1047.8357,1117.1745,960.9559,995.6534,1082.4770
1207,1036.9835,1133.5762,-58.4995,1093.2047,1161.1398,1009.4199,1036.9835,1133.5762
1208,1135.3893,938.1329,-16.1608,1051.1136,1136.7046,936.8176,1135.3893,938.1329
1209,1128.0244,952.1700,54.0937,1055.3550,1143.3316,936.8629,1128.0244,952.1700
1210,967.8374,969.8270,-65.9582,975.5462,1034.7980,902.8665,967.8374,969.8270
1211,964.7260,913.5653,-44.7506,943.3798,990.6914,887.5999,964.7260,913.5653
1212,530.7191,1686.6979,306.8853,1585.5553,1763.1169,454.3001,530.7191,1686.6979
1213,1121.0566,903.7070,-94.4853,1042.6552,1156.3876,868.3760,1121.0566,903.7070
1214,751.5638,1432.0771,-49.9896,1243.7414,1435.7297,747.9113,751.5638,1432.0771
1215,697.7211,1451.6546,-28.1977,1258.4320,1452.7077,696.6680,697.7211,1451.6546
1216,1030.9613,1114.1976,21.9803,1075.6730,1119.6454,1025.5135,1030.9613,1114.1976
1217,1013.8297,1087.9517,-2.6021,1052.8590,1088.0430,1013.7384,1013.8297,1087.9517
1218,1086.8683,963.2792,-149.3721,1062.6231,1186.7233,863.4242,1086.8683,963.2792
1219,992.8366,931.7807,116.4956,984.6560,1082.7378,841.8795,992.8366,931.7807
1220,777.1694,968.1914,365.3209,1090.5577,1250.2803,495.0805,777.1694,968.1914
1221,1111.2482,969.1092,64.7264,1053.4196,1136.3056,944.0518,1111.2482,969.1092
1222,1019.4551,959.7019,61.6279,996.6631,1058.0665,921.0905,1019.4551,959.7019
1223,1042.5659,948.4728,73.8988,1007.0164,1083.1231,907.9156,1042.5659,948.4728
1224,961.0882,956.7172,-120.9339,981.5212,1079.8564,837.9491,961.0882,956.7172
1225,947.9578,923.2751,-144.9819,968.9656,1081.1227,790.1102,947.9578,923.2751
1226,1081.8951,1045.1016,18.0610,1064.4354,1089.2790,1037.7177,1081.8951,1045.1016
1227,987.8521,885.8201,-88.2710,953.3337,1038.7890,834.8832,987.8521,885.8201
1228,1011.5351,897.2555,-72.5838,967.7141,1046.7715,862.0191,1011.5351,897.2555
1229,985.8981,977.9559,62.8761,987.9717,1044.9283,918.9256,985.8981,977.9559
1230,1030.8241,1111.4297,-21.8654,1074.0671,1116.9790,1025.2748,1030.8241,1111.4297
1231,1035.6363,1097.1689,-34.3413,1069.3887,1112.5100,1020.2953,1035.6363,1097.1689
1232,1372.7274,794.4655,-67.3566,1199.4091,1380.4695,786.7234,1372.7274,794.4655
1233,704.7656,937.7004,189.1160,906.8694,1043.3355,599.1305,704.7656,937.7004
1234,1015.4765,871.8810,-83.8787,962.8610,1054.0896,833.2679,1015.4765,871.8810
1235,1011.8212,918.9245,-62.9411,974.8343,1043.5971,887.1486,1011.8212,918.9245
1236,1082.4359,1019.6835,143.6468,1081.4727,1198.0933,904.0261,1082.4359,1019.6835
1237,984.8517,958.4215,86.1709,983.2995,1058.8149,884.4582,984.8517,958.4215
1238,1121.3314,1109.8139,-96.6292,1128.1017,1212.3733,1018.7721,1121.3314,1109.8139
1239,638.8590,896.1093,194.3243,867.1511,1000.5214,534.4469,638.8590,896.1093
1240,669.1759,1160.5463,16.9564,1009.4142,1161.1308,668.5915,669.1759,1160.5463
1241,653.8012,1640.8064,37.9421,1432.2218,1642.2628,652.3448,653.8012,1640.8064
1242,990.1025,1307.3506,-262.5061,1265.6168,1455.4366,842.0165,990.1025,1307.3506
1243,1014.1182,1500.7274,-0.7214,1326.1617,1500.7284,1014.1171,1014.1182,1500.7274
1244,680.2322,1322.6658,-106.1217,1160.2699,1339.7418,663.1562,680.2322,1322.6658
1245,689.4000,1413.5228,22.0138,1224.8634,1414.1915,688.7314,689.4000,1413.5228
1246,1006.1121,991.1101,-61.5990,1004.3785,1060.6651,936.5571,1006.1121,991.1101
1247,1071.5727,909.8415,-83.4822,1010.9531,1106.9332,874.4810,1071.5727,909.8415
1248,1060.1154,922.0722,96.2407,1012.0996,1109.5263,872.6613,1060.1154,922.0722
1249,1046.2086,901.6013,91.5311,994.6397,1090.5488,857.2612,1046.2086,901.6013
1250,1081.8417,1077.6440,151.6390,1111.2340,1231.3963,928.0894,1081.8417,1077.6440
1251,988.6007,1004.0539,-80.8517,1006.2098,1077.5473,915.1073,988.6007,1004.0539
1252,1029.5305,1119.0656,17.0378,1077.4969,1122.1982,1026.3979,1029.5305,1119.0656
1253,954.5550,974.6624,-106.0902,982.1093,1071.1742,858.0432,954.5550,974.6624
1254,1008.1620,1005.4848,-60.4491,1012.2554,1067.2873,946.3595,1008.1620,1005.4848
1255,1028.4162,1008.0183,-52.2561,1022.3847,1071.4593,964.9752,1028.4162,1008.0183
1256,1016.1549,1086.3650,34.1815,1054.6799,1100.2573,1002.2626,1016.1549,1086.3650
1257,1027.7601,1051.4617,20.4229,1040.4151,1063.2232,1015.9987,1027.7601,1051.4617
1258,718.8946,1504.6018,32.1346,1304.6393,1505.9139,717.5825,718.8946,1504.6018
1259,1034.1289,994.7138,146.6878,1046.3115,1162.4271,866.4155,1034.1289,994.7138
1260,1154.6422,1126.8056,47.5625,1143.9487,1190.2810,1091.1667,1154.6422,1126.8056
1261,981.9193,988.6310,-79.7305,994.9230,1065.0762,905.4741,981.9193,988.6310
1262,1021.6437,1041.3905,33.4762,1033.2870,1066.4190,996.6152,1021.6437,1041.3905
1263,1243.9073,1112.2118,56.9967,1187.6775,1265.1489,1090.9703,1243.9073,1112.2118
1264,1462.2114,1213.3788,23.6013,1355.6567,1464.4302,1211.1601,1462.2114,1213.3788
1265,572.3683,1387.0225,-103.2396,1220.4607,1399.9022,559.4886,572.3683,1387.0225
1266,612.1761,1412.1375,-30.0954,1227.6531,1413.2681,611.0455,612.1761,1412.1375
1267,1056.7578,1058.0499,-29.2582,1058.6181,1086.6692,1028.1385,1056.7578,1058.0499
1268,462.5103,2187.7211,56.2961,1999.4258,2189.5562,460.6752,462.5103,2187.7211
1269,532.8673,1900.2273,285.5018,1768.2693,1957.4452,475.6495,532.8673,1900.2273
1270,1065.9544,982.0510,12.3015,1026.7986,1067.7208,980.2847,1065.9544,982.0510
1271,1192.7975,1054.1962,195.4490,1179.5142,1330.8682,916.1255,1192.7975,1054.1962
1272,1255.4918,1121.9188,-51.6527,1197.6667,1273.1354,1104.2752,1255.4918,1121.9188
1273,-574.9834,828.4844,1315.5135,2585.5530,1617.7254,-1364.2244,-574.9834,828.4844
1274,645.1622,1370.3702,-18.2084,1187.8688,1370.8271,644.7053,645.1622,1370.3702
1275,1094.1803,888.0875,-3.9182,1007.0988,1094.2547,888.0130,1094.1803,888.0875
1276,862.8893,1337.1860,-119.6943,1192.3846,1365.6804,834.3949,862.8893,1337.1860
1277,1132.0646,921.1887,-289.6177,1157.1296,1334.8402,718.4132,1132.0646,921.1887
1278,987.7124,750.0153,11.5034,893.1385,988.2678,749.4599,987.7124,750.0153
1279,3752.6749,11736.9523,-4479.8602,12961.5236,13745.3401,1744.2871,3752.6749,11736.9523
1280,1503.4694,855.1561,-144.6019,1329.9400,1534.2596,824.3659,1503.4694,855.1561
1281,1057.2527,1069.9501,21.3963,1064.3036,1085.9197,1041.2831,1057.2527,1069.9501
1282,1063.2643,1013.7470,29.5600,1040.6509,1077.0644,999.9468,1063.2643,1013.7470
1283,1116.8969,984.9221,-4.6303,1057.1367,1117.0592,984.7598,1116.8969,984.9221
1284,1095.0812,881.0924,146.3404,1036.7765,1169.3692,806.8044,1095.0812,881.0924
1285,1079.8349,906.2159,76.1816,1012.9748,1108.5223,877.5285,1079.8349,906.2159
1286,1116.4354,930.9792,-90.4590,1048.0079,1153.2501,894.1645,1116.4354,930.9792
1287,1011.1387,1030.7474,-60.9662,1026.5300,1082.6926,959.1936,1011.1387,1030.7474
1288,1694.8800,1113.0537,-60.9908,1495.3842,1701.2047,1106.7290,1694.8800,1113.0537
1289,988.5640,883.6250,-30.8124,942.0086,996.9423,875.2467,988.5640,883.6250
1290,1106.9266,902.0697,-69.1221,1027.0466,1128.0677,880.9285,1106.9266,902.0697
1291,302.3919,1798.6197,49.2524,1670.2883,1800.2392,300.7724,302.3919,1798.6197
1292,977.2706,1003.7867,41.4994,993.3987,1034.0945,946.9629,977.2706,1003.7867
1293,1033.7117,962.8563,175.9170,1045.5509,1177.7329,818.8351,1033.7117,962.8563
1294,1115.2141,1022.6227,-116.3026,1090.6857,1194.0967,943.7402,1115.2141,1022.6227
1295,1034.5793,1102.0272,17.4942,1070.3279,1106.2947,1030.3118,1034.5793,1102.0272
1296,1111.0712,1054.6539,-47.6734,1087.1047,1138.2564,1027.4687,1111.0712,1054.6539
1297,1002.6081,955.3756,90.8342,992.3965,1072.8459,885.1378,1002.6081,955.3756
1298,1032.1042,962.7224,134.1963,1025.8994,1136.0210,858.8056,1032.1042,962.7224
1299,1104.6514,1058.7369,-49.4164,1085.8035,1136.1827,1027.2055,1104.6514,1058.7369
1300,960.5554,933.3475,-88.0601,959.4457,1036.0561,857.8468,960.5554,933.3475
1301,1007.0680,1012.1506,37.9463,1011.7559,1047.6406,971.5780,1007.0680,1012.1506
1302,1028.0416,1022.2218,45.6432,1028.1879,1070.8676,979.3959,1028.0416,1022.2218
1303,1234.4422,1049.6563,55.1271,1157.1529,1249.6386,1034.4599,1234.4422,1049.6563
1304,1038.6781,1061.2240,-6.5583,1050.1940,1062.9929,1036.9092,1038.6781,1061.2240
1305,1099.6801,987.5037,-40.1112,1050.4040,1112.5470,974.6369,1099.6801,987.5037
1306,1111.3967,943.3907,-44.9430,1040.5609,1122.6637,932.1237,1111.3967,943.3907
1307,1022.3554,925.1564,-99.7158,992.5301,1084.6845,862.8272,1022.3554,925.1564
1308,1122.0700,888.0274,-35.8116,1027.1573,1127.4270,882.6703,1122.0700,888.0274
1309,1011.5512,1080.7732,3.1227,1047.8923,1080.9138,1011.4106,1011.5512,1080.7732
1310,970.8166,932.5646,17.7933,952.7656,977.8135,925.5677,970.8166,932.5646
1311,1067.5193,1083.3515,107.3313,1091.4712,1183.0583,967.8125,1067.5193,1083.3515
1312,1076.0655,1063.8621,-3.0694,1070.0292,1076.7940,1063.1336,1076.0655,1063.8621
1313,1077.0894,1024.1100,11.4248,1051.7873,1079.4481,1021.7513,1077.0894,1024.1100
1314,989.5216,1048.4915,30.1720,1021.6230,1061.1932,976.8199,989.5216,1048.4915
1315,991.6381,878.2954,105.9351,957.8437,1055.1079,814.8256,991.6381,878.2954
1316,1028.7696,976.5595,114.6161,1023.1281,1120.2159,885.1132,1028.7696,976.5595
1317,972.3244,992.6259,29.1889,983.9322,1013.3787,951.5716,972.3244,992.6259
1318,977.4504,838.6807,95.0090,930.6481,1025.7132,790.4179,977.4504,838.6807
1319,1045.5814,976.2191,95.3418,1026.0594,1112.3539,909.4466,1045.5814,976.2191
1320,1022.3534,956.1644,-134.8480,1018.0721,1128.1086,850.4092,1022.3534,956.1644
1321,1112.7213,955.0842,-70.2869,1049.9585,1139.5087,928.2968,1112.7213,955.0842
1322,1030.0987,865.3682,39.8115,960.8880,1039.2156,856.2513,1030.0987,865.3682
1323,739.0231,715.8187,75.6565,739.4030,803.9619,650.8799,739.0231,715.8187
1324,683.2512,1547.6183,101.9081,1354.8795,1559.4707,671.3989,683.2512,1547.6183
1325,1101.9582,988.1244,156.7786,1084.2364,1211.8318,878.2509,1101.9582,988.1244
1326,1033.9468,1000.8458,49.1323,1021.3515,1069.2413,965.5513,1033.9468,1000.8458
1327,991.5197,1039.7085,46.3869,1019.6415,1067.8853,963.3429,991.5197,1039.7085
1328,1044.8510,1004.8749,26.1464,1026.4471,1057.7743,991.9516,1044.8510,1004.8749
1329,1082.1424,1058.7821,21.6253,1071.3084,1095.0403,1045.8842,1082.1424,1058.7821
1330,1018.3436,1095.3045,-4.0293,1058.9467,1095.5149,1018.1332,1018.3436,1095.3045
1331,1023.7853,832.3868,-74.9232,951.6613,1049.6254,806.5466,1023.7853,832.3868
1332,308.0836,1921.3093,-73.8933,1791.8710,1924.6869,304.7060,308.0836,1921.3093
1333,405.2227,1650.1735,-82.5179,1496.3348,1655.6192,399.7771,405.2227,1650.1735
1334,996.2680,886.9278,74.5632,955.1189,1034.0559,849.1399,996.2680,886.9278
1335,733.3855,1229.7593,380.3118,1257.8497,1435.7022,527.4427,733.3855,1229.7593
1336,377.5360,1993.5823,157.8963,1854.4672,2008.8651,362.2532,377.5360,1993.5823
1337,1052.6026,1194.5278,80.3659,1138.8072,1230.7770,1016.3534,1052.6026,1194.5278
1338,1005.3448,1129.5870,24.6295,1073.7227,1134.2914,1000.6404,1005.3448,1129.5870
1339,755.9192,1562.9036,66.8674,1358.7003,1568.4068,750.4161,755.9192,1562.9036
1340,767.7257,1865.6646,157.7412,1646.9473,1887.8780,745.5124,767.7257,1865.6646
1341,997.7251,1088.3572,-23.1517,1046.7585,1093.9287,992.1535,997.7251,1088.3572
1342,1047.7138,1182.1445,79.4948,1129.4153,1219.0316,1010.8267,1047.7138,1182.1445
1343,1010.1290,1012.3422,41.8119,1013.8273,1053.0622,969.4090,1010.1290,1012.3422
1344,988.0241,1022.3202,49.7418,1009.2948,1057.7868,952.5575,988.0241,1022.3202
1345,292.8157,1039.5180,-232.4110,1011.9270,1105.9463,226.3874,292.8157,1039.5180
1346,477.2955,1045.8006,-293.7657,1039.8311,1170.3240,352.7721,477.2955,1045.8006
1347,1142.5894,839.5409,4.4063,1025.2547,1142.6534,839.4769,1142.5894,839.5409
1348,955.7001,836.6757,-172.2248,950.1379,1078.4051,713.9708,955.7001,836.6757
1349,880.8864,682.6056,-263.8308,921.6471,1063.5891,499.9030,880.8864,682.6056
1350,1031.4059,1106.8442,42.4891,1073.6445,1125.9411,1012.3090,1031.4059,1106.8442
1351,1051.6521,1063.3682,55.4166,1061.9057,1113.2356,1001.7848,1051.6521,1063.3682
1352,1029.7795,1240.2624,64.2243,1154.9347,1258.3114,1011.7305,1029.7795,1240.2624
1353,1275.2062,1166.7879,262.1996,1306.0994,1488.7418,953.2523,1275.2062,1166.7879
1354,1362.2554,940.3783,-51.0136,1211.1246,1368.3363,934.2974,1362.2554,940.3783
1355,1109.7313,924.4680,-108.2934,1046.6212,1159.6061,874.5932,1109.7313,924.4680
1356,1008.7286,984.6887,-159.5880,1034.5369,1156.7487,836.6686,1008.7286,984.6887
1357,1014.3519,1015.9591,-44.0398,1018.0183,1059.2026,971.1084,1014.3519,1015.9591
1358,1002.8133,1024.4957,-17.2743,1014.2698,1034.0489,993.2601,1002.8133,1024.4957
1359,1056.1795,1019.7855,-125.9235,1061.1179,1165.2140,910.7510,1056.1795,1019.7855
1360,1102.6909,1129.1537,85.4395,1125.9252,1202.3803,1029.4644,1102.6909,1129.1537
1361,1060.0904,1179.3113,71.6478,1131.2782,1212.9039,1026.4978,1060.0904,1179.3113
1362,1038.2721,949.3303,115.1955,1016.5549,1117.2826,870.3198,1038.2721,949.3303
1363,1080.1081,980.0910,104.0353,1049.3224,1145.5300,914.6691,1080.1081,980.0910
1364,620.4389,1292.8584,94.3392,1131.8071,1305.8432,607.4541,620.4389,1292.8584
1365,1190.7898,873.8749,-84.3893,1078.1471,1211.8605,852.8043,1190.7898,873.8749
1366,1132.9756,782.1000,-166.5436,1045.1910,1199.4370,715.6387,1132.9756,782.1000
1367,592.0483,718.1450,297.9501,841.0705,959.6444,350.5489,592.0483,718.1450
1368,1071.5502,1156.3688,-105.1986,1131.1506,1227.3848,1000.5342,1071.5502,1156.3688
1369,1063.8009,1205.5910,-119.0060,1159.7847,1273.2187,996.1732,1063.8009,1205.5910
1370,1029.5976,969.1905,135.0136,1027.7214,1137.7448,861.0433,1029.5976,969.1905
1371,1003.3434,1133.9257,13.6946,1074.8633,1135.3465,1001.9226,1003.3434,1133.9257
1372,562.0261,2919.1521,-560.2245,2852.7595,3045.5267,435.6514,562.0261,2919.1521
1373,220.8934,3783.8046,280.2417,3710.2237,3805.7124,198.9857,220.8934,3783.8046
1374,591.2253,1305.2842,11.4561,1132.2504,1305.4680,591.0415,591.2253,1305.2842
1375,853.2427,2158.8396,-138.9246,1898.5514,2173.4584,838.6239,853.2427,2158.8396
1376,1019.7593,963.5607,90.3713,1005.1165,1086.2991,897.0210,1019.7593,963.5607
1377,1052.3918,1028.7339,-3.8422,1040.7858,1053.0002,1028.1256,1052.3918,1028.7339
1378,1042.6724,1233.6814,-88.2855,1160.2555,1268.2362,1008.1176,1042.6724,1233.6814
1379,1019.8365,1021.8770,20.8647,1021.4977,1041.7464,999.9671,1019.8365,1021.8770
1380,658.5262,1177.5575,-86.0011,1032.9736,1191.4363,644.6474,658.5262,1177.5575
1381,971.4860,1037.9743,-55.3795,1010.9396,1069.3216,940.1386,971.4860,1037.9743
1382,964.8605,1000.5472,-49.6986,986.9508,1035.5085,929.8992,964.8605,1000.5472
1383,1038.7213,1084.8858,-25.7927,1063.4947,1096.4164,1027.1906,1038.7213,1084.8858
1384,1049.6525,1102.8422,-40.2235,1079.4832,1124.4679,1028.0268,1049.6525,1102.8422
1385,1022.3828,1030.6223,-24.3204,1027.3912,1051.1694,1001.8356,1022.3828,1030.6223
1386,1021.3142,1070.7354,-64.2612,1052.8002,1114.8733,977.1763,1021.3142,1070.7354
1387,1035.5484,1144.5139,-39.3910,1096.2336,1157.2623,1022.8001,1035.5484,1144.5139
1388,1068.3366,1155.1176,-84.9408,1123.9351,1207.1088,1016.3454,1068.3366,1155.1176
1389,537.2088,556.7855,-56.0940,555.8174,603.9388,490.0555,537.2088,556.7855
1390,1123.5318,954.1804,-204.0276,1107.0744,1259.7571,817.9551,1123.5318,954.1804
1391,982.2581,957.2306,44.7696,973.0811,1016.2300,923.2588,982.2581,957.2306
1392,696.9709,2320.3802,96.9541,2069.0325,2326.1500,691.2010,696.9709,2320.3802
1393,505.5437,1522.7778,4.3496,1343.3736,1522.7964,505.5251,505.5437,1522.7778
1394,1099.1767,884.0246,113.0153,1027.7680,1147.6297,835.5716,1099.1767,884.0246
1395,1190.2011,949.8295,62.0875,1095.3681,1205.2909,934.7397,1190.2011,949.8295
1396,1274.0461,957.6931,-7.4477,1149.0826,1274.2213,957.5179,1274.0461,957.6931
1397,1047.5623,1000.5207,-161.0478,1062.1346,1186.7979,861.2852,1047.5623,1000.5207
1398,1035.1072,970.2742,-139.7975,1033.0398,1146.1974,859.1840,1035.1072,970.2742
1399,1028.1805,1029.5749,40.1217,1031.2226,1069.0054,988.7500,1028.1805,1029.5749
1400,1007.6313,966.8583,36.0522,989.8477,1028.6618,945.8278,1007.6313,966.8583
1401,1003.0572,859.2467,-11.0455,939.6388,1003.9006,858.4033,1003.0572,859.2467
1402,964.2878,963.5083,-22.2200,964.6663,986.1215,941.6747,964.2878,963.5083
1403,1064.9212,1001.9431,-108.5657,1051.8157,1146.4722,920.3921,1064.9212,1001.9431
1404,1082.0764,933.3891,171.1136,1058.2749,1194.2987,821.1669,1082.0764,933.3891
1405,1101.3388,1061.0159,51.3857,1085.3964,1136.3768,1025.9779,1101.3388,1061.0159
1406,1033.4674,1043.3979,19.8822,1039.0391,1058.9254,1017.9399,1033.4674,1043.3979
1407,1116.9733,983.5476,19.7135,1057.1493,1119.8250,980.6959,1116.9733,983.5476
1408,979.6100,1012.0054,-88.7953,1008.0049,1086.0682,905.5471,979.6100,1012.0054
1409,-349.6543,782.9324,-188.5663,1056.2522,813.5021,-380.2239,-349.6543,782.9324
1410,967.5003,949.8697,-82.1627,969.3102,1041.3192,876.0508,967.5003,949.8697
1411,1107.9466,791.1005,-159.7569,1026.3797,1174.5127,724.5343,1107.9466,791.1005
1412,1205.3393,819.8269,-123.9649,1087.6081,1241.7605,783.4058,1205.3393,819.8269
1413,955.5454,1233.0586,-216.2305,1181.3230,1351.2242,837.3798,955.5454,1233.0586
1414,1158.9332,850.4083,-107.1494,1056.0289,1192.4948,816.8467,1158.9332,850.4083
1415,1137.7098,941.7993,-86.8408,1064.1895,1170.6612,908.8478,1137.7098,941.7993
1416,1185.0594,980.1665,184.0924,1142.4564,1293.2911,871.9348,1185.0594,980.1665
1417,1198.6484,516.7994,305.2262,1167.8476,1315.3182,400.1296,1198.6484,516.7994
1418,1084.6891,1077.0352,3.0053,1080.8950,1085.7281,1075.9962,1084.6891,1077.0352
1419,1048.0715,1060.9810,-25.7627,1055.5292,1081.0853,1027.9673,1048.0715,1060.9810
1420,1055.7738,1061.6247,-154.2897,1091.9184,1213.0167,904.3818,1055.7738,1061.6247
1421,994.3504,964.5724,-101.5327,995.4578,1082.0799,876.8429,994.3504,964.5724
1422,769.3536,-2134.5764,863.9273,3004.9420,1006.9367,-2372.1595,769.3536,-2134.5764
1423,1029.8130,1022.2222,30.5873,1027.4055,1056.8394,995.1957,1029.8130,1022.2222
1424,1568.3169,619.7463,248.5074,1434.2289,1629.4777,558.5856,1568.3169,619.7463
1425,548.0474,1592.6082,-6.5520,1401.4495,1592.6493,548.0063,548.0474,1592.6082
1426,1086.8320,981.6225,9.1495,1038.3540,1087.6218,980.8328,1086.8320,981.6225
1427,948.6948,872.2853,13.9785,913.2125,951.1717,869.8083,948.6948,872.2853
1428,755.5129,691.6847,104.9115,748.1110,833.2571,613.9406,755.5129,691.6847
1429,490.2242,1611.7458,199.9057,1472.3499,1646.3126,455.6574,490.2242,1611.7458
1430,1144.2317,945.8517,59.1615,1064.0152,1160.5352,929.5482,1144.2317,945.8517
1431,1241.8006,953.3786,35.3492,1127.3163,1246.0698,949.1094,1241.8006,953.3786
1432,1037.7282,1006.0007,-48.3302,1025.6556,1072.7316,970.9973,1037.7282,1006.0007
1433,1030.9037,947.4300,109.6292,1009.8181,1106.4721,871.8615,1030.9037,947.4300
1434,1041.0829,1000.4059,53.9325,1025.6151,1078.3844,963.1045,1041.0829,1000.4059
1435,963.1234,876.9799,142.0724,955.3085,1068.5096,771.5937,963.1234,876.9799
1436,1119.3215,1068.0529,-2.6380,1094.5976,1119.4569,1067.9176,1119.3215,1068.0529
1437,572.9517,1202.4217,-188.5244,1091.6896,1254.5648,520.8086,572.9517,1202.4217
1438,653.4198,1246.3011,13.9186,1080.0218,1246.6276,653.0932,653.4198,1246.3011
1439,1025.5792,912.5157,134.4296,1001.4261,1114.8800,823.2148,1025.5792,912.5157
1440,1089.9190,949.4562,83.8160,1037.1285,1129.0383,910.3370,1089.9190,949.4562
1441,830.6701,1657.4552,57.9409,1438.9036,1661.4960,826.6294,830.6701,1657.4552
1442,1060.1812,1041.7833,44.8357,1053.9679,1096.7520,1005.2126,1060.1812,1041.7833
1443,938.7169,965.3588,-60.9530,958.1515,1014.4295,889.6462,938.7169,965.3588
1444,1028.1001,1013.9173,-158.2742,1057.2425,1179.4416,862.5758,1028.1001,1013.9173
1445,1034.3327,1010.2905,-160.4130,1059.5997,1183.1744,861.4488,1034.3327,1010.2905
1446,973.7903,987.1581,-120.3628,1002.4597,1101.0225,859.9260,973.7903,987.1581
1447,1046.3933,1000.6254,-217.5552,1091.3905,1242.2648,804.7539,1046.3933,1000.6254
1448,1013.3183,962.0602,-146.6685,1020.8014,1136.5801,838.7984,1013.3183,962.0602
1449,731.2847,1558.5039,-11.5339,1350.7038,1558.6647,731.1239,731.2847,1558.5039
1450,1134.2653,976.4326,34.9123,1065.8806,1141.6430,969.0549,1134.2653,976.4326
1451,565.9977,1666.3979,-328.2442,1573.9412,1756.8728,475.5229,565.9977,1666.3979
1452,1070.5125,911.4276,-47.6522,1003.8998,1083.6940,898.2461,1070.5125,911.4276
1453,1161.5392,968.5761,-72.1156,1085.2999,1185.5124,944.6029,1161.5392,968.5761
1454,665.3911,625.5765,144.4238,693.1182,791.2731,499.6944,665.3911,625.5765
1455,578.2586,687.6772,54.4515,646.9332,710.1565,555.7793,578.2586,687.6772
1456,987.6192,990.3879,69.8184,996.3722,1058.8357,919.1714,987.6192,990.3879
1457,1288.3725,1087.3716,-48.3295,1203.4734,1299.3892,1076.3549,1288.3725,1087.3716
1458,991.5284,1070.3060,42.4434,1035.7843,1088.8216,973.0128,991.5284,1070.3060
1459,1087.5041,969.0248,-71.7807,1040.8234,1121.3333,935.1956,1087.5041,969.0248
1460,1043.0568,976.7305,-74.9919,1019.8313,1091.8911,927.8962,1043.0568,976.7305
1461,539.2776,1801.7805,118.9292,1614.9322,1812.8861,528.1720,539.2776,1801.7805
1462,1018.9170,1041.5655,42.4416,1033.0468,1074.1677,986.3149,1018.9170,1041.5655
1463,1063.9220,1065.5690,-1.5428,1064.7498,1066.4944,1062.9967,1063.9220,1065.5690
1464,1098.4135,1039.7067,121.1879,1090.6576,1193.7522,944.3680,1098.4135,1039.7067
1465,1054.0122,1021.5702,-64.9852,1044.2553,1104.7703,970.8121,1054.0122,1021.5702
1466,1030.3354,993.6878,-47.5768,1015.8570,1062.9951,961.0282,1030.3354,993.6878
1467,1053.9234,847.3452,-108.8500,985.5235,1100.6908,800.5778,1053.9234,847.3452
1468,1006.5181,1041.6398,-42.9521,1027.2280,1070.4822,977.6756,1006.5181,1041.6398
1469,1142.0303,911.3646,97.7834,1059.5742,1177.9034,875.4914,1142.0303,911.3646
1470,983.2054,926.5032,-82.3620,966.6998,1041.9593,867.7492,983.2054,926.5032
1471,598.5969,1636.5154,56.6065,1437.5329,1639.5935,595.5188,598.5969,1636.5154
1472,1034.8703,1021.5295,39.3117,1030.5167,1068.0735,988.3263,1034.8703,1021.5295
1473,1032.6346,1005.1057,39.2826,1021.4177,1060.4945,977.2458,1032.6346,1005.1057
1474,966.8627,1165.8986,-69.5817,1086.9241,1187.8114,944.9499,966.8627,1165.8986
1475,1023.8307,1014.0611,-20.4209,1019.5947,1039.9428,997.9489,1023.8307,1014.0611
1476,1021.8253,1065.0215,-20.4054,1044.6918,1073.1363,1013.7105,1021.8253,1065.0215
1477,1640.6904,1187.4187,8.5570,1467.6039,1640.8519,1187.2572,1640.6904,1187.4187
1478,1021.7484,1045.9150,-174.4657,1077.2933,1208.7154,858.9481,1021.7484,1045.9150
1479,1027.4400,1024.0341,42.7438,1028.4096,1068.5148,982.9593,1027.4400,1024.0341
1480,992.2724,1093.8657,20.9891,1047.4042,1098.0312,988.1068,992.2724,1093.8657
1481,302.4453,1661.4681,-35.1597,1533.9996,1662.3772,301.5363,302.4453,1661.4681
1482,370.4792,1436.3244,97.5777,1302.5815,1445.1839,361.6196,370.4792,1436.3244
1483,1036.4153,1180.5134,84.7432,1125.0825,1219.6960,997.2327,1036.4153,1180.5134
1484,1028.9548,1156.5022,43.1676,1100.8393,1169.7384,1015.7186,1028.9548,1156.5022
1485,216.6041,1094.7098,777.1649,1679.3284,1548.2669,-236.9531,216.6041,1094.7098
1486,583.2557,-1581.6913,325.9446,2020.6891,631.2638,-1629.6994,583.2557,-1581.6913
1487,564.2804,867.0451,-477.1886,1124.2997,1216.2879,215.0376,564.2804,867.0451
1488,1033.9173,1061.4798,54.1520,1052.1593,1103.5766,991.8204,1033.9173,1061.4798
1489,755.9592,1357.5267,356.6349,1330.2946,1523.2827,590.2032,755.9592,1357.5267
1490,1109.7623,970.2012,-16.0734,1047.3515,1111.5896,968.3739,1109.7623,970.2012
1491,1072.2861,1042.7527,-75.6461,1065.9120,1134.5933,980.4455,1072.2861,1042.7527
1492,1198.1688,981.9622,-30.5153,1107.2919,1202.3932,977.7378,1198.1688,981.9622
1493,1011.1726,1080.1557,-8.0277,1047.4617,1081.0776,1010.2507,1011.1726,1080.1557
1494,1017.1850,1081.4442,-8.2025,1050.8853,1082.4747,1016.1545,1017.1850,1081.4442
1495,1036.6432,1087.2087,40.7981,1065.1750,1109.9228,1013.9290,1036.6432,1087.2087
1496,1324.6264,1076.2468,42.7399,1221.8009,1331.7752,1069.0981,1324.6264,1076.2468
1497,1352.9420,965.4984,137.7692,1230.1694,1396.9353,921.5050,1352.9420,965.4984
1498,458.1561,1325.0587,122.7299,1184.8171,1342.0989,441.1158,458.1561,1325.0587
1499,546.9606,1190.0755,199.7761,1088.2337,1247.0807,489.9554,546.9606,1190.0755
1500,1108.9003,990.1143,-13.7619,1054.8063,1110.4738,988.5408,1108.9003,990.1143
1501,955.4392,968.6244,30.1341,963.5143,992.8786,931.1850,955.4392,968.6244
1502,995.5968,927.9373,-50.3484,967.4885,1022.4252,901.1089,995.5968,927.9373
1503,1050.2829,752.4765,-19.5848,938.1645,1051.5653,751.1941,1050.2829,752.4765
1504,754.0643,1319.3507,123.5365,1166.2795,1345.1689,728.2461,754.0643,1319.3507
1505,1116.9474,937.5699,0.9502,1038.9395,1116.9525,937.5649,1116.9474,937.5699
1506,663.1375,900.5195,-351.8158,1012.3446,1153.1261,410.5309,663.1375,900.5195
1507,1025.7268,914.8337,-83.2617,985.6288,1070.3144,870.2461,1025.7268,914.8337
1508,1011.9887,881.5848,-130.2351,979.8176,1092.4318,801.1418,1011.9887,881.5848
1509,1017.9552,1005.7761,-16.1823,1012.3087,1029.1558,994.5755,1017.9552,1005.7761
1510,-336.4567,2525.6044,-271.3413,2750.0028,2551.1021,-361.9544,-336.4567,2525.6044
1511,1191.6631,959.4675,71.4414,1101.1759,1211.8832,939.2474,1191.6631,959.4675
1512,993.1373,990.3930,4.5080,991.7987,996.4774,987.0530,993.1373,990.3930
1513,999.8902,983.3930,18.0804,992.2388,1011.5147,971.7685,999.8902,983.3930
1514,1008.0966,937.3189,-117.0550,995.5014,1094.9953,850.4202,1008.0966,937.3189
1515,1104.0485,897.2653,-57.3551,1021.3973,1118.8915,882.4223,1104.0485,897.2653
1516,839.1105,1068.6473,-181.3018,1023.7242,1168.4532,739.3046,839.1105,1068.6473
1517,506.1399,1175.4003,369.4776,1205.1421,1339.2589,342.2813,506.1399,1175.4003
1518,579.2399,893.3214,755.1456,1525.3948,1507.5826,-35.0213,579.2399,893.3214
1519,1064.5274,953.3638,-92.1451,1026.0173,1116.5563,901.3350,1064.5274,953.3638
1520,1001.6417,899.0779,-51.3059,958.6293,1022.9004,877.8193,1001.6417,899.0779
1521,1062.9038,873.8411,63.0522,988.1703,1082.0024,854.7425,1062.9038,873.8411
1522,857.7067,723.0381,88.1135,813.3771,901.2683,679.4766,857.7067,723.0381
1523,1020.5008,801.1910,-50.2536,934.4994,1031.4677,790.2241,1020.5008,801.1910
1524,1030.9639,934.5013,-174.7746,1031.6883,1164.0402,801.4250,1030.9639,934.5013
1525,1025.5129,883.6962,-102.6371,978.7528,1079.3538,829.8553,1025.5129,883.6962
1526,1015.7876,1008.2505,-161.7563,1050.1050,1173.8192,850.2188,1015.7876,1008.2505
1527,675.8197,828.9606,-336.6755,961.1093,1097.6631,407.1172,675.8197,828.9606
1528,349.7974,1479.7468,-358.2623,1476.2970,1583.7625,245.7816,349.7974,1479.7468
1529,998.0073,1035.8491,-20.9114,1018.1006,1045.1290,988.7274,998.0073,1035.8491
1530,1015.6545,982.4327,-118.5178,1020.3211,1118.7198,879.3674,1015.6545,982.4327
1531,2252.0474,1051.4871,1315.4117,3000.0446,3097.6733,205.8612,2252.0474,1051.4871
1532,833.8153,-2241.8936,-919.8877,3182.6468,1087.9401,-2496.0185,833.8153,-2241.8936
1533,646.7612,-401.7506,-206.9329,983.8719,686.1235,-441.1129,646.7612,-401.7506
1534,1009.9384,867.7683,-59.3988,952.4649,1031.4886,846.2180,1009.9384,867.7683
1535,1007.4801,1056.0565,19.0477,1033.1525,1062.6346,1000.9020,1007.4801,1056.0565
1536,999.5275,1044.1436,34.1299,1024.2731,1062.6093,981.0618,999.5275,1044.1436
1537,845.7921,1104.4617,160.4606,1038.4112,1181.2218,769.0320,845.7921,1104.4617
1538,1110.2891,881.8666,-84.1641,1025.9407,1137.9503,854.2053,1110.2891,881.8666
1539,1177.1045,891.3815,-63.5477,1069.1126,1190.6006,877.8853,1177.1045,891.3815
1540,1000.7083,1050.2327,32.2593,1027.8868,1066.1378,984.8032,1000.7083,1050.2327
1541,1005.8032,1045.9895,42.8864,1029.1706,1073.2564,978.5363,1005.8032,1045.9895
1542,997.1610,961.1985,-80.4489,989.5347,1061.6137,896.7458,997.1610,961.1985
1543,-205.0042,1614.4885,-280.1053,1793.0292,1656.6337,-247.1493,-205.0042,1614.4885
1544,975.7523,923.3411,-31.5687,952.2021,990.5750,908.5185,975.7523,923.3411
1545,983.2364,943.7343,27.8285,965.2967,997.6105,929.3602,983.2364,943.7343
1546,1156.2979,1072.3430,-147.0691,1145.3752,1267.2630,961.3779,1156.2979,1072.3430
1547,1129.6691,960.7649,-64.1911,1061.2430,1151.2956,939.1385,1129.6691,960.7649
1548,1784.7958,623.1986,46.2319,1570.9877,1786.6329,621.3614,1784.7958,623.1986
1549,1150.3035,957.6954,-178.4582,1110.9816,1256.7845,851.2144,1150.3035,957.6954
1550,1089.3662,1210.4431,-136.9269,1178.7800,1299.6173,1000.1920,1089.3662,1210.4431
1551,1032.6339,943.2874,-100.9181,1006.2836,1098.3244,877.5969,1032.6339,943.2874
1552,1069.3237,950.3663,-83.1247,1025.2459,1112.0577,907.6323,1069.3237,950.3663
1553,1303.6037,869.3125,129.9690,1171.5476,1339.5276,833.3886,1303.6037,869.3125
1554,994.9516,892.7377,-53.8421,952.5625,1018.0800,869.6093,994.9516,892.7377
1555,1019.1616,872.3028,-65.1212,960.8888,1043.8782,847.5861,1019.1616,872.3028
1556,953.8742,746.0382,30.6480,870.4254,958.2994,741.6130,953.8742,746.0382
1557,1423.6251,1035.6347,-99.5359,1286.3181,1447.6701,1011.5897,1423.6251,1035.6347
1558,1285.9657,994.6960,239.5335,1239.3998,1420.6625,859.9992,1285.9657,994.6960
1559,256.4899,1911.0706,24.6514,1797.1173,1911.4378,256.1227,256.4899,1911.0706
1560,1073.2749,1389.8540,-175.5879,1297.8486,1467.9681,995.1608,1073.2749,1389.8540
1561,1113.8281,784.8653,-132.5724,1017.4222,1160.6038,738.0896,1113.8281,784.8653
1562,1350.7457,1047.3688,58.6664,1231.7028,1361.6953,1036.4193,1350.7457,1047.3688
