0 1 821
1 2 830
2 3 830
3 4 818
4 5 806
5 6 795
5 43 1
6 7 787
7 8 773
7 45 1
8 23 589
9 18 643
9 19 135
9 215 1
10 9 624
10 218 1
11 9 20
11 10 443
12 9 127
12 10 177
12 11 463
12 217 1
13 12 768
13 219 2
14 13 771
15 14 535
15 220 1
16 14 237
16 15 294
17 15 234
17 16 529
17 49 1
17 221 1
18 19 650
19 20 687
19 21 99
19 213 1
20 21 582
20 22 103
21 22 682
22 0 800
22 37 1
22 212 1
23 24 102
25 26 716
25 228 2
25 565 2
26 27 726
26 227 2
26 564 2
27 28 736
27 46 2
27 239 1
28 29 744
28 47 2
28 225 1
29 17 327
29 30 426
29 48 2
30 17 431
31 25 709
31 241 1
31 566 2
32 31 703
32 235 1
32 567 2
33 32 703
33 232 2
33 568 1
34 33 702
34 230 2
35 34 707
35 231 2
36 37 756
36 74 1
37 38 771
37 61 1
38 39 794
38 62 1
39 40 796
39 63 1
40 41 777
40 64 1
41 42 756
41 65 1
42 43 734
42 66 1
43 44 712
44 45 629
45 56 373
45 1258 25
46 47 766
47 48 766
48 16 1
48 49 768
49 14 2
49 50 622
49 51 146
50 51 461
50 52 159
51 13 2
51 52 607
52 12 1
52 53 579
52 54 185
53 9 2
53 12 1
53 54 427
53 55 152
54 55 609
55 18 2
55 57 760
57 19 1
57 58 653
57 59 104
57 70 1
58 59 551
58 60 100
59 60 656
60 36 755
60 72 1
61 62 803
62 63 787
62 98 1
63 64 776
63 99 1
64 65 765
65 66 755
66 67 618
67 68 70
67 1256 156
67 1267 46
69 70 795
69 97 1
70 71 793
70 97 1
71 72 665
71 73 126
71 93 1
72 73 573
72 74 94
73 74 705
74 61 805
74 95 2
75 47 1
75 48 1
75 109 1
75 677 768
76 46 1
76 75 767
76 108 1
77 76 767
77 107 2
77 564 1
78 77 767
78 106 1
78 565 1
79 78 767
79 105 2
79 566 1
80 79 767
80 792 1
81 80 767
81 567 1
81 791 1
82 81 762
82 568 1
83 82 567
83 571 1
84 90 634
85 84 628
85 90 141
86 85 767
87 86 363
88 86 402
88 87 365
89 88 397
90 69 131
90 91 654
90 103 1
91 69 661
91 102 1
92 93 791
93 94 792
94 95 786
95 96 784
96 98 784
97 92 793
98 99 778
99 100 778
100 101 629
101 1273 57
102 97 792
103 102 132
103 113 530
104 103 665
104 113 122
105 106 773
105 123 2
106 107 780
106 120 1
107 108 786
108 109 226
108 115 560
108 116 1
109 110 585
109 111 20
110 111 394
110 112 186
111 112 590
112 114 785
112 121 1
113 102 659
114 104 791
115 109 378
115 111 172
115 117 1
116 117 789
116 150 1
117 118 785
117 148 1
118 121 136
118 126 647
119 116 165
119 125 482
120 119 620
121 122 656
122 113 1
122 127 774
123 119 32
123 120 627
123 125 158
123 152 1
124 123 828
124 153 1
125 116 631
126 121 522
126 122 120
127 128 774
127 144 1
128 97 1
128 130 777
128 1117 1
129 131 783
130 129 786
130 155 1
131 132 772
132 143 760
133 134 632
133 135 193
133 165 1
134 135 635
134 173 1
135 124 832
136 137 754
137 138 773
138 139 792
139 133 809
140 1255 554
141 99 1
141 140 727
142 141 737
143 142 749
144 175 1
144 1117 830
145 144 829
146 127 1
146 145 831
147 122 1
147 146 835
147 179 1
148 147 705
149 147 130
149 148 541
150 148 164
150 149 667
151 150 824
151 191 1
152 151 232
152 163 568
152 194 1
153 152 637
154 153 589
155 156 777
156 157 865
157 158 849
158 159 833
159 160 817
160 161 806
161 162 642
163 151 578
163 192 2
164 152 147
164 153 38
164 154 414
164 202 1
165 173 744
166 165 728
166 199 1
167 166 718
167 196 1
168 167 712
168 196 1
169 138 2
169 168 704
169 198 1
170 137 2
170 169 699
170 1123 2
170 1124 1
171 170 699
171 1124 1
172 171 525
172 1125 2
173 154 161
173 164 596
173 200 1
174 189 784
175 174 695
176 174 93
176 175 598
177 175 97
177 176 698
178 177 799
179 178 801
180 179 801
181 180 548
182 183 756
183 184 746
184 186 735
184 207 1
185 158 1
185 182 767
186 162 2
186 187 724
187 188 606
188 203 417
188 204 1
189 185 777
190 147 1
190 180 244
190 181 542
191 190 777
192 191 613
193 191 155
193 192 449
194 192 158
194 193 41
194 195 563
194 225 2
195 193 564
195 223 1
196 166 1
196 197 767
196 235 1
197 199 766
197 241 1
198 196 771
198 232 1
199 200 766
199 228 1
200 201 767
200 227 1
201 194 179
201 202 588
201 226 2
202 194 588
204 229 578
205 204 719
206 6 2
206 205 729
207 5 1
207 206 736
208 207 675
209 207 68
209 208 689
210 209 759
211 210 641
212 1 2
212 210 97
212 211 631
213 214 735
214 0 1
214 212 730
215 176 1
215 213 747
216 177 1
216 215 653
217 178 1
217 216 124
217 218 647
218 215 104
218 216 533
219 179 1
219 217 771
220 222 643
221 190 1
221 191 1
221 220 646
221 222 148
222 180 1
222 190 1
222 219 155
222 224 590
222 240 36
223 191 1
223 193 1
223 221 796
224 179 1
224 180 1
224 219 178
224 240 410
225 223 800
226 225 195
226 239 430
227 226 619
227 239 165
228 227 768
230 198 1
230 232 731
231 230 736
231 1123 1
232 235 729
233 231 741
233 1124 1
234 233 560
235 25 1
235 241 733
236 233 178
236 234 374
236 1124 1
236 1125 1
237 234 180
237 236 545
237 1125 2
237 1126 1
238 237 713
238 1126 1
238 1127 1
239 225 603
240 219 440
241 228 750
242 238 704
242 245 1
242 1127 1
242 1128 1
243 242 701
243 244 1
243 1128 1
243 1137 1
244 238 1
244 245 594
244 247 165
245 237 2
245 247 583
246 242 1
246 244 759
247 234 2
247 250 170
247 561 570
248 243 2
248 246 749
248 675 1
249 248 740
249 262 2
249 580 2
250 35 718
250 233 2
251 252 703
251 273 1
252 253 703
252 272 2
252 594 1
253 254 703
253 271 1
253 593 2
254 255 702
254 270 2
254 583 2
255 256 702
255 269 2
255 582 1
256 257 703
256 268 1
257 258 703
257 267 2
258 261 707
258 266 2
258 576 2
259 249 732
259 263 2
259 579 2
260 259 724
260 264 2
260 577 2
261 260 716
261 265 2
261 575 2
262 243 693
262 1137 1
263 262 686
263 1136 1
264 263 681
265 264 675
266 265 668
267 266 664
268 267 655
269 268 645
270 269 638
271 270 635
271 1138 1
272 271 632
272 1138 2
272 1139 1
273 272 626
273 1139 1
273 1140 1
274 273 624
274 1140 1
274 1142 1
275 274 628
275 1142 1
275 1143 1
276 275 634
277 276 632
277 286 1
277 1144 1
278 280 635
278 544 2
278 1149 1
279 278 627
279 1148 1
280 281 638
280 290 2
280 1151 1
281 282 638
281 289 2
281 1152 1
282 283 635
282 288 1
282 1153 1
283 277 633
283 1154 1
284 279 617
284 1147 1
284 1148 2
285 251 702
285 274 2
285 584 1
286 275 2
286 285 697
286 585 2
287 276 1
287 286 689
287 586 2
288 287 680
289 288 669
289 588 1
290 289 660
290 589 2
291 284 606
291 541 2
291 1146 1
291 1147 1
292 291 596
292 540 2
292 1146 1
293 292 589
293 311 2
293 1214 1
294 293 580
294 1215 1
295 294 568
295 309 1
295 1216 1
296 295 560
296 308 2
296 1217 1
297 296 550
297 307 2
297 1163 1
298 297 541
298 306 1
298 1162 1
299 300 474
299 316 1
299 610 1
300 301 485
300 315 1
301 302 496
302 303 500
303 304 510
304 305 516
305 306 518
306 307 527
307 308 540
307 602 1
308 309 557
308 601 1
309 310 576
310 311 592
310 599 2
311 540 607
311 598 1
312 298 531
312 1161 1
312 1162 2
313 304 1
313 312 521
314 303 1
314 313 514
314 1160 1
315 314 504
315 1159 1
316 315 494
317 316 484
317 1156 1
318 317 478
319 318 467
319 1155 1
320 319 457
320 1172 1
321 299 466
321 317 1
321 611 1
322 318 1
322 321 462
322 612 1
323 322 460
324 320 1
324 323 459
325 324 461
325 332 1
325 617 1
326 325 462
326 331 1
326 616 1
327 326 432
328 327 352
329 328 252
330 331 430
330 1165 1
331 332 439
332 320 449
332 1171 1
333 334 135
334 335 252
335 336 337
336 330 409
337 330 10
337 336 27
338 335 29
338 337 35
339 334 43
339 338 73
340 333 132
340 334 15
340 339 128
340 1237 102
341 340 392
342 341 391
343 342 358
344 342 30
344 343 356
345 344 384
346 345 383
347 346 384
348 357 299
348 358 82
348 363 2
349 348 334
350 348 45
350 349 328
351 350 362
351 642 2
352 351 356
353 352 344
354 353 334
355 354 325
356 355 317
357 358 299
358 359 383
358 365 1
359 360 382
359 366 1
360 361 382
360 368 2
361 362 382
361 369 1
362 370 2
362 560 383
363 365 85
363 374 296
364 363 317
365 366 382
365 1175 1
365 1178 1
366 368 383
366 1178 1
367 348 1
367 363 65
367 364 317
367 1173 1
367 1176 1
368 369 382
368 1184 1
369 370 158
369 387 223
370 382 383
371 349 2
371 350 1
371 367 381
371 1176 2
372 351 1
372 373 381
372 1179 2
373 350 1
373 351 1
373 371 383
373 1177 1
373 1179 1
374 365 294
374 1175 1
375 355 2
375 377 360
376 375 343
377 354 2
377 355 1
377 378 374
378 354 1
378 380 382
379 376 328
379 399 1
380 352 1
380 353 1
380 372 382
380 1180 2
380 1181 1
381 379 309
382 383 384
383 384 382
384 385 301
384 386 82
384 553 1
385 347 69
385 386 232
386 347 315
387 370 220
388 389 213
389 390 221
390 391 230
390 1252 1
391 392 236
391 1251 2
392 393 243
392 1243 2
393 394 254
393 1242 1
394 395 265
394 1241 2
395 396 273
395 1240 1
396 381 2
396 397 280
397 379 1
397 398 288
398 376 2
398 399 294
399 356 307
400 388 205
401 400 196
401 653 1
402 401 188
402 654 1
403 402 181
403 655 1
404 403 172
404 662 1
405 404 163
405 661 1
405 1245 1
406 405 157
406 660 2
406 1246 1
407 406 147
407 659 2
408 407 142
408 658 1
409 408 136
409 657 2
410 409 130
411 410 127
412 411 127
413 412 124
413 415 1
414 413 126
414 444 2
415 411 1
415 416 127
416 410 1
416 417 127
416 1213 1
417 409 2
417 418 127
417 1211 1
418 408 2
418 419 127
418 1210 1
419 407 2
419 420 127
419 1209 1
420 406 2
420 421 130
420 1207 1
421 405 1
421 1204 1
421 1206 1
421 1246 136
422 432 70
422 438 3
422 539 1
423 422 64
423 437 1
424 423 55
424 1288 3
425 424 47
426 425 42
426 1290 2
427 426 34
428 427 27
428 527 1
428 1301 2
429 428 21
429 1302 1
430 429 15
430 1303 1
431 430 6
431 530 1
431 1304 1
432 433 81
432 439 3
433 434 92
433 440 3
433 537 1
434 435 104
434 441 3
434 536 1
435 436 114
435 442 2
436 414 122
436 443 2
436 534 1
437 438 68
437 508 2
438 439 81
439 440 90
440 441 100
441 442 112
442 443 123
443 444 126
444 412 1
444 415 127
445 462 72
445 539 2
446 445 69
446 1287 1
447 446 64
447 1288 3
447 1292 1
448 447 64
448 1289 3
449 448 61
449 1290 1
450 449 51
450 1295 1
451 450 42
451 1301 1
452 451 31
452 1297 1
453 452 21
453 1303 1
454 453 10
454 1304 1
455 463 128
456 455 121
457 456 112
458 457 104
459 458 96
460 459 88
460 467 1
460 536 1
461 460 78
461 537 1
462 461 75
462 538 3
463 758 137
464 461 1
464 462 1
464 465 71
465 460 3
465 461 1
465 466 78
465 484 1
466 459 1
466 467 87
466 483 1
467 458 1
467 459 1
467 468 97
468 457 2
468 469 104
469 456 1
469 457 1
469 470 113
470 455 1
470 456 1
470 487 1
470 875 124
471 464 1
471 486 64
472 471 56
472 1291 1
473 472 50
474 473 44
475 474 38
476 475 31
476 1295 1
477 476 25
477 1296 1
478 477 19
478 1297 1
479 478 11
480 487 123
480 875 2
481 470 3
481 480 116
482 469 2
482 481 108
483 468 1
483 482 100
484 466 1
484 467 2
484 483 89
485 466 3
485 484 78
486 465 3
486 485 71
487 876 1
487 991 134
488 485 1
488 486 2
488 504 70
489 486 1
489 488 61
490 472 1
490 489 53
491 473 1
491 490 48
492 474 1
492 491 42
493 475 2
493 492 35
494 476 1
494 493 29
495 477 2
495 494 23
496 478 1
496 495 15
497 479 1
497 496 10
498 480 1
498 487 1
498 499 124
499 505 134
499 991 1
500 480 1
500 481 1
500 498 115
501 481 2
501 482 2
501 500 105
502 482 1
502 483 2
502 501 96
502 510 1
503 484 2
503 502 88
504 485 2
504 503 80
505 990 1
505 1101 145
506 439 2
506 503 2
506 504 1
506 507 75
507 440 2
507 502 2
507 503 1
507 509 82
508 438 1
508 504 2
508 506 68
509 441 2
509 501 1
509 510 90
510 442 2
510 501 1
510 511 100
511 443 1
511 498 2
511 500 1
511 512 108
512 498 1
512 499 1
512 513 119
513 499 1
513 505 2
513 1212 127
514 488 1
514 489 1
514 508 59
515 489 2
515 514 53
516 490 1
516 491 1
516 515 47
517 491 1
517 516 39
518 492 1
518 493 1
518 517 34
519 493 2
519 518 26
519 527 1
520 494 2
520 495 1
520 519 22
521 495 1
521 496 1
521 520 15
522 496 1
522 497 1
522 521 10
523 422 1
523 423 1
523 437 60
523 514 1
524 423 1
524 424 1
524 515 2
524 523 52
525 424 2
525 516 1
525 524 48
526 425 2
526 426 1
526 517 1
526 525 38
527 426 1
527 427 1
527 518 1
527 526 35
528 427 2
528 519 2
528 527 25
529 428 2
529 429 1
529 520 2
529 528 19
530 429 1
530 430 1
530 521 1
530 529 14
531 410 2
531 676 129
532 411 1
532 412 1
532 463 2
532 531 121
533 412 3
533 455 2
533 456 1
533 532 110
534 413 1
534 456 2
534 533 107
535 414 3
535 436 1
535 457 2
535 534 98
536 436 1
536 458 1
536 535 94
537 434 1
537 435 2
537 459 2
537 460 1
537 536 82
538 434 2
538 460 1
538 537 77
539 433 1
539 538 73
540 541 616
540 597 2
541 542 625
541 596 1
542 543 634
542 592 1
543 544 640
543 591 1
544 290 651
544 590 1
545 329 117
546 545 110
546 562 153
546 1259 172
547 546 446
548 547 386
549 342 1
549 547 52
549 548 382
550 549 430
550 626 1
551 344 1
551 550 424
551 625 1
552 345 1
552 551 366
553 347 1
553 559 291
554 553 285
554 559 98
554 621 1
555 384 2
555 554 383
555 623 1
556 555 300
556 624 1
557 383 1
557 555 83
557 556 210
558 556 90
558 557 218
558 627 1
559 346 1
559 551 51
559 552 352
559 622 1
560 382 1
560 557 77
560 558 308
560 628 1
561 250 559
562 329 65
562 545 5
562 563 91
563 328 44
563 329 5
563 1265 46
564 46 766
565 564 766
566 565 763
567 566 754
568 567 744
569 33 1
569 568 573
570 568 164
570 569 394
571 33 2
571 569 172
571 570 550
572 34 2
572 571 713
573 35 2
573 572 708
574 250 1
574 573 706
575 577 706
575 692 1
576 575 706
576 693 1
577 579 708
577 690 2
578 576 704
578 694 1
579 580 713
579 689 1
580 246 1
580 675 719
581 578 703
582 581 704
583 582 704
584 595 704
585 584 704
586 585 702
587 586 697
588 587 688
589 588 680
590 589 668
590 696 1
591 590 660
591 695 2
592 591 651
592 773 1
593 583 702
594 593 702
595 594 702
596 592 640
597 596 634
598 597 622
599 598 607
599 769 2
600 599 591
600 768 1
601 600 575
602 601 559
603 308 1
603 602 541
604 603 529
605 604 525
606 605 524
607 304 1
607 606 522
608 303 2
608 607 514
609 302 1
609 608 501
610 609 490
611 610 480
612 611 467
613 614 307
614 615 392
615 616 421
616 617 428
616 716 1
617 618 438
618 619 449
619 612 455
619 713 2
620 613 205
621 622 398
621 723 1
622 625 401
622 724 1
623 621 395
623 722 1
624 623 387
624 784 2
625 626 407
625 725 1
626 630 409
626 726 2
627 624 379
627 782 1
628 627 34
628 646 223
629 558 1
629 628 250
629 646 102
630 547 1
630 631 411
630 727 1
631 632 412
631 728 1
632 633 414
632 729 2
633 562 1
633 620 190
633 1262 119
633 1274 113
634 629 345
635 362 1
635 634 29
635 638 301
636 361 2
636 635 226
637 359 1
637 360 1
637 635 94
637 636 221
638 634 309
639 359 2
639 637 309
640 358 1
640 639 301
641 357 2
641 640 292
642 348 2
642 350 1
642 641 286
643 642 26
643 644 251
643 732 2
644 642 256
644 735 1
645 351 1
645 643 190
646 627 334
647 394 2
647 669 272
647 748 1
647 749 1
648 392 1
648 393 2
648 647 263
648 749 1
649 391 1
649 392 1
649 648 256
649 750 1
649 751 1
650 649 246
650 751 1
650 752 1
651 390 2
651 650 236
651 752 1
651 753 1
652 388 1
652 389 2
652 651 228
653 388 1
653 652 222
653 754 1
654 653 210
655 654 201
656 408 1
656 657 142
656 760 1
657 658 153
658 659 160
659 660 168
660 661 177
661 662 184
662 655 193
663 398 1
663 665 309
663 738 2
663 745 1
664 396 1
664 397 2
664 663 299
664 745 2
665 398 1
665 667 315
665 737 2
666 396 2
666 664 293
667 356 2
667 399 1
667 668 308
667 736 1
668 355 1
668 670 301
669 666 282
669 747 2
669 748 1
670 355 1
670 671 290
670 733 2
671 353 1
671 354 1
671 672 280
671 731 2
672 352 2
672 353 1
672 643 78
672 645 190
672 730 3
673 574 712
674 673 718
675 244 1
675 674 720
676 409 1
676 656 136
676 759 2
677 88 368
677 89 398
677 110 1
678 679 640
679 583 2
679 593 1
679 681 639
680 594 1
680 678 639
681 583 1
681 683 638
682 584 1
682 680 638
683 581 1
683 684 638
684 685 639
685 694 639
686 673 1
686 688 688
687 686 677
688 691 699
689 687 668
689 798 1
690 689 661
691 573 1
691 574 1
691 774 712
692 690 651
693 692 642
694 693 639
695 696 625
695 816 1
696 697 631
696 816 1
697 587 1
697 698 637
698 699 640
699 585 2
699 586 1
699 700 638
700 585 1
700 682 638
701 601 1
701 703 558
702 701 548
702 824 1
703 706 566
703 888 1
703 889 1
704 603 1
704 702 536
704 821 1
705 605 1
705 704 528
705 819 1
706 599 1
706 600 1
706 768 572
706 887 1
707 605 1
707 705 520
707 819 1
708 606 2
708 607 1
708 707 512
708 822 1
709 710 478
710 711 486
710 826 1
711 608 1
711 712 494
712 708 504
712 825 1
713 709 469
713 833 1
714 713 460
714 833 1
715 714 452
715 831 1
716 715 442
717 716 433
717 830 1
718 717 426
719 718 403
720 719 332
721 720 248
722 723 383
722 724 40
723 724 384
724 725 420
724 892 1
724 893 1
725 726 419
726 727 418
726 728 1
726 894 1
727 728 411
727 896 1
728 721 68
728 729 133
728 775 122
728 785 91
729 720 24
729 721 31
729 1276 76
730 732 320
730 848 1
731 730 315
732 735 329
732 849 1
733 731 309
734 733 300
734 854 2
735 641 1
735 744 337
735 850 2
736 734 293
736 855 2
737 736 287
737 860 2
738 737 281
738 861 1
739 638 2
739 776 300
739 777 86
739 846 2
740 635 1
740 739 378
740 845 1
741 637 1
741 740 368
741 859 1
742 741 305
742 858 1
743 639 2
743 741 53
743 742 296
743 856 2
744 640 2
744 743 344
744 852 2
745 738 273
746 745 265
747 746 259
747 864 1
748 747 255
748 865 1
749 748 254
749 866 1
750 749 256
751 750 256
752 751 255
753 752 250
754 753 242
755 652 1
755 754 232
756 653 1
756 755 226
757 654 2
757 756 213
757 871 1
758 759 144
759 657 1
759 760 153
760 658 2
760 761 159
761 659 2
761 762 170
762 660 1
762 763 181
763 661 3
763 764 188
764 662 1
764 765 198
765 655 1
765 757 205
765 870 1
766 83 181
766 572 1
766 767 551
767 82 185
767 83 373
768 769 582
768 886 1
769 770 583
769 886 1
770 771 582
770 884 2
771 772 593
771 813 1
772 773 605
772 813 1
772 814 1
773 695 614
773 815 1
774 572 1
774 766 722
775 721 122
776 634 1
776 777 305
777 629 1
777 778 398
777 844 1
778 646 2
778 779 399
779 627 1
779 780 305
779 781 92
779 841 2
780 781 202
780 782 107
781 782 290
781 840 1
782 623 1
782 783 330
782 784 69
783 784 331
783 842 1
784 722 411
784 890 2
785 720 25
785 721 22
785 1263 1
785 1271 48
786 787 518
786 789 44
786 790 168
787 82 1
787 789 524
788 137 1
788 766 1
788 786 722
789 81 2
789 790 573
790 139 1
790 791 748
791 133 2
791 792 757
792 105 186
792 135 1
792 793 575
793 105 579
794 136 2
794 774 2
794 788 714
795 691 1
795 794 714
795 912 1
796 795 721
796 912 1
797 686 1
797 796 167
797 883 570
797 914 1
798 687 1
798 797 749
798 909 1
799 689 1
799 798 755
799 909 1
800 690 1
800 799 761
800 908 1
801 800 756
801 907 2
802 801 747
802 905 1
803 694 1
803 802 735
803 905 1
804 700 1
804 805 651
805 682 2
805 806 650
806 680 1
806 807 649
807 808 648
808 679 1
808 809 651
809 681 1
809 810 664
810 683 1
810 811 682
811 684 2
811 812 699
811 903 1
812 685 1
812 803 717
812 904 1
813 814 617
813 925 1
814 815 633
814 925 1
815 816 650
815 923 1
816 697 1
816 817 659
816 923 1
817 818 655
817 921 1
818 699 1
818 804 653
819 820 529
819 935 2
820 821 538
820 934 1
821 824 545
822 819 519
822 937 1
823 822 510
824 889 552
824 933 1
825 823 502
825 938 1
826 825 492
826 939 2
827 828 460
827 949 1
828 829 462
828 947 1
829 830 460
829 946 1
830 831 460
831 832 460
831 945 1
832 833 463
833 834 470
833 943 1
834 835 478
835 826 484
835 940 1
836 827 421
837 836 330
838 837 236
839 842 353
840 839 356
841 840 274
842 890 365
843 841 91
843 847 285
844 843 387
845 846 389
846 844 393
847 840 92
847 841 184
848 849 326
849 850 333
850 852 341
851 848 317
852 742 1
852 856 350
853 851 309
854 853 300
854 959 1
855 854 290
855 958 2
856 741 1
856 857 282
856 858 72
857 858 290
858 845 70
858 859 307
859 845 311
860 855 280
860 966 2
861 860 272
861 967 2
862 861 264
862 968 2
863 862 259
863 969 1
864 863 255
864 970 2
865 864 255
865 971 2
866 865 255
866 972 1
867 866 255
867 973 2
868 765 1
868 869 196
868 982 2
869 757 1
869 870 204
869 985 2
870 871 217
870 986 1
871 755 1
871 872 224
871 980 2
872 754 1
872 873 234
872 979 2
873 753 1
873 874 244
873 978 2
874 752 1
874 898 251
874 977 2
875 463 2
875 876 132
876 758 2
876 877 141
876 990 1
877 758 1
877 759 2
877 878 146
877 989 2
878 760 1
878 879 157
878 988 1
879 760 1
879 761 2
879 880 164
879 987 2
880 762 1
880 881 172
880 984 2
881 882 181
881 983 1
882 868 190
882 981 1
883 796 563
883 913 1
883 914 1
884 813 609
884 926 1
884 927 1
885 884 598
885 927 1
886 885 589
886 929 1
887 886 581
887 929 1
888 887 572
888 930 1
888 931 1
889 888 560
889 931 1
890 891 348
890 892 32
891 892 351
892 893 397
893 894 409
894 895 416
895 838 44
895 896 172
895 899 109
895 900 89
896 837 33
896 838 29
896 1263 113
897 749 1
897 867 254
897 974 2
898 751 1
898 901 254
898 976 2
899 838 136
900 837 17
900 838 19
900 1281 58
901 750 1
901 897 254
901 975 2
902 903 643
902 1011 1
903 904 644
903 1010 1
904 905 649
905 906 653
905 1015 2
906 907 660
906 1016 2
907 908 668
907 1022 1
908 909 677
908 1023 1
909 910 684
910 914 690
911 136 738
912 911 189
912 1257 334
913 912 518
913 1257 189
914 913 700
915 902 650
915 1013 1
916 810 2
916 915 650
917 992 650
918 807 1
918 917 645
919 806 2
919 918 644
920 805 1
920 919 646
921 920 648
922 818 2
922 921 647
923 922 645
924 923 634
925 924 625
926 925 618
927 926 609
928 927 601
929 928 591
930 929 581
931 930 573
932 931 565
933 932 557
933 1048 1
934 933 549
934 1040 2
935 934 538
935 1041 2
936 935 528
936 1042 2
937 936 522
938 937 514
939 938 505
940 939 497
941 942 463
942 943 473
943 944 482
944 940 489
945 941 454
946 945 446
947 946 438
948 947 433
949 948 426
950 858 1
950 951 325
950 1074 1
951 845 2
951 952 335
951 1078 1
952 953 124
952 954 219
952 1061 2
953 844 2
953 955 352
953 1060 1
954 953 222
955 843 1
955 844 1
955 956 361
955 1059 1
956 957 141
956 997 230
956 1058 1
957 840 1
957 998 382
957 1057 1
958 853 1
958 959 305
959 851 1
959 853 1
959 960 305
960 848 2
960 961 307
961 849 1
961 962 309
962 850 1
962 963 312
963 852 1
963 964 314
964 856 1
964 965 315
965 857 2
965 950 319
966 958 301
967 966 296
967 1084 1
968 967 290
968 1085 2
969 968 284
969 1086 1
970 969 279
970 1087 2
971 970 275
971 1088 1
972 971 268
972 1089 2
973 972 264
973 1090 1
974 973 257
974 1091 2
975 974 255
975 1092 1
976 975 255
977 976 255
978 977 255
979 978 250
980 979 241
981 982 203
982 985 214
983 981 193
984 983 186
985 986 224
986 980 233
987 984 176
988 987 168
989 988 160
990 989 153
991 877 1
991 990 140
991 1101 1
992 809 1
992 916 651
993 949 406
994 993 340
995 994 266
996 995 169
997 957 233
998 840 1
998 999 390
999 1000 395
999 1063 1
1000 890 1
1000 1001 394
1000 1064 1
1001 890 1
1001 1002 396
1002 1003 396
1002 1066 1
1003 1004 393
1003 1067 2
1004 894 1
1004 1005 392
1004 1068 1
1005 996 72
1005 1006 134
1005 1008 189
1006 995 25
1006 996 42
1006 1007 68
1007 994 21
1007 995 13
1007 1282 1
1007 1285 34
1008 995 33
1008 996 53
1008 1009 104
1009 994 27
1009 995 24
1009 1071 1
1009 1269 57
1010 1012 672
1010 1131 1
1010 1132 1
1011 1010 669
1011 1130 1
1012 1015 679
1012 1132 1
1012 1133 1
1013 1011 667
1014 902 1
1014 1013 662
1015 1016 687
1015 1133 1
1015 1134 1
1016 1022 696
1016 1135 1
1017 915 2
1017 1014 662
1018 1017 663
1019 918 2
1019 1020 672
1020 917 1
1020 1021 668
1021 992 1
1021 1018 665
1022 1023 704
1022 1135 1
1022 1136 2
1023 1024 712
1023 1137 1
1024 914 1
1024 1111 719
1024 1128 1
1025 922 1
1025 1027 672
1026 923 2
1026 1025 664
1027 1029 681
1028 924 2
1028 1026 657
1029 1030 681
1030 919 2
1030 1019 677
1031 1028 650
1032 1031 643
1033 940 1
1033 1047 554
1033 1158 1
1034 1033 546
1035 943 1
1035 1034 537
1035 1155 1
1036 942 1
1036 1035 530
1037 1036 520
1037 1171 1
1037 1172 1
1038 945 1
1038 1037 512
1039 946 1
1039 1038 507
1040 1048 594
1040 1216 1
1041 1040 584
1042 1041 577
1043 1042 574
1044 1043 576
1045 1044 576
1046 1045 573
1047 939 1
1047 1046 565
1048 1115 603
1048 1215 1
1049 1039 498
1050 948 1
1050 1049 484
1050 1166 2
1051 1050 439
1052 1051 342
1053 1052 236
1054 1053 127
1055 1063 301
1056 1055 300
1056 1063 41
1057 1056 290
1058 1057 271
1059 1056 58
1059 1057 30
1059 1058 285
1060 1059 101
1060 1062 291
1061 1060 392
1062 1059 288
1063 1064 346
1064 1065 354
1064 1225 1
1065 1066 363
1065 1224 1
1066 1067 373
1066 1223 1
1067 1068 383
1067 1221 1
1068 1054 48
1068 1069 143
1068 1119 194
1069 1053 40
1069 1054 35
1069 1070 85
1070 1052 29
1070 1053 11
1070 1071 49
1071 1051 25
1071 1052 8
1071 1072 18
1072 949 1
1072 1050 9
1072 1051 9
1073 1074 380
1073 1175 2
1074 1078 382
1074 1178 1
1075 950 1
1075 1073 127
1075 1116 240
1076 964 1
1076 965 1
1076 1075 356
1077 964 1
1077 1076 344
1077 1176 2
1078 1061 385
1079 960 1
1079 961 2
1079 1080 315
1079 1180 1
1080 962 2
1080 1083 327
1081 960 2
1081 1079 309
1081 1181 1
1082 1081 301
1083 1077 337
1083 1177 2
1084 958 2
1084 966 1
1084 1082 292
1085 1084 286
1086 1085 274
1087 1086 264
1088 1087 256
1089 1088 250
1090 1089 242
1091 1090 231
1091 1230 1
1092 1091 225
1093 977 1
1093 1094 201
1094 975 1
1094 1095 209
1095 974 1
1095 1092 215
1096 978 1
1096 1093 194
1097 979 1
1097 1096 191
1098 980 1
1098 1097 191
1099 986 1
1099 1098 191
1100 985 1
1100 1099 190
1101 1102 153
1101 1211 1
1102 989 2
1102 1103 164
1103 988 2
1103 1104 173
1104 984 1
1104 987 2
1104 1105 183
1105 983 1
1105 984 1
1105 1106 188
1106 981 1
1106 983 1
1106 1107 189
1107 981 1
1107 982 1
1107 1108 189
1108 982 1
1108 1100 190
1109 171 177
1109 172 371
1110 172 160
1110 1109 553
1110 1126 2
1110 1257 1
1111 913 2
1111 1110 720
1111 1127 1
1112 928 2
1112 1113 628
1113 927 1
1113 1032 635
1114 929 2
1114 1112 620
1115 1114 614
1116 1073 246
1117 155 118
1117 174 1
1117 1118 721
1118 155 642
1118 156 90
1119 1053 24
1119 1054 37
1119 1120 138
1120 1052 33
1120 1053 23
1120 1121 83
1121 1051 32
1121 1052 21
1121 1122 35
1122 1050 20
1122 1051 16
1123 198 776
1124 1123 773
1125 1124 762
1126 1125 752
1127 1126 380
1127 1145 359
1128 1127 731
1129 268 1
1129 1130 703
1130 1131 704
1131 1132 704
1132 1133 703
1133 1134 702
1134 263 1
1134 1135 702
1135 262 1
1135 1136 701
1136 1137 708
1137 1128 719
1138 270 1
1138 1141 703
1139 1017 2
1139 1138 702
1140 1018 1
1140 1139 702
1141 269 2
1141 1013 2
1141 1129 702
1142 1021 1
1142 1140 703
1143 1020 2
1143 1142 702
1144 1019 1
1144 1143 702
1145 1126 360
1146 1113 1
1146 1147 591
1147 1148 608
1148 1031 1
1148 1149 627
1149 1028 1
1149 1150 643
1150 1026 1
1150 1151 661
1151 1025 1
1151 1152 679
1152 1153 688
1153 1029 1
1153 1154 697
1154 1030 1
1154 1144 702
1155 1156 490
1156 1157 500
1157 1047 1
1157 1158 509
1158 1159 511
1159 1045 1
1159 1160 510
1160 1044 1
1160 1161 510
1161 1043 1
1161 1162 513
1162 1163 522
1163 1041 1
1163 1218 530
1164 1171 460
1165 1164 448
1166 1165 437
1167 1166 429
1168 1167 394
1169 1168 313
1170 1169 225
1171 1172 469
1172 1155 478
1173 1174 387
1174 1175 391
1175 1178 394
1176 1173 383
1177 1176 376
1178 1061 1
1178 1182 328
1178 1183 64
1179 1177 370
1180 1179 358
1181 1180 348
1182 1060 1
1182 1183 227
1182 1184 97
1183 369 2
1183 1184 289
1184 370 2
1184 1060 1
1184 1062 1
1184 1185 386
1185 382 1
1185 1059 1
1185 1062 1
1185 1186 384
1186 383 1
1186 1056 1
1186 1059 1
1186 1187 301
1186 1188 82
1187 384 1
1187 1188 237
1187 1189 66
1188 1055 1
1188 1056 1
1188 1189 318
1189 386 1
1189 1055 1
1189 1063 1
1189 1232 384
1190 1092 1
1190 1192 270
1191 1190 261
1192 1195 278
1193 1094 1
1193 1191 252
1194 1096 1
1194 1193 245
1195 1091 1
1195 1230 287
1195 1242 1
1196 1096 1
1196 1097 1
1196 1194 236
1197 1097 1
1197 1098 1
1197 1196 227
1198 1098 1
1198 1099 1
1198 1197 219
1199 377 2
1199 1084 1
1199 1201 335
1200 375 3
1200 1084 1
1200 1085 1
1200 1199 329
1201 378 1
1201 1202 340
1202 380 2
1202 1081 2
1202 1181 340
1203 1085 1
1203 1086 2
1203 1200 328
1204 1205 193
1205 1100 1
1205 1108 1
1205 1208 203
1206 1107 2
1206 1204 184
1207 1105 1
1207 1106 1
1207 1206 176
1208 1099 2
1208 1100 1
1208 1198 212
1209 1104 1
1209 1105 1
1209 1207 167
1210 1103 1
1210 1104 1
1210 1209 159
1211 1103 2
1211 1210 152
1212 416 1
1212 1101 1
1212 1213 135
1213 1102 1
1213 1211 145
1214 1112 1
1214 1146 573
1215 1114 1
1215 1214 560
1216 1215 553
1217 1216 544
1218 1040 1
1218 1217 538
1219 1169 1
1219 1170 69
1220 1170 61
1220 1219 6
1220 1268 82
1221 1219 72
1221 1220 148
1221 1235 165
1222 1221 388
1223 1222 390
1224 1223 392
1225 1224 394
1226 1225 276
1227 379 2
1227 1203 321
1228 381 2
1228 1087 1
1228 1088 1
1228 1227 312
1229 1088 1
1229 1089 1
1229 1228 304
1229 1240 1
1230 1090 2
1230 1229 294
1230 1241 3
1231 346 1
1231 1064 1
1231 1225 116
1231 1226 275
1232 347 1
1232 1064 1
1232 1231 388
1233 1168 29
1233 1169 5
1233 1236 24
1234 1169 34
1234 1170 6
1234 1233 58
1235 1170 51
1235 1219 18
1235 1234 98
1236 1167 19
1236 1168 7
1237 334 36
1237 1238 50
1238 335 22
1238 1236 2
1238 1239 20
1239 336 21
1240 381 290
1241 1240 276
1242 1229 1
1242 1241 262
1243 1195 1
1243 1230 1
1243 1242 242
1244 402 3
1244 1198 1
1244 1247 160
1245 403 2
1245 1244 153
1246 404 1
1246 1205 1
1246 1245 146
1247 401 2
1247 1197 1
1247 1198 1
1247 1248 168
1248 400 2
1248 1197 1
1248 1249 176
1249 1194 1
1249 1196 1
1249 1250 185
1250 389 1
1250 1193 1
1250 1254 194
1251 1243 231
1252 1190 1
1252 1192 1
1252 1251 220
1253 391 1
1253 1191 1
1253 1252 211
1254 390 1
1254 1191 2
1254 1253 204
1257 911 534
1259 329 56
1259 339 1
1259 1260 97
1260 328 37
1260 1283 53
1261 613 6
1261 614 39
1261 1278 25
1262 613 46
1262 620 12
1262 1261 65
1262 1265 1
1263 836 29
1263 837 23
1263 1264 53
1264 827 26
1264 836 23
1265 327 34
1265 1266 13
1266 326 15
1268 1169 41
1268 1279 42
1269 993 25
1269 994 14
1269 1072 1
1269 1270 20
1270 949 8
1270 993 12
1271 719 19
1271 720 16
1271 1272 13
1272 719 12
1274 613 50
1274 1275 59
1274 1277 1
1275 613 5
1275 614 43
1276 719 19
1276 720 18
1276 1277 34
1277 718 15
1277 719 14
1278 614 8
1278 615 18
1279 1168 32
1279 1280 8
1280 1167 6
1280 1168 5
1281 836 1
1281 837 16
1281 1282 26
1282 836 17
1283 327 35
1283 337 2
1283 1284 13
1284 326 13
1284 330 1
1285 993 17
1285 994 8
1285 1286 8
1286 993 8
1287 432 4
1287 539 67
1288 422 2
1288 1287 71
1289 423 2
1289 424 1
1289 446 1
1289 1288 65
1290 424 2
1290 1289 64
1291 445 1
1291 462 2
1291 464 63
1292 445 1
1292 446 1
1292 471 2
1292 1291 57
1293 446 3
1293 472 2
1293 1292 51
1294 447 4
1294 448 1
1294 473 2
1294 1293 44
1295 448 2
1295 474 1
1295 1294 39
1296 449 3
1296 475 2
1296 1295 30
1297 450 3
1297 476 2
1297 1296 26
1298 451 3
1298 477 3
1298 1297 17
1299 452 4
1299 478 2
1299 1298 13
1300 425 2
1300 426 2
1300 448 2
1300 449 2
1300 1290 55
1301 426 1
1301 449 2
1301 450 1
1301 1300 51
1302 427 1
1302 428 2
1302 450 3
1302 451 1
1302 1301 39
1303 428 1
1303 429 1
1303 451 2
1303 452 1
1303 1302 29
1304 429 1
1304 430 2
1304 452 2
1304 453 2
1304 1303 18
