stripe 0.1811817248 0.53402685 0.05845143495 -1
stripe 0.497746105 0.2316577462 0.07621755458 1
stripe 0.2062378308 -0.5128525992 0.07834685291 -1
stripe -0.5156013854 -0.2060379485 0.06999943677 1
stripe -0.5457730927 0.01883396825 0.08023670013 1
stripe -0.5727095592 0.0687315762 0.02794225556 1
stripe -0.3780937654 0.4036669954 0.07624237984 -1
stripe -0.3586393619 0.4459183483 0.03680750433 1
stripe -0.2546849844 0.5052107808 0.05212966329 -1
stripe -0.2353612368 0.5023865911 0.07279522003 -1
stripe 0.07813499511 0.2142017127 0.2828528664 1
field -0.00431051144 -0.005345047607 0.2889137927 1
stripe -0.004153185795 -0.007871939451 0.288849604 -1
field -0.004153185795 -0.007871939451 0.288849604 1
field -0.006478763321 -0.008541325417 0.2887827419 1
field -0.007331085973 -0.007250477143 0.2888023475 1
field -0.007025745116 -0.005800847013 0.288846178 1
field -0.005768947536 -0.005069919241 0.2888921195 1
stripe 0.1868745151 0.1044567499 0.2761060093 -1
stripe 0.2162215133 0.1209578682 0.2615601051 1
stripe 0.2270276817 0.1258753566 0.2532004177 -1
stripe 0.2118690604 -0.0002273384015 0.2916184031 -1
stripe 0.5218717406 -0.0116676216 0.1099363253 -1
stripe 0.5638759583 -0.04908045102 0.04528369103 1
stripe 0.2582909275 -0.001228796551 0.2628026611 1
stripe 0.3639916585 -0.3784937399 0.1091110351 1
stripe 0.1731826247 -0.2251841038 0.2333642458 -1
stripe 0.1812640242 -0.1965535134 0.2537998135 1
stripe 0.2139295092 -0.4978086749 0.09361210155 1
stripe 0.1077958373 -0.2466439331 0.250873431 -1
stripe 0.1021479859 -0.2230650895 0.2653401693 -1
stripe -0.08628286902 -0.2442779935 0.2549560318 1
stripe -0.0916011051 -0.2578078359 0.2456787377 -1
stripe -0.429637478 -0.3668111035 0.04777192103 -1
stripe -0.2460541638 -0.1094015886 0.2520561467 1
field -0.2673332434 -0.1792173236 0.207846811 1
stripe -0.2225544859 -0.1088284074 0.2631093505 -1
stripe -0.5456537753 -0.002507551961 0.08549099912 1
stripe -0.2727114462 0.01831125101 0.2451674305 1
stripe -0.239356036 0.09151843439 0.262152561 -1
stripe -0.2532577276 0.09118996685 0.2522226023 -1
stripe -0.1835334034 0.1963641178 0.2539292661 1
field -0.1795391965 0.2597214576 0.2153672815 1
stripe -0.1781294519 0.2606028265 0.2154175857 1
field -0.1781294519 0.2606028265 0.2154175857 1
stripe -0.1071753462 0.2314819215 0.2654721048 -1
stripe -0.116028105 0.2449183849 0.2527753736 -1
stripe -0.2232711707 0.5151349282 0.06770098566 -1
stripe -0.5487011398 0.1622657062 0.03511187217 1
stripe -0.3620130569 0.3646667202 0.1291639823 1
stripe -0.4047265208 -0.3774964182 0.06927838813 -1
stripe -0.3915132328 -0.3888516358 0.07398320812 1
stripe -0.02350876484 -0.2524274476 0.2566426322 1
stripe 0.07816264421 0.2797707213 0.2328820719 -1
stripe -0.1486065351 0.2475118805 0.2321128895 -1
stripe 0.2326465255 0.4994553284 0.09256917626 1
stripe 0.5328161791 -0.1811737747 0.05638485192 1
stripe -0.4779845209 0.1910215417 0.1231147543 -1
stripe -0.4956533313 -0.2266071498 0.08042594822 1
stripe -0.507057488 0.2195884899 0.08007911531 -1
stripe 0.3677050136 0.346658485 0.1404639323 -1
stripe 0.549178994 -0.1608956766 0.03553157424 -1
stripe 0.08553847081 0.2418656908 0.2643105512 1
stripe 0.09237424082 0.2447477709 0.2606702826 1
field 0.2607040859 0.1729624405 0.2189871371 1
stripe 0.1933859255 0.1880013104 0.2556197044 -1
stripe 0.2429370104 -0.0002567588818 0.2752511861 1
stripe -0.1930942793 -0.1744759897 0.2539087233 1
stripe -0.2016778911 -0.1872045876 0.2455684623 -1
stripe 0.2579962065 -0.08246323358 0.2472842358 -1
stripe 0.375694291 0.4043931228 0.09039211552 -1
stripe -0.01471659725 -0.5565280095 0.06752000703 -1
stripe 0.01620041389 0.5387068179 0.09762055302 -1
stripe 0.3683006664 -0.4425231467 0.03138286279 1
stripe 0.1868614688 0.4748249495 0.1362139881 1
stripe 0.4415358702 0.3618433699 0.04127794846 -1
stripe 0.1930019654 0.510665608 0.08894226902 1
stripe 0.2148530328 0.1718994587 0.2477015211 -1
stripe -0.0371227994 -0.2868911425 0.2279686555 1
stripe -0.2733243083 0.001284952566 0.2492131094 1
stripe 0.2607553505 -0.5039856993 0.04564983157 -1
stripe 0.2050812875 0.5228882606 0.06979373618 -1
stripe 0.164127307 0.5434901876 0.04685011076 1
stripe 0.5525783996 -0.02048458213 0.06985451359 1
stripe 0.5604284021 -0.005329241398 0.06472289919 1
stripe 0.5001010063 0.2643657333 0.04585185236 1
stripe 0.4127340006 0.3792940775 0.06749404191 -1
stripe -0.4813615251 -0.197213538 0.1154752336 1
stripe -0.3782066069 0.3908580678 0.09112009778 1
stripe -0.2789974486 0.5062483574 0.0285106798 1
stripe -0.04494575295 -0.5667108794 0.04432601862 1
field -0.2665252378 -0.1804659037 0.2078290256 1
stripe -0.1855598002 0.2121775961 0.2401311171 -1
field 0.174205454 -0.2660117767 0.2115884613 1
stripe -0.2502311325 -0.1349264678 0.2340687539 -1
stripe 0.1879576457 0.1777345585 0.2640628759 -1
stripe -0.2439316449 0.01540519911 0.263713127 -1
stripe 0.4073495915 -0.3798509141 0.07066592202 1
stripe 0.04746810091 0.5640072102 0.05157098562 1
stripe -0.3650486829 -0.3693072672 0.117256217 -1
stripe -0.002576870227 -0.558493223 0.06888842342 1
stripe 0.4761569382 0.2060630058 0.1175142247 1
stripe -0.1734582365 0.1787915366 0.2699662471 1
stripe 0.007690842224 0.5115397274 0.1324535789 -1
stripe 0.0682882398 0.5788151473 0.02209134804 -1
stripe 0.02447666709 0.5564259477 0.07078699069 1
stripe -0.532008818 0.1799457924 0.05623870956 1
field 0.261563976 0.1717802665 0.2189553662 1
field -0.3137396574 0.05917638664 0.2109232086 1
stripe -0.5088543824 -0.2738008276 0.02793098369 1
stripe -0.5152127432 0.1996329843 0.07654978862 1
stripe 0.01210540397 0.2518104861 0.2685264827 1
stripe 0.001247553543 0.2333341433 0.2807437957 -1
stripe -0.1913354744 -0.5211963008 0.0647399382 1
stripe -0.203794074 -0.5005759168 0.09074182064 1
stripe -0.3676793377 0.4209307419 0.06249468184 -1
stripe 0.01829097167 -0.5275490259 0.1130462849 -1
stripe -0.5062294938 -0.2404294126 0.05712290162 1
stripe 0.5095670974 -0.2052999207 0.08254172188 -1
stripe 0.4798622814 -0.2005809993 0.1203439065 -1
stripe 0.2320747509 -0.5078059479 0.06610403489 1
stripe -0.560605526 0.04121203658 0.05456082538 -1
stripe 0.2036080525 -0.4664646828 0.1308611558 1
stripe -0.1077722966 0.1993752019 0.275711062 1
stripe 0.3975659429 0.3722033103 0.09322148577 1
stripe 0.1737613855 0.1377167618 0.276800507 1
stripe 0.2204230105 -0.07367271185 0.2710650172 -1
stripe 0.2457449774 -0.1006055979 0.2554385619 -1
stripe 0.5094885826 0.2325187881 0.06159748952 1
stripe -0.008968907455 -0.5275314872 0.1065522985 -1
stripe -0.5166692374 0.007866952413 0.1183767477 1
stripe 0.01366665785 0.2719217259 0.2502400969 1
stripe 0.3713899751 -0.422188942 0.05554522714 -1
stripe 0.384306599 -0.3974774579 0.07737562138 1
stripe -0.2075484743 0.5035871714 0.09529235292 1
stripe -0.2014647194 0.4751494763 0.1275136213 1
stripe -0.2714830898 0.08777682623 0.237538081 1
stripe -0.2016507375 -0.4823950852 0.1128471168 1
stripe 0.4206340207 0.3713483307 0.06452294058 1
field -0.06407904734 -0.3142690373 0.2082989502 1
stripe 0.5164611041 -0.1950027387 0.07527555075 -1
stripe -0.1778709714 -0.5353892122 0.04900148666 -1
stripe 0.0001835010478 0.5569929642 0.0762323096 1
stripe 0.1671562841 -0.1927930688 0.261031578 1
stripe 0.1162425953 0.5879713632 0.0006138744066 -1
field 0.1162425953 0.5879713632 0.0006138744066 1
stripe -0.003881470145 -0.2744835162 0.246455137 -1
stripe 0.05959236009 0.307084253 0.2189206143 1
field 0.05959236009 0.307084253 0.2189206143 1
field -0.06585573211 -0.3138524679 0.2083049448 1
field -0.005013575952 -0.008817382079 0.2888020935 1
stripe -0.003854596211 -0.006421381026 0.288895756 -1
field -0.003854596211 -0.006421381026 0.288895756 1
