0 2 253
1 0 260
2 3 247
3 4 241
4 5 239
5 313 228
6 1 268
7 8 165
8 9 149
9 10 131
10 11 111
11 12 98
12 13 82
13 20 63
14 15 169
14 314 40
15 16 213
16 17 206
17 18 198
18 19 193
19 7 182
20 21 86
22 23 473
22 24 112
23 24 472
24 25 581
25 26 582
26 27 582
27 28 578
28 29 578
29 30 576
30 335 573
31 32 639
32 34 490
32 37 149
33 31 639
34 37 488
35 33 639
36 35 644
37 38 316
37 39 323
38 39 314
39 357 638
40 36 182
40 41 473
41 36 470
42 43 396
43 44 655
43 48 149
44 45 583
44 48 60
45 47 446
45 48 133
46 42 401
46 43 99
47 48 440
48 49 779
49 368 772
50 51 844
51 52 836
52 53 599
52 55 229
53 55 600
54 50 569
55 56 831
56 57 830
57 43 321
57 46 504
58 384 723
58 386 128
59 58 857
60 59 865
61 60 495
62 60 86
62 61 499
63 62 207
64 60 290
64 62 382
64 63 213
65 68 137
66 65 143
66 68 607
67 66 761
67 68 154
68 391 674
68 392 223
69 67 617
70 67 54
70 69 626
71 70 448
72 70 187
72 71 452
73 67 256
73 70 56
73 72 643
74 73 958
75 74 959
76 75 348
77 412 930
78 77 915
79 78 909
80 79 469
81 79 238
81 80 469
82 81 612
83 79 56
83 81 95
83 82 611
84 79 146
84 83 763
85 84 209
86 94 660
87 86 651
87 94 45
87 434 304
88 87 988
89 88 861
90 88 111
90 89 854
91 90 962
92 91 619
93 91 341
93 92 622
94 433 669
94 434 45
95 429 319
95 700 194
95 710 455
96 95 961
97 96 398
98 96 444
98 97 209
98 99 185
99 97 187
100 96 107
100 98 837
101 100 619
102 101 532
103 102 352
104 100 152
104 101 81
104 102 174
104 103 355
105 106 286
105 107 80
106 107 283
107 108 583
108 109 718
108 113 146
109 110 464
109 111 71
109 112 93
109 113 89
110 111 468
111 112 539
112 113 634
113 114 882
114 115 831
114 118 55
115 116 562
115 118 273
116 117 456
116 118 109
117 118 460
118 119 407
118 120 493
119 120 405
120 121 520
120 122 372
121 122 329
121 750 185
122 123 567
122 438 314
123 438 567
124 125 480
124 126 194
125 126 484
126 127 797
127 128 922
128 129 375
128 130 545
129 130 190
129 674 189
130 131 732
130 448 126
130 450 66
131 450 103
131 452 617
132 124 604
133 124 65
133 126 111
133 127 122
133 132 596
134 133 221
135 133 308
135 134 222
136 135 422
137 133 371
137 135 108
137 136 425
138 137 656
139 151 218
140 139 196
141 139 25
141 140 201
141 147 40
141 151 105
142 141 380
142 147 56
143 142 299
144 142 140
144 143 300
144 147 145
144 149 315
145 144 637
146 145 569
147 149 552
148 147 124
149 150 404
149 152 261
149 153 209
150 152 409
151 147 192
151 148 125
152 153 678
153 154 734
153 459 154
154 459 204
154 480 536
155 156 170
156 157 385
156 158 190
157 158 382
158 159 679
158 161 42
159 160 296
159 161 381
160 161 296
161 162 525
161 163 373
162 163 533
163 164 418
163 475 499
164 475 71
164 695 357
165 166 161
165 666 67
166 167 230
167 169 226
168 165 237
169 170 222
170 684 218
171 168 250
172 171 264
173 174 567
174 175 556
175 176 546
176 177 539
177 178 531
178 179 520
179 180 511
180 181 500
181 182 490
182 183 483
183 184 477
184 185 474
185 186 469
186 187 468
187 188 468
188 189 462
189 190 455
190 191 450
191 192 448
192 519 447
193 194 717
194 195 732
195 196 743
196 197 738
197 198 730
198 199 522
198 200 196
199 200 504
200 201 682
201 527 663
202 203 451
203 204 634
204 205 624
205 206 616
206 207 257
206 208 346
207 208 253
208 528 405
208 529 182
209 526 558
210 209 550
211 210 544
212 211 537
213 212 530
214 213 422
215 213 99
215 214 426
216 217 515
217 218 724
218 219 276
218 221 323
218 222 336
219 221 274
220 216 519
220 217 214
220 218 50
221 222 591
222 223 923
223 236 916
224 220 704
225 226 740
225 227 242
226 227 729
227 228 372
227 229 593
228 229 367
229 230 229
229 231 337
229 232 397
230 231 228
231 232 563
232 233 971
233 234 699
233 579 99
233 602 184
234 235 283
234 602 421
235 602 289
236 237 403
236 238 81
236 239 426
237 238 399
238 239 475
239 240 632
239 241 261
240 241 631
241 242 894
242 243 704
242 244 188
243 244 705
244 572 894
245 247 473
245 640 8
245 657 14
245 733 94
246 245 426
246 651 116
247 249 509
247 645 42
248 246 407
248 737 75
249 293 576
250 248 449
251 248 16
251 250 440
252 248 10
252 251 448
252 737 10
253 255 282
253 258 170
254 253 453
254 258 71
255 258 282
256 254 525
256 258 85
256 262 349
257 256 391
258 262 610
259 256 568
259 257 392
260 259 959
261 260 754
261 639 198
262 263 854
262 625 102
263 625 402
263 626 451
264 225 847
265 264 520
266 264 195
266 265 530
267 225 143
267 264 142
267 266 733
268 267 483
269 267 542
269 268 483
270 269 621
271 269 398
271 270 618
272 271 1007
273 272 785
274 275 584
275 276 495
275 277 134
275 280 42
275 281 325
276 277 487
277 278 537
277 280 77
278 279 296
278 280 230
279 280 290
280 281 635
281 282 609
281 507 342
282 507 607
283 274 580
283 275 148
284 283 612
285 275 256
285 283 104
285 284 606
286 285 507
287 286 375
288 285 464
288 286 125
288 287 372
289 288 927
289 788 12
289 789 14
290 289 951
290 631 22
290 671 28
291 290 989
292 291 486
293 627 276
293 646 19
293 658 272
293 702 8
293 765 6
293 766 37
294 295 149
295 297 312
295 299 289
295 300 344
296 294 149
296 295 421
297 299 311
298 296 284
299 300 593
300 492 930
301 295 90
301 296 281
301 298 286
302 301 197
303 304 290
304 305 351
304 307 612
305 306 207
305 307 145
306 307 208
307 308 734
307 310 35
307 493 24
307 751 159
308 309 241
308 310 647
309 310 242
310 311 681
310 312 158
310 493 79
311 312 679
312 493 270
312 508 561
313 14 218
314 15 46
315 316 299
316 317 286
317 6 273
318 315 317
319 318 333
320 319 351
321 322 338
322 323 320
323 324 308
324 325 292
325 172 280
326 344 398
327 326 402
328 327 396
329 328 399
330 329 413
331 330 431
332 331 452
333 332 473
334 333 489
335 336 574
336 337 573
337 338 574
338 339 573
339 340 574
340 341 573
341 342 574
342 659 575
343 320 371
344 343 386
345 334 509
346 345 530
347 346 538
348 347 539
349 348 539
350 349 543
351 350 551
352 351 557
353 22 589
354 353 598
355 354 608
356 355 616
357 358 638
358 359 638
359 360 637
360 375 638
361 362 457
362 363 650
363 364 648
364 365 501
364 366 149
365 366 502
366 40 654
367 361 461
367 362 196
368 369 764
369 370 338
369 371 122
369 741 288
370 371 400
370 740 202
371 372 449
371 373 243
372 373 437
373 374 381
373 701 289
374 367 660
375 356 425
375 376 206
376 356 195
377 50 280
377 54 575
378 377 868
379 378 876
380 379 884
381 380 477
381 394 417
382 381 321
382 393 572
383 382 750
384 385 639
384 386 76
385 386 640
386 387 846
387 388 569
387 389 282
388 389 567
389 390 853
390 399 858
391 392 391
391 739 282
392 64 540
392 400 354
393 381 574
394 380 415
395 383 539
396 382 141
396 383 211
396 395 538
397 396 885
398 397 873
399 398 863
400 64 353
401 75 607
401 76 347
402 401 949
403 402 939
404 403 319
404 407 614
405 404 934
406 405 397
406 413 547
407 403 611
408 406 952
409 408 403
409 424 457
410 408 106
410 409 864
411 410 309
411 423 649
412 411 330
412 422 612
413 405 537
414 84 103
414 415 807
415 84 598
415 85 207
416 414 536
416 425 380
417 416 921
418 417 593
419 418 530
420 417 82
420 418 61
420 419 532
421 417 246
421 420 685
422 411 615
423 410 655
424 408 452
425 414 380
426 421 173
426 446 772
427 426 387
427 437 339
427 445 118
427 753 135
428 427 242
428 435 747
429 430 982
430 431 735
430 432 245
431 432 739
432 93 169
432 436 814
433 434 185
433 444 482
434 428 1001
435 427 740
436 93 221
436 707 584
437 445 458
438 439 594
438 694 290
439 440 284
439 441 121
439 442 292
439 759 187
440 441 478
441 442 604
442 443 689
442 447 222
443 447 689
444 434 472
445 426 571
446 421 480
446 693 282
447 100 159
447 104 760
448 108 104
448 449 210
448 453 38
448 454 85
448 675 447
449 105 374
449 107 221
449 108 158
450 448 765
451 137 42
451 138 656
452 450 604
453 449 546
454 453 369
454 755 147
455 456 583
456 458 495
456 461 133
456 482 299
457 455 582
457 456 223
458 462 915
459 456 113
459 457 432
459 483 367
460 459 496
461 458 263
461 768 161
462 463 261
462 464 73
462 661 84
462 662 497
463 464 845
464 466 556
464 663 359
465 144 274
465 145 87
465 146 582
466 137 195
466 451 71
466 732 347
466 754 297
467 465 960
468 467 883
469 467 71
469 468 203
469 474 647
470 469 918
471 470 681
471 770 119
472 470 112
472 471 542
472 696 268
473 472 132
473 478 644
474 468 194
474 479 460
475 476 931
476 472 149
476 473 780
477 155 169
477 156 410
477 158 47
478 472 642
479 468 203
479 481 264
480 459 46
480 460 493
481 468 267
482 461 296
483 457 372
484 496 583
484 497 245
485 484 812
485 497 11
486 485 776
486 497 8
487 486 743
488 486 9
488 487 706
488 497 9
488 631 1
489 488 639
489 629 27
490 489 624
490 629 8
490 630 20
490 631 13
491 495 437
491 510 472
492 491 920
493 295 143
493 494 32
493 500 396
493 512 358
494 295 140
494 301 455
494 302 198
495 158 95
495 161 169
495 477 278
495 511 350
496 497 596
497 290 12
497 291 411
497 292 474
497 631 2
498 494 700
499 498 661
500 494 46
500 498 41
500 499 173
500 509 491
501 303 193
501 304 454
501 672 96
502 501 715
503 502 678
504 304 227
504 501 27
504 502 36
504 503 341
504 673 336
505 504 975
506 505 834
506 752 134
507 506 508
507 742 447
508 493 145
508 513 415
509 499 492
510 495 467
511 477 350
512 500 359
513 493 413
514 515 423
515 516 412
516 517 394
517 518 374
518 321 356
519 520 446
520 521 437
521 514 429
522 550 575
523 522 575
524 523 574
525 524 573
526 525 568
527 202 457
527 203 194
528 529 399
529 535 573
530 215 534
531 530 540
532 531 548
533 532 556
534 533 562
535 534 567
536 537 415
536 552 294
537 538 702
538 539 244
538 543 238
538 551 218
539 541 703
540 536 588
541 193 131
541 542 575
542 193 577
543 539 457
544 536 134
544 540 599
545 544 193
545 546 570
546 544 559
547 545 778
548 547 794
549 173 572
550 549 574
551 543 218
552 537 140
552 763 145
553 560 848
554 553 841
555 554 837
556 555 835
557 556 251
557 567 79
557 578 523
558 557 868
559 558 766
560 561 851
561 562 717
561 563 130
562 563 713
563 564 242
563 577 154
563 665 452
564 565 841
565 566 838
566 573 829
567 556 588
568 558 105
568 559 773
569 568 620
570 568 271
570 569 623
571 570 740
572 570 153
572 571 738
573 574 402
573 576 419
574 548 251
574 575 561
575 548 556
576 574 417
577 564 600
578 567 515
579 580 192
579 600 823
580 581 386
580 601 647
581 582 297
581 603 736
582 583 1019
583 584 1018
584 596 312
584 597 705
585 218 165
585 220 88
585 224 699
586 585 949
587 586 939
588 587 641
589 587 285
589 588 634
590 589 911
591 590 595
592 598 932
593 592 423
594 592 526
594 593 233
594 758 215
595 594 380
596 594 614
596 595 392
597 596 699
598 590 313
598 591 601
599 580 533
600 580 299
600 599 528
601 581 647
602 579 903
603 582 726
604 272 127
604 273 85
604 616 684
605 272 78
605 604 894
606 605 965
607 608 149
607 620 615
608 609 784
609 610 185
609 611 218
609 618 525
610 611 81
610 613 632
611 612 266
611 614 515
611 726 162
612 606 297
612 615 653
613 611 285
613 619 351
614 612 682
615 606 657
616 273 691
617 608 570
618 610 527
619 611 352
620 608 34
620 617 572
621 607 771
621 608 24
621 609 132
622 621 615
622 727 222
622 731 96
623 622 941
624 623 624
625 623 326
625 624 629
626 625 450
627 628 683
627 634 4
627 636 5
627 637 12
627 638 31
628 261 749
628 632 3
628 633 9
628 640 52
628 668 34
629 488 37
629 631 11
630 489 24
630 629 1
631 632 165
632 633 164
632 670 16
633 261 193
634 628 24
634 642 248
635 634 150
636 634 8
636 635 43
637 635 64
637 636 25
638 636 6
638 637 31
639 260 196
640 631 27
640 632 12
640 657 329
640 767 37
641 628 25
641 669 28
642 628 31
642 640 202
642 641 47
643 247 6
643 640 8
643 644 75
643 645 11
644 247 39
644 645 47
645 249 5
645 293 11
645 640 12
645 646 44
645 784 33
646 640 7
646 647 39
646 648 10
646 649 58
646 704 5
646 764 7
647 634 76
647 635 7
647 640 18
647 642 14
647 756 45
648 647 50
648 764 33
649 648 55
649 764 7
650 646 51
650 704 5
651 245 10
651 657 27
651 736 108
652 651 8
652 653 320
652 654 130
652 657 17
653 246 4
653 252 332
653 737 7
653 738 126
654 653 134
655 652 131
655 657 7
656 655 104
656 657 121
657 490 567
657 769 18
658 627 280
659 660 571
660 352 564
661 463 584
662 661 499
663 466 187
663 664 177
664 466 178
665 577 451
666 166 72
667 640 45
668 640 13
668 667 31
669 628 37
670 633 18
671 631 26
672 303 96
673 503 336
674 130 191
675 454 439
676 728 116
677 676 129
678 677 147
679 678 165
680 679 182
681 680 195
682 681 204
683 682 208
684 683 213
685 686 94
685 692 40
686 688 29
686 692 82
687 685 24
687 689 44
688 690 146
688 760 63
689 685 56
690 291 49
690 691 54
690 760 57
691 291 15
691 292 8
691 484 2
691 485 6
691 496 5
691 497 8
691 761 86
691 780 68
692 688 157
693 421 282
694 439 288
695 475 359
696 471 87
696 771 174
697 656 9
698 656 41
698 697 5
698 782 35
699 451 393
699 762 216
700 429 330
700 709 328
701 374 284
702 627 149
703 637 4
703 702 85
703 705 30
704 637 5
704 703 73
704 706 9
705 627 8
705 637 5
705 702 24
706 703 11
707 93 361
707 708 211
708 93 208
709 429 327
710 700 457
711 685 12
711 687 8
711 713 46
712 711 44
713 685 16
713 687 45
714 490 5
714 715 214
714 717 37
715 718 234
715 720 36
716 488 8
716 489 6
716 490 7
716 714 42
717 490 4
717 719 29
717 720 8
718 721 30
718 722 251
719 715 26
719 720 5
720 490 17
720 656 3
720 657 7
720 718 23
720 721 4
721 656 7
721 778 37
722 656 4
722 723 315
723 656 6
723 725 282
723 776 41
724 652 308
724 773 34
725 656 5
725 698 6
725 724 293
725 775 37
726 614 162
727 731 222
728 729 99
729 730 81
730 20 66
731 621 319
732 451 25
732 699 617
733 247 4
733 640 8
733 643 90
734 245 101
735 245 14
735 657 11
735 734 85
736 245 7
736 657 10
736 735 103
737 246 111
738 252 125
739 392 281
740 371 191
741 370 275
742 506 451
743 487 8
743 488 4
743 781 4
743 787 44
744 487 7
744 743 58
744 781 3
745 486 7
745 487 8
745 744 62
745 781 7
746 486 2
746 745 75
747 745 2
747 746 43
747 749 129
747 781 9
748 485 5
748 486 8
748 745 1
748 746 20
748 747 179
749 714 201
749 716 39
750 122 178
751 308 160
752 505 134
753 437 129
754 732 300
755 453 146
756 635 7
756 704 29
756 757 29
757 635 5
757 637 8
757 704 22
758 593 205
759 440 188
760 691 146
761 485 2
761 748 107
761 779 75
762 451 214
763 537 141
764 647 57
764 704 7
764 756 8
765 646 11
765 650 42
765 703 1
765 704 3
766 702 1
766 703 4
766 765 41
767 490 6
767 631 4
767 657 35
768 458 155
769 490 27
770 470 119
771 471 169
772 656 2
772 698 51
773 652 6
773 655 6
773 656 3
773 772 38
774 724 27
774 772 3
774 773 8
775 698 5
775 774 36
776 656 5
776 725 44
777 488 7
777 716 17
777 749 38
778 656 4
778 722 41
779 485 8
779 748 78
780 485 5
780 761 72
781 488 1
781 749 51
781 777 47
782 656 1
782 697 4
782 783 38
783 656 10
783 786 40
784 249 28
784 293 13
785 656 60
786 656 7
786 785 45
787 488 5
787 781 47
788 288 25
789 788 13
