stripe -0.4287538529 0.3079907422 0.06643565713 1
stripe 0.1459525193 0.4931867123 0.06844896513 -1
stripe 0.1295174559 0.4816511199 0.07881742406 -1
stripe -0.2357014771 -0.3249915658 0.1282794252 -1
stripe -0.2833043802 -0.2803553877 0.1447038505 -1
stripe -0.3135756968 -0.2696041688 0.1413695474 1
stripe -0.331085433 -0.3484105877 0.09828406805 1
stripe -0.3286743313 -0.1291481828 0.1752003158 -1
stripe -0.4119431675 -0.1662967205 0.1333675031 -1
stripe -0.5223303747 -0.05492102952 0.08042394013 1
stripe -0.2383108313 -0.1685359407 0.1730535325 1
stripe -0.2417635403 -0.09098882989 0.1852410199 -1
stripe -0.3220837713 -0.02570190393 0.1857729026 -1
stripe -0.3705297311 -0.002119708166 0.1722059206 1
stripe -0.3984780324 0.061617536 0.1593432302 -1
stripe -0.2327645949 0.1168732351 0.1962401357 -1
stripe -0.2958356086 0.1051335553 0.1881060178 -1
stripe -0.1910111087 0.2240568564 0.1838847861 -1
stripe -0.151023288 0.1575836111 0.1940895719 1
stripe -0.2083594085 0.1492609734 0.1951402584 1
stripe -0.1608704422 0.2666069241 0.1769318721 1
stripe -0.2351226347 0.1877660556 0.1882517772 1
stripe -0.2385668854 0.2070720419 0.1836557748 1
stripe -0.2106821466 0.2742942292 0.1681284141 1
stripe -0.2873644221 0.2411059538 0.1655711078 1
stripe -0.1399262631 0.3767171986 0.1387108068 -1
stripe -0.3066599319 0.2936603253 0.1410562172 -1
stripe -0.07864193587 0.1542746719 0.1914641404 -1
stripe -0.1135156242 0.1724933339 0.1931478226 1
stripe -0.04812929282 0.2854732523 0.1735547806 1
stripe -0.1071302126 0.2952214498 0.1709324689 -1
stripe 0.02974656872 0.2150558823 0.1866870078 -1
stripe 0.003123182241 0.2638604119 0.178323977 -1
stripe 0.002298567793 0.2392157484 0.1828412553 -1
stripe 0.06719083875 0.3761677121 0.1413796957 1
stripe 0.02083805914 0.4412302592 0.1116333312 -1
stripe 0.1961034294 0.4446414206 0.09585917461 1
stripe 0.2550459373 -0.3079471836 0.1347283078 -1
stripe 0.3081821961 -0.2564102989 0.1470406515 -1
stripe 0.2379371871 -0.1797653272 0.170879405 1
stripe 0.3145198592 -0.1298450618 0.1775837146 -1
stripe 0.3102649661 -0.1489237212 0.1745297453 1
stripe 0.4356385544 0.1078777104 0.1348761686 1
stripe 0.2201221768 0.02645978952 0.1960510789 1
stripe 0.2319712893 0.0958345759 0.1962953524 1
stripe 0.4125746501 0.2006450783 0.1234811616 1
stripe 0.3935114418 0.1255479348 0.1555108047 1
stripe 0.1193703677 0.1315852419 0.1931603359 -1
stripe 0.1389160814 0.1260196859 0.1944980423 -1
stripe 0.1282675935 0.1147338367 0.1930940806 -1
stripe 0.1330438845 0.1229872958 0.1938743048 1
stripe 0.1299764413 0.1193608067 0.1934521698 -1
stripe 0.1935714079 0.1596234953 0.1940436528 1
stripe 0.2040734735 0.1692532552 0.1925955039 1
stripe 0.2088011376 0.1662128195 0.1929320203 -1
stripe 0.1902304726 0.186919339 0.1904357175 -1
stripe 0.1989924365 0.1687107636 0.1927444596 -1
stripe 0.1924577628 0.1687221098 0.1928410077 -1
stripe 0.1804741581 0.1439816772 0.1955138808 -1
stripe 0.183313994 0.1426842039 0.1956826477 1
stripe 0.1802558762 0.150588225 0.1951095983 1
stripe 0.1735928499 0.1406188126 0.1954962462 -1
stripe 0.2432981093 0.2501471217 0.1708165755 -1
stripe 0.2219806832 0.254432161 0.1726336221 1
stripe 0.2325708742 0.2358586422 0.1767454728 1
stripe 0.2298354205 0.243108221 0.1749356783 1
stripe 0.2283700205 0.2496287872 0.1731620791 1
stripe 0.2371041185 0.2491589418 0.1720255225 -1
stripe 0.1205521412 0.2806514489 0.1752188895 -1
stripe 0.25626408 0.3177890045 0.1428281677 -1
stripe 0.2573098397 0.3155166854 0.143572775 -1
stripe 0.2615414659 0.3186631215 0.1411525992 -1
stripe -0.1110890419 0.4969561392 0.06996616178 -1
stripe -0.1384415182 0.4095968337 0.1221628827 -1
stripe -0.3720753162 0.1243812951 0.1645222344 1
stripe 0.327556373 0.1653723481 0.1702728532 1
stripe 0.2742858752 -0.2260635098 0.1590151293 1
stripe 0.1080444762 -0.546096166 0.02531280578 -1
stripe -0.2022661467 0.08617484073 0.1974719279 -1
stripe -0.2315256493 0.003919864781 0.1952787041 1
stripe 0.03370401473 0.2903713429 0.1722137558 -1
stripe 0.03914732276 0.2621395172 0.1789080801 -1
stripe -0.2784117913 -0.08848970136 0.1860430082 -1
stripe 0.2435048918 -0.07688880029 0.1872900072 -1
stripe -0.03477838787 0.1745952775 0.1895807134 -1
stripe -0.0709258401 0.2101640378 0.188291071 1
stripe 0.1495338362 0.1569292272 0.1942511859 -1
stripe 0.159523529 0.175191946 0.1926595137 -1
stripe 0.1559026418 0.1631871328 0.1937471551 1
stripe 0.1616679663 0.1674442363 0.1934243978 -1
stripe -0.2339752906 -0.1264179944 0.1807127694 1
stripe 0.1120455447 0.09508902579 0.1916008874 -1
stripe 0.110945683 0.08423407655 0.1906345499 -1
stripe -0.2260329077 0.0362960891 0.1965435296 1
stripe 0.1818278686 0.5306624609 0.03304699312 1
stripe 0.3245221644 0.496487258 0.008116340459 -1
stripe 0.3327461326 0.4932660684 0.00730173899 -1
stripe 0.3121402071 0.4945925716 0.01260191323 -1
stripe 0.4871473573 0.2315721906 0.06040790724 -1
stripe -0.4553358722 0.1497102991 0.116157641 -1
stripe -0.04851947794 0.5187225864 0.06070420821 -1
stripe 0.2621858281 0.3372123639 0.1319999589 1
stripe 0.2571142043 0.3343607386 0.1348413763 -1
stripe 0.2675682294 0.3413654076 0.1284621799 1
stripe 0.2770568604 0.3504561776 0.1214052787 1
stripe 0.4362390277 -0.2594323798 0.09107965852 -1
stripe 0.0311391647 0.1520071085 0.1905744408 1
stripe 0.06921855779 0.3430114165 0.1549655416 -1
stripe -0.2830057988 0.2064723574 0.1759274996 1
stripe -0.346476535 -0.1574811283 0.1638119302 1
stripe 0.1337535904 0.2996670002 0.1702290851 1
stripe 0.2960680065 0.1546307489 0.1815838156 1
stripe -0.103033852 0.3128177157 0.1654583722 1
stripe 0.1942058537 0.1540208065 0.19460575 1
stripe 0.1956234978 0.1385792329 0.1960905948 -1
stripe 0.1901558305 0.1422480795 0.1958345929 1
stripe 0.2119468941 0.1962212259 0.1879913866 1
stripe 0.2046901161 0.1947971517 0.1885713696 -1
stripe 0.1962362683 0.1885581752 0.1900014098 1
stripe 0.1964275179 0.1924123633 0.1893574713 1
stripe 0.2101512893 0.1889988724 0.1892664725 -1
stripe 0.2091702552 0.178883045 0.190979378 -1
stripe 0.07464926644 0.248601038 0.1824288955 1
stripe 0.1101365839 0.2407152678 0.1845084264 1
stripe -0.07076016496 0.1835005402 0.1910121996 -1
stripe -0.2451005532 0.2796616461 0.1605120658 -1
stripe 0.3600939208 0.4800104554 0.004437604957 -1
stripe 0.3375806982 0.4970538709 0.004034186325 1
stripe 0.3524045466 0.4788150731 0.007664954018 1
stripe 0.3244287285 0.3888989091 0.08201440424 -1
stripe 0.3285858861 0.3936049454 0.07718237396 -1
stripe 0.3023467107 0.3912430368 0.09005368035 -1
stripe 0.3015800907 0.3890081141 0.09182613017 1
stripe 0.3064248649 0.3858343549 0.09177690837 1
stripe 0.3168020298 0.371607041 0.09646127326 -1
stripe 0.3191018899 0.3783118091 0.09114392381 -1
stripe 0.3202715709 0.3841928728 0.08684643451 1
stripe 0.3880356383 -0.07951636768 0.1649738851 -1
stripe 0.3804963678 -0.0530672598 0.1680746196 1
stripe 0.4026610435 0.2466193152 0.1116317253 -1
stripe -0.09667552509 0.4104036378 0.124098906 -1
stripe -3.439407254e-05 0.4659055887 0.09882715422 1
stripe 0.3835188299 -0.2109583824 0.1360785278 1
stripe 0.2825306269 0.09021968332 0.1916821378 -1
stripe 0.334983799 0.09952285591 0.1798824786 -1
stripe 0.1755729268 0.03301085648 0.1920858395 1
stripe 0.2793058629 0.2659505904 0.15975201 -1
stripe 0.2770637752 0.2607434541 0.1621370579 1
stripe -0.2482955816 -0.2335112753 0.1572519491 1
stripe -0.07685796683 0.2970268267 0.1705283016 -1
stripe -0.06557307345 0.2764667707 0.1759460342 -1
stripe 0.2690491788 0.04294501555 0.1957817673 1
stripe 0.03612520825 0.2350768534 0.1838109915 1
stripe 0.2917976373 -0.1898944499 0.1670166301 -1
stripe -0.2009632143 -0.3691520635 0.1093842929 -1
stripe -0.1324126152 0.2568334192 0.1807378723 1
stripe -0.1388157913 0.2704068105 0.1776951241 1
stripe -0.3980099062 0.2502689436 0.1129480352 1
stripe -0.5497655893 -0.01453807031 0.05740556912 -1
stripe -0.4198263722 -0.03531650516 0.1522154119 1
stripe -0.09616322022 0.4547063417 0.09885779318 -1
stripe -0.3740496735 -0.3796105708 0.05998367785 -1
stripe 0.1262441777 0.4299558749 0.1115716714 1
stripe -0.3196895644 -0.06658913358 0.1834752823 1
stripe 0.1364494351 0.2215145808 0.1873869902 1
stripe 0.1713205867 0.2880413153 0.1696226143 1
stripe 0.2735338838 0.2548852951 0.164912777 1
stripe 0.2635231198 0.2391291155 0.1712343255 -1
stripe 0.2706736655 0.2503835295 0.1667189337 -1
stripe 0.2665256436 0.2452307412 0.1689157616 1
stripe 0.1889343386 0.07358436426 0.1974218252 -1
stripe 0.1994717618 0.08454936184 0.1974034502 1
stripe 0.3118733354 0.4309614344 0.05758244032 1
stripe 0.3084717449 0.4354635955 0.05588947632 -1
stripe 0.3206255492 0.4401816924 0.04649324459 1
stripe 0.315849632 0.449601338 0.04181593936 -1
stripe 0.3117853254 0.4509968485 0.04275072552 -1
stripe 0.3118048831 0.4465445342 0.04604666215 1
stripe 0.310479451 0.440331233 0.05130216246 1
stripe 0.3124969359 0.4429727135 0.04836281692 -1
stripe -0.2405556894 0.3642521209 0.1260579058 1
stripe -0.1902507361 0.3547202852 0.1426634866 -1
stripe 0.2413764195 -0.2567662808 0.1505230538 -1
stripe 0.2401381837 -0.2308690011 0.1579597928 1
stripe 0.4947630465 -0.03764875117 0.1058185448 -1
stripe -0.1713690097 0.3004938215 0.1657581801 1
stripe -0.06963522577 0.2397108901 0.1835336036 -1
stripe -0.3572670513 0.2703721185 0.1280523501 1
stripe 0.2730952365 0.1246437766 0.1901038227 -1
stripe 0.2669719892 0.1865275546 0.1832952254 1
stripe 0.3022493279 -0.01198333418 0.1904849596 1
stripe 0.3112051475 -0.03047311665 0.1872669012 -1
stripe -0.1842572031 0.116087153 0.1970324264 -1
stripe 0.2251933205 -0.1393762616 0.1762588089 1
stripe -0.3292584618 -0.1675899696 0.1655567729 1
stripe 0.2029224013 -0.009068412241 0.1915207695 -1
stripe -0.1866734487 0.2546888136 0.1772081014 1
stripe 0.02441136959 0.5272109856 0.05689702571 1
stripe -0.2171638092 0.4797608145 0.06522953666 -1
stripe -0.2877877764 0.4373477685 0.06428393039 1
stripe -0.2397006912 0.3159982127 0.1472591615 1
stripe -0.09979631719 0.3809580369 0.1385492422 1
stripe 0.2175223703 0.3968980648 0.1158210069 1
stripe -0.3775258108 0.150411902 0.1555789669 1
stripe 0.437019828 0.2702081626 0.07945928847 1
stripe 0.3143436313 0.4656223649 0.03054250528 -1
stripe 0.3120944649 0.4693461949 0.02890117718 1
stripe 0.3228423595 0.4664709115 0.02572062503 -1
stripe 0.3050979972 0.4883896181 0.01828359657 1
stripe 0.3059722036 0.4832123747 0.0216775041 1
stripe 0.3105950207 0.4718287482 0.02780695845 1
stripe 0.3082836122 0.4775205614 0.02474223128 1
stripe -0.2607233295 0.1572376496 0.1890433657 1
stripe 0.3331694423 -0.07147648441 0.1807507941 1
stripe -0.311831943 0.06615441844 0.1897399767 -1
stripe 0.3985631776 0.2858899546 0.09876802876 1
stripe 0.04225049942 0.3402480402 0.1566450497 1
stripe 0.2756340262 0.1434830958 0.1873440426 1
stripe -0.3191434518 0.03861299685 0.1889212368 -1
stripe 0.273084281 -0.07415348648 0.1880813297 1
stripe 0.301778807 0.2157479382 0.1682404479 1
stripe -0.3186348043 -0.05930158651 0.1841189011 -1
stripe -0.2880065199 -0.06939750824 0.1883039282 1
stripe 0.09146069215 0.280845002 0.174924431 -1
stripe 0.08551576431 0.261946328 0.1796073408 1
stripe 0.3390903374 0.2280066622 0.1503696525 -1
stripe 0.331618617 0.2390780101 0.150455839 -1
stripe 0.3018196908 -0.2127112411 0.1598751244 -1
stripe 0.2018770128 0.2224402248 0.1835789848 -1
stripe 0.2012101523 0.2129248011 0.1853741063 1
stripe 0.202262219 0.217462594 0.1844861033 1
stripe 0.1994208116 0.195248321 0.1887327907 -1
stripe 0.1990356054 0.2002259518 0.1878256723 -1
stripe 0.2000876721 0.2047637447 0.1869376692 1
stripe 0.2011397388 0.2093015375 0.1860496662 -1
stripe 0.2838240241 0.06428129164 0.1932692537 -1
stripe 0.3503631105 0.462231841 0.01677557772 1
stripe 0.3518050437 0.4716206677 0.01138698348 1
stripe -0.2050883779 0.4272804552 0.1028250454 -1
stripe 0.07148447447 0.5317120031 0.04776279845 1
stripe -0.4202415496 0.02783892117 0.1492154452 -1
stripe -0.1297497318 0.5272358283 0.04363558845 -1
stripe 0.1436178833 0.454197508 0.09541880991 -1
stripe 0.4063891812 -0.25089185 0.1141044274 1
stripe -0.5025617468 0.1323530081 0.0804035766 -1
stripe -0.1305384884 0.2397536387 0.184121415 -1
stripe -0.1404892362 0.2318669794 0.1851374581 -1
stripe -0.1215585976 0.2156528017 0.188584242 1
stripe -0.3201804086 0.09086710851 0.1852335023 1
stripe -0.3440558686 0.08118956334 0.1801680481 -1
stripe 0.2179480176 0.2638126488 0.1703458124 1
stripe 0.2214958873 0.2738772991 0.1666195265 -1
stripe 0.2337294938 0.2863976893 0.1608258743 -1
stripe 0.2288088929 0.2827914295 0.1627015152 1
stripe 0.2326826621 0.2760333245 0.1642770699 1
stripe 0.2264164882 0.2774835589 0.1647438857 -1
stripe 0.2132564026 0.2280770065 0.1810238936 1
stripe 0.2278509078 0.215010656 0.1827608602 -1
stripe 0.227905574 0.2095880369 0.1841384822 1
stripe 0.2214312752 0.2141902773 0.1836726352 -1
stripe 0.2236258189 0.2090411177 0.1847463322 -1
stripe 0.2645098654 0.2968484666 0.1500155509 -1
stripe 0.2613725861 0.3036654237 0.147781729 -1
stripe 0.2592810666 0.3082100618 0.1462925144 -1
stripe 0.257189547 0.3127546999 0.1448032999 -1
stripe 0.2561437872 0.315027019 0.1440586925 1
stripe 0.2473298448 0.3127012476 0.1470452795 1
stripe 0.2525469313 0.3162341285 0.14434759 -1
stripe 0.2422393647 0.2956763524 0.1555330151 1
stripe 0.2403776335 0.3030259144 0.1527824408 -1
stripe 0.2348158645 0.2952856477 0.1573721698 -1
stripe 0.2443191719 0.3060261906 0.1506015038 1
stripe -0.05746152881 0.3780207181 0.1408527537 -1
stripe -0.2023942753 -0.001114164363 0.1924770145 1
stripe 0.2892212216 0.02749217032 0.1940135127 1
stripe 0.03164664254 0.3218399441 0.1631293592 -1
stripe 0.270926026 0.1667147726 0.1860195274 1
stripe 0.02049937149 0.380496605 0.1412674555 -1
stripe -0.3967040684 -0.226011646 0.1264311864 1
stripe -0.394302732 -0.2789572881 0.1057223772 -1
stripe 0.03694493748 0.1709344657 0.1899220077 1
stripe 0.179747692 0.3404488085 0.1503264206 1
stripe -0.3216052769 -0.09805453879 0.1810134727 1
stripe -0.2815973126 -0.1226657014 0.182147696 -1
stripe 0.1503184317 0.319544686 0.1618807732 1
stripe -0.2667715847 0.01340913664 0.1966427503 1
stripe -0.196220262 0.3180949427 0.1561127774 -1
stripe -0.2345835784 -0.2531676296 0.1509474866 1
stripe 0.2320396466 0.2125330679 0.1828951451 -1
stripe 0.2488873101 0.2182114357 0.1793951892 -1
stripe 0.2522257619 0.220376092 0.1784380268 -1
stripe 0.2584086958 0.2205700753 0.1776328997 -1
stripe 0.2369238318 0.21474622 0.1817367008 -1
stripe 0.2400152987 0.2148432117 0.1813341373 -1
stripe 0.244899484 0.2170563638 0.1801756931 -1
stripe 0.2424573914 0.2159497878 0.1807549152 -1
stripe 0.1676099847 0.1515132512 0.1947705646 -1
stripe 0.1537233858 0.1373005748 0.1952720818 1
stripe 0.1575925251 0.1419955504 0.1950982778 -1
stripe 0.1602577356 0.1459833154 0.1949436187 1
stripe 0.2839368333 0.2698253083 0.1571728864 -1
stripe 0.2952966901 0.2809176532 0.1495068086 1
stripe 0.2896498857 0.2746491985 0.1536497784 -1
stripe -0.3405240327 0.01810721091 0.1834788322 -1
stripe -0.3288865835 0.009252948667 0.1860618424 1
stripe -0.4621203647 -0.2647981718 0.0685537563 1
stripe -0.06703662461 0.319254643 0.1636632504 1
stripe -0.5045580516 0.2062938151 0.05975414789 -1
stripe -0.4887349196 -0.04705213579 0.1100154332 1
stripe -0.2954453901 0.3646567861 0.1077412044 -1
stripe 0.4776158724 -0.2474189361 0.06536117305 -1
stripe 0.2347985109 0.2911044185 0.1589716462 -1
stripe 0.4220586748 0.01299321791 0.1491516934 -1
stripe 0.2971947615 0.004180442891 0.1927716931 1
stripe 0.06836707285 0.4723730218 0.0903577148 -1
stripe 0.05561436923 0.4600619525 0.09874403011 -1
stripe 0.2480493939 0.0008327387425 0.1957259246 -1
stripe 0.08818665799 0.4380757505 0.1094452984 1
stripe -0.299650643 0.1543660741 0.1805484059 1
stripe 0.2066411643 -0.3549837979 0.1142636882 1
stripe -0.3956436806 0.3406309324 0.07560470165 1
stripe -0.01893760664 0.4457292178 0.1098849623 -1
stripe -0.009134648689 0.3427728576 0.1559665675 1
stripe -0.1238732133 0.289656659 0.1725707482 -1
stripe -0.3560564462 0.2435205946 0.1382059011 -1
stripe -0.2839409163 -0.2371860267 0.1550700242 -1
stripe 0.1707344049 0.3684453852 0.1393730821 -1
stripe 0.1651929918 0.1716413246 0.1930401105 1
stripe 0.1841241655 0.1805700119 0.1913865016 -1
stripe -0.01627042098 0.4083951041 0.1285329685 -1
stripe 0.144368977 0.2937083076 0.172018116 -1
stripe -0.2669546936 0.3307154824 0.1340626956 1
stripe 0.2530143249 -0.2890136037 0.1414710451 -1
stripe 0.252943165 -0.329871128 0.1257399949 1
stripe -0.1367532282 0.3372496205 0.1559432217 1
stripe -0.1837265284 0.1954135668 0.189710202 -1
stripe -0.1878000548 0.04862220601 0.1960716049 -1
stripe -0.3687948342 -0.09279182258 0.1711518898 -1
stripe -0.1320301288 0.1639322403 0.1937004955 1
stripe -0.1279767875 0.1488646282 0.1933252324 -1
stripe 0.2409537025 0.06668341447 0.1964187563 -1
stripe 0.1244247301 0.1347160951 0.1935422117 -1
stripe 0.1508829844 0.1335534261 0.1953661718 1
stripe 0.1449696093 0.1336955686 0.1949605824 1
stripe 0.1423638024 0.1503486227 0.1944911514 -1
stripe 0.1393601016 0.1348837667 0.1945573774 -1
stripe 0.1340194879 0.1421223202 0.194066486 1
stripe 0.1250101962 0.1068001101 0.1924934049 1
stripe 0.1224088201 0.1056407485 0.1923862587 -1
stripe 0.1160536588 0.1176774664 0.1924335839 1
stripe 0.1133336596 0.1045700074 0.1920742852 -1
stripe 0.1159646915 0.1087163934 0.1922444695 -1
stripe 0.1056333265 0.111546508 0.1919734801 1
stripe 0.1133929712 0.1105440562 0.1922003614 1
stripe 0.3494556813 0.2690782622 0.1335035181 -1
stripe -0.4557535437 -0.06041785935 0.1319123174 -1
stripe -0.2770974872 0.09273350456 0.1921632346 1
stripe -0.2182261745 0.2443206348 0.1756352807 -1
stripe -0.2345970583 0.2273972854 0.1789586295 -1
stripe 0.3858075557 0.3859970141 0.0551635654 1
stripe 0.1210520457 0.2916140413 0.1723016411 1
stripe -0.3564625122 0.312832674 0.1129663757 1
stripe 0.1501108579 0.5122650291 0.05277531858 1
stripe 0.08717718751 0.4106017301 0.1244349003 -1
stripe 0.2720783508 0.2933452949 0.1497213235 -1
stripe -0.3644442558 -0.2410298238 0.1366579607 1
stripe -0.162291438 0.439556495 0.1030388828 -1
stripe -0.245505368 0.4394961713 0.08106082646 -1
stripe -0.01967306717 0.2237861138 0.18554753 -1
stripe -0.02414745337 0.2032799252 0.188158685 -1
stripe 0.1503797472 0.3406081659 0.1535740557 1
stripe -0.2534870558 0.1732841168 0.1887841228 -1
stripe 0.3730477473 -0.1843481719 0.1473670385 -1
stripe -0.314151975 -0.1929392424 0.1624125242 1
stripe 0.1658513148 0.08343050947 0.1956662371 1
stripe -0.4448869017 0.2464551777 0.08543218486 -1
stripe 0.2895920643 0.354801982 0.11531355 1
stripe 0.292898067 0.3502088065 0.1168021337 1
stripe 0.3072144755 0.3398529434 0.1178134023 -1
stripe 0.3110504722 0.3553802644 0.1076517012 -1
stripe 0.3088584741 0.3465075096 0.1134583876 1
stripe -0.1251838518 0.1073234193 0.1925658286 1
stripe -0.2892490868 -0.2098105559 0.1615993166 -1
stripe -0.2927820384 0.109335854 0.1881294027 -1
stripe -0.1500517735 0.2009429416 0.1904395707 -1
stripe -0.3443788215 0.2185561471 0.1507783753 1
stripe 0.005649607357 0.3169571869 0.1646005065 1
stripe 0.0100819161 0.2916253247 0.1719863061 -1
stripe -0.1918762364 0.4998283883 0.05702086631 -1
stripe -0.04240424795 0.4751548382 0.09063412467 -1
stripe -0.1820145135 0.3966102439 0.1249010794 -1
stripe 0.499974447 0.1305140604 0.08277691777 -1
stripe 0.3008652156 0.3977209019 0.08624264225 1
stripe 0.304300859 0.4046738023 0.07991996594 -1
stripe 0.3058424754 0.3959543804 0.0853468962 -1
stripe 0.3047245393 0.4010210273 0.08228844777 -1
stripe 0.3051125848 0.4113905119 0.07488442026 1
stripe 0.304112119 0.4245877402 0.06610045955 1
stripe 0.3089719086 0.4146906374 0.07093022577 -1
stripe 0.306347991 0.4144544465 0.07221735641 1
stripe 0.3042652241 0.418696062 0.0701474566 1
stripe 0.3045714342 0.4069127055 0.07824145071 1
stripe 0.2998776728 0.3843871113 0.09517377568 -1
stripe 0.2947676263 0.3755436726 0.1018897696 1
stripe 0.2965546331 0.3802402541 0.0986407511 1
stripe 0.2989841693 0.3820388205 0.09679828491 1
stripe 0.2908723479 0.3675995171 0.1076845303 1
stripe 0.2881918376 0.3605546448 0.112558058 1
stripe 0.2900491351 0.358555913 0.1130433772 1
stripe 0.2885131023 0.3591056373 0.1132613341 -1
stripe 0.2872983342 0.3582063541 0.1141825672 1
stripe 0.2903001091 0.3638022188 0.1100123157 1
stripe 0.3165933502 0.3663985245 0.09954164829 1
stripe 0.2926593547 0.3722960986 0.1044355119 1
stripe 0.1387705612 0.3743029312 0.1401130212 1
stripe 0.3507362492 0.4396314515 0.03195998154 1
stripe 0.3519795499 0.4526159031 0.02159187151 1
stripe 0.2650231483 -0.1137015933 0.1831191915 1
stripe 0.2476754089 -0.1263170245 0.1809440901 -1
stripe 0.08237619947 0.5105987141 0.06258941745 1
stripe 0.1491593874 0.4293884182 0.1101973477 1
stripe -0.3456157328 -0.2274015453 0.1467667973 -1
stripe -0.08638694634 0.3773309402 0.1405629205 1
stripe -0.06957959213 0.4746032488 0.08886860932 1
stripe -0.165487292 0.08807464037 0.1963746728 1
stripe 0.3672796401 0.3145599886 0.1060405611 1
stripe -0.2038446063 0.2535924704 0.1752171957 1
stripe 0.4314118661 -0.07038641845 0.1459771016 1
stripe -0.2583059296 0.240216234 0.171675466 1
stripe 0.3391137732 0.02400796406 0.1838844381 -1
stripe 0.4605559998 0.02720635778 0.1253900303 1
stripe -0.22823573 0.4594952687 0.0751829807 1
stripe -0.3838254598 0.3697325661 0.06548098009 1
stripe 0.3414007773 0.4235271358 0.04892077382 -1
stripe 0.3368571984 0.4140742669 0.05838702743 -1
stripe 0.3525791404 0.4182963719 0.0473629261 -1
stripe 0.3400398555 0.4163607384 0.05506314182 1
stripe 0.3448138411 0.4197904455 0.0500773134 1
stripe -0.108644407 0.3409012295 0.1551104756 1
stripe 0.1988711866 0.5077024152 0.04886495539 1
stripe 0.3104814055 0.3294170959 0.122559639 1
stripe 0.3054815283 0.3322544179 0.1225645553 1
stripe 0.3014959035 0.3314232348 0.1241417119 1
stripe 0.2893290402 0.331213907 0.1277721219 -1
stripe 0.2875462168 0.3285140941 0.12966176 1
stripe 0.2911118635 0.3339137199 0.1258824837 1
stripe 0.2973002897 0.3328762731 0.1246178087 1
stripe 0.2939089394 0.3329450277 0.1255650859 1
stripe -0.2106983 -0.03706719964 0.1901428231 -1
stripe -0.09889403543 0.4295341435 0.1136241492 1
stripe 0.0443688222 0.2852961415 0.1735902912 -1
stripe 0.06059333247 0.278756426 0.1753213155 -1
stripe 0.3542392769 -0.3364748973 0.0946296826 1
stripe 0.4807273454 0.09760655354 0.1032689315 1
stripe 0.5292754037 0.04365667297 0.06967081129 1
stripe 0.3582041543 -0.1465850906 0.1633181298 1
stripe 0.2902197534 -0.06405133995 0.1891557003 -1
stripe 0.3008695195 -0.04296551637 0.1883535416 1
stripe 0.3006527679 -0.09568999599 0.1848300019 -1
stripe 0.2593915885 0.2328186498 0.1737806859 -1
stripe 0.2408275337 0.2430560558 0.1733435287 1
stripe 0.2373146961 0.2396719981 0.174888858 -1
stripe 0.2438371119 0.2354099636 0.175245958 1
stripe 0.2404500892 0.2347834433 0.1759293477 1
stripe -0.278944316 0.1321138466 0.1880767197 1
stripe -0.2792217943 0.2769990253 0.1547653209 -1
stripe -0.111880362 0.4852061123 0.0780572469 -1
stripe -0.0290164373 0.2923257351 0.1716388473 1
stripe 0.279507877 0.1066960624 0.1908441764 1
stripe 0.2617824717 0.1022630545 0.1935874633 1
stripe -0.2586351273 -0.3020469298 0.1368073821 1
stripe -0.2453843529 -0.2910695454 0.1403969033 1
stripe -0.425022992 0.1050725759 0.1415240951 -1
stripe -0.263830211 0.04813394928 0.1956258708 -1
stripe -0.2559431195 0.06538466737 0.1961114282 1
stripe -0.4321150544 -0.2613538088 0.09184361467 1
stripe 0.00961989242 0.4208352162 0.1224047836 1
stripe 0.3753313807 0.1040248144 0.1670820251 1
stripe 0.39625531 0.05132177084 0.1612729452 1
stripe 0.03552894498 0.1931983819 0.1888554695 -1
stripe 0.3486920235 0.4308484165 0.03969672671 1
stripe -0.07002741844 -0.5609706789 0.020075768 -1
stripe -0.463796438 -0.001963921764 0.1252471306 -1
stripe 0.2723880515 0.3441509927 0.1257618809 1
stripe 0.2744957668 0.3436849254 0.1254515604 1
stripe 0.2737231987 0.3446016883 0.1251879807 -1
stripe 0.276393493 0.3455030794 0.1240401802 1
stripe 0.2534107895 0.3259694526 0.1398756833 1
stripe 0.2819362457 0.3226454941 0.134166558 -1
stripe 0.2822888357 0.3262971739 0.1322280181 -1
stripe -0.3259988079 0.4293866542 0.0520296103 1
stripe 0.3080394529 0.4277767116 0.06183635878 1
stripe 0.3109598569 0.4267184523 0.06123636368 1
stripe 0.3338411227 0.4115274002 0.0617846859 1
stripe 0.3304387517 0.4058606823 0.06773296402 1
stripe 0.3118307131 0.4553137049 0.03951206035 1
stripe 0.3128310716 0.462127652 0.03390336654 -1
stripe 0.3163429952 0.4618068896 0.03241493681 1
stripe 0.3126557929 0.4580817111 0.03702748881 -1
stripe -0.05568520593 0.5391467735 0.0440656646 1
stripe 0.3407425173 0.06151071276 0.1833561426 -1
stripe 0.07157145363 0.1256933026 0.1910670477 1
stripe 0.07412427276 0.1191782998 0.191118566 1
