face,S11,S22,S12,von_mises,principal_1,principal_2,T_wale_Nm,T_course_Nm
0,2853.1666,5353.5962,12.7908,4639.7565,5353.6616,2853.1011,2853.1666,5353.5962
1,2872.1333,5358.7969,-6.9919,4644.8705,5358.8166,2872.1136,2872.1333,5358.7969
2,2891.8654,5406.6647,-0.4696,4686.1032,5406.6648,2891.8653,2891.8654,5406.6647
3,2888.3334,5406.2701,-2.7610,4685.6311,5406.2731,2888.3303,2888.3334,5406.2701
4,2807.1614,5324.2159,13.2111,4613.2440,5324.2852,2807.0921,2807.1614,5324.2159
5,2796.9543,5328.8341,24.4292,4617.0024,5329.0698,2796.7186,2796.9543,5328.8341
6,2809.7826,5338.5057,9.4699,4625.4459,5338.5412,2809.7471,2809.7826,5338.5057
7,2807.7014,5285.5992,23.6472,4580.6156,5285.8249,2807.4757,2807.7014,5285.5992
8,2833.7635,5246.0854,18.4442,4548.2395,5246.2264,2833.6224,2833.7635,5246.0854
9,2833.2166,5235.4157,11.2461,4539.1636,5235.4683,2833.1639,2833.2166,5235.4157
10,2824.5379,5267.3865,20.8480,4565.8237,5267.5644,2824.3599,2824.5379,5267.3865
11,2840.0597,5332.0279,19.6693,4621.0761,5332.1832,2839.9045,2840.0597,5332.0279
12,2815.1091,5247.5202,35.4164,4548.9261,5248.0358,2814.5936,2815.1091,5247.5202
13,2840.8468,5276.0055,-10.2721,4573.6897,5276.0488,2840.8035,2840.8468,5276.0055
14,2811.6557,5341.3381,-10.0490,4627.9153,5341.3780,2811.6158,2811.6557,5341.3381
15,2803.0941,5306.3557,-34.8173,4598.2790,5306.8399,2802.6100,2803.0941,5306.3557
16,2839.8136,5322.5456,-25.0871,4613.1208,5322.7990,2839.5601,2839.8136,5322.5456
17,2872.6666,5388.3269,-0.3972,4669.8409,5388.3269,2872.6665,2872.6666,5388.3269
18,2811.4636,5248.6772,-34.7877,4549.7369,5249.1737,2810.9671,2811.4636,5248.6772
19,2845.1125,5270.4891,-10.2646,4569.2343,5270.5325,2845.0690,2845.1125,5270.4891
20,2838.2802,5300.8906,-23.4581,4594.7268,5301.1141,2838.0568,2838.2802,5300.8906
21,2793.8815,5350.1952,4.3155,4634.9333,5350.2025,2793.8742,2793.8815,5350.1952
22,2818.7704,5276.8561,-22.6143,4573.6162,5277.0641,2818.5624,2818.7704,5276.8561
23,2790.6341,5328.3514,-7.1568,4616.2367,5328.3715,2790.6139,2790.6341,5328.3514
24,2858.3727,5322.7342,-6.8968,4613.8464,5322.7535,2858.3534,2858.3727,5322.7342
25,2823.2484,5314.7127,-30.1113,4605.9601,5315.0766,2822.8845,2823.2484,5314.7127
26,2818.4048,5335.7162,-23.9426,4623.5035,5335.9439,2818.1771,2818.4048,5335.7162
27,2831.4020,5359.2394,-10.6133,4643.7550,5359.2839,2831.3574,2831.4020,5359.2394
28,2811.6363,5265.1554,-37.7491,4563.7411,5265.7361,2811.0556,2811.6363,5265.1554
29,2835.7512,5370.2594,-3.3316,4653.2231,5370.2638,2835.7468,2835.7512,5370.2594
30,2817.2202,5245.6144,12.9622,4547.0489,5245.6836,2817.1510,2817.2202,5245.6144
31,2814.8632,5245.0264,34.3052,4546.7852,5245.5106,2814.3790,2814.8632,5245.0264
32,2850.4383,5311.8120,17.5247,4604.3756,5311.9368,2850.3135,2850.4383,5311.8120
33,2819.2618,5234.3264,0.8656,4537.5628,5234.3267,2819.2615,2819.2618,5234.3264
34,2845.7036,5285.1567,17.8250,4581.6890,5285.2869,2845.5734,2845.7036,5285.1567
35,2823.0531,5200.4954,-7.1594,4509.2860,5200.5169,2823.0315,2823.0531,5200.4954
36,2850.0559,5357.9953,9.9934,4643.3443,5358.0352,2850.0161,2850.0559,5357.9953
37,2806.0656,5273.3705,36.1551,4570.4419,5273.9002,2805.5360,2806.0656,5273.3705
38,2820.2208,5308.2746,27.8083,4600.3520,5308.5854,2819.9100,2820.2208,5308.2746
39,2813.2644,5344.8291,17.8782,4631.0038,5344.9554,2813.1382,2813.2644,5344.8291
40,2794.2034,5353.4049,-1.4038,4637.6741,5353.4057,2794.2026,2794.2034,5353.4049
41,2827.9515,5240.3868,-5.9311,4543.0727,5240.4014,2827.9369,2827.9515,5240.3868
42,2893.7765,5406.6170,-0.2206,4686.1400,5406.6170,2893.7765,2893.7765,5406.6170
43,2885.9238,5403.0919,-0.3181,4682.8460,5403.0919,2885.9238,2885.9238,5403.0919
44,2861.4035,5322.9024,12.3644,4614.1529,5322.9645,2861.3414,2861.4035,5322.9024
45,2818.8426,5224.2795,-28.2458,4529.3423,5224.6111,2818.5109,2818.8426,5224.2795
46,2852.0363,5367.2599,-11.5959,4651.2765,5367.3134,2851.9829,2852.0363,5367.2599
47,2893.4891,5408.5011,-1.3887,4687.7212,5408.5019,2893.4883,2893.4891,5408.5011
48,2892.5241,5408.4808,-1.8435,4687.6657,5408.4822,2892.5227,2892.5241,5408.4808
49,2882.4057,5385.3359,-7.7794,4667.7151,5385.3601,2882.3815,2882.4057,5385.3359
50,2878.3986,5397.7253,0.1619,4678.0137,5397.7253,2878.3986,2878.3986,5397.7253
51,2803.6506,5302.9926,35.1250,4595.4488,5303.4861,2803.1570,2803.6506,5302.9926
52,2875.4672,5348.1862,-1.0926,4636.0411,5348.1867,2875.4668,2875.4672,5348.1862
53,2838.6073,5326.4824,-23.7205,4616.3841,5326.7085,2838.3812,2838.6073,5326.4824
54,2828.7057,5356.6603,-6.3680,4641.4536,5356.6763,2828.6896,2828.7057,5356.6603
55,2817.4077,5263.3387,-18.9817,4562.0862,5263.4860,2817.2604,2817.4077,5263.3387
56,2818.2701,5311.8682,22.9921,4603.2485,5312.0801,2818.0581,2818.2701,5311.8682
57,2817.4018,5329.9348,24.4391,4618.5693,5330.1725,2817.1641,2817.4018,5329.9348
58,2830.3750,5316.8503,-17.4482,4607.8361,5316.9728,2830.2526,2830.3750,5316.8503
59,2854.0725,5299.5499,13.4572,4594.1487,5299.6239,2853.9984,2854.0725,5299.5499
60,2813.0695,5362.6414,3.8363,4646.0568,5362.6472,2813.0637,2813.0695,5362.6414
61,2860.6368,5302.0730,1.8548,4596.5124,5302.0744,2860.6354,2860.6368,5302.0730
62,2829.6466,5373.9161,-0.8916,4656.1350,5373.9165,2829.6463,2829.6466,5373.9161
63,2843.8081,5289.5843,-14.2682,4585.3020,5289.6675,2843.7248,2843.8081,5289.5843
64,2835.3396,5239.9154,8.9404,4543.0347,5239.9487,2835.3063,2835.3396,5239.9154
65,2818.6424,5265.9820,20.8088,4564.3938,5266.1589,2818.4655,2818.6424,5265.9820
66,2883.3905,5374.0929,1.9417,4658.2420,5374.0944,2883.3890,2883.3905,5374.0929
67,2879.2960,5398.5870,-2.1016,4678.7787,5398.5887,2879.2942,2879.2960,5398.5870
68,2872.4019,5385.1942,-2.6793,4667.1821,5385.1971,2872.3990,2872.4019,5385.1942
69,2839.8538,5348.3452,-11.2998,4634.8064,5348.3961,2839.8029,2839.8538,5348.3452
70,2833.6147,5243.7303,-15.2122,4546.2141,5243.8263,2833.5187,2833.6147,5243.7303
71,2870.2545,5374.7666,-5.9740,4658.2868,5374.7808,2870.2403,2870.2545,5374.7666
72,2830.7008,5264.3418,-25.2690,4563.5842,5264.6041,2830.4385,2830.7008,5264.3418
73,2877.2403,5378.9076,-3.8779,4662.0590,5378.9136,2877.2343,2877.2403,5378.9076
74,2867.9845,5352.9233,-7.9734,4639.7428,5352.9489,2867.9589,2867.9845,5352.9233
75,2824.9526,5339.2224,-12.5947,4626.5623,5339.2855,2824.8895,2824.9526,5339.2224
76,2833.7367,5294.4079,16.9221,4588.9781,5294.5243,2833.6204,2833.7367,5294.4079
77,2881.9004,5365.4528,0.7668,4650.8854,5365.4531,2881.9001,2881.9004,5365.4528
78,2857.8449,5348.4335,17.0864,4635.6122,5348.5507,2857.7277,2857.8449,5348.4335
79,2873.7453,5374.8358,11.5634,4658.5152,5374.8893,2873.6919,2873.7453,5374.8358
80,2827.2801,5349.1629,-5.1313,4635.0355,5349.1734,2827.2697,2827.2801,5349.1629
81,2849.8663,5272.3985,-1.3882,4571.0282,5272.3993,2849.8655,2849.8663,5272.3985
82,2807.9097,5281.2926,37.6449,4577.2554,5281.8655,2807.3368,2807.9097,5281.2926
83,2862.1864,5315.7376,-0.7270,4608.0958,5315.7378,2862.1862,2862.1864,5315.7376
84,2847.5650,5310.0211,-11.3264,4602.6845,5310.0732,2847.5129,2847.5650,5310.0211
85,2813.9974,5312.1641,-21.8885,4603.3347,5312.3559,2813.8056,2813.9974,5312.1641
86,2794.5428,5351.5493,-8.1146,4636.1205,5351.5751,2794.5171,2794.5428,5351.5493
87,2795.5984,5336.5547,20.0656,4623.4760,5336.7131,2795.4400,2795.5984,5336.5547
88,2832.1972,5298.2914,-17.9624,4592.2102,5298.4223,2832.0664,2832.1972,5298.2914
89,2884.5178,5379.7152,0.9644,4663.0352,5379.7155,2884.5174,2884.5178,5379.7152
90,2861.0755,5381.5608,3.6938,4663.6830,5381.5662,2861.0701,2861.0755,5381.5608
91,2827.5512,5360.0824,14.8476,4644.3819,5360.1695,2827.4642,2827.5512,5360.0824
92,2877.6587,5387.1703,2.6743,4669.0585,5387.1732,2877.6559,2877.6587,5387.1703
93,2866.8415,5324.6254,-3.3338,4615.7981,5324.6299,2866.8369,2866.8415,5324.6254
94,2878.9950,5393.8664,-5.0922,4674.7802,5393.8767,2878.9846,2878.9950,5393.8664
95,2856.3577,5369.2096,-14.9667,4653.1150,5369.2987,2856.2686,2856.3577,5369.2096
96,2859.6456,5380.1598,-2.9615,4662.4423,5380.1633,2859.6421,2859.6456,5380.1598
97,2872.7053,5341.6342,0.2824,4630.3943,5341.6343,2872.7052,2872.7053,5341.6342
98,2859.5173,5376.4562,-1.6989,4659.2982,5376.4574,2859.5162,2859.5173,5376.4562
99,2813.2519,5358.0578,-10.3988,4642.1900,5358.1003,2813.2094,2813.2519,5358.0578
100,2819.2570,5264.0068,21.1736,4562.7552,5264.1902,2819.0737,2819.2570,5264.0068
101,2815.7094,5235.3236,9.7980,4538.2784,5235.3632,2815.6698,2815.7094,5235.3236
102,2834.2716,5243.5401,15.3271,4546.0858,5243.6376,2834.1741,2834.2716,5243.5401
103,2822.8400,5205.6841,15.3629,4513.6977,5205.7831,2822.7410,2822.8400,5205.6841
104,2813.5974,5350.2008,14.1156,4635.5437,5350.2794,2813.5189,2813.5974,5350.2008
105,2823.2422,5313.1252,27.0268,4604.5573,5313.4185,2822.9488,2823.2422,5313.1252
106,2838.1699,5290.2494,-15.5621,4585.6349,5290.3482,2838.0712,2838.1699,5290.2494
107,2804.9726,5331.3829,-13.5134,4619.2727,5331.4552,2804.9003,2804.9726,5331.3829
108,2811.0623,5324.0586,19.9071,4613.3068,5324.2163,2810.9046,2811.0623,5324.0586
109,2831.4513,5350.2668,-20.9416,4636.2450,5350.4409,2831.2772,2831.4513,5350.2668
110,2847.4688,5295.4358,-13.1985,4590.3870,5295.5069,2847.3977,2847.4688,5295.4358
111,2803.3908,5288.4852,35.6127,4583.1419,5288.9955,2802.8806,2803.3908,5288.4852
112,2794.0804,5347.1086,8.8170,4632.3253,5347.1390,2794.0499,2794.0804,5347.1086
113,2860.5780,5371.5066,5.7280,4655.1556,5371.5196,2860.5649,2860.5780,5371.5066
114,2867.3212,5385.8992,9.0859,4667.6103,5385.9320,2867.2885,2867.3212,5385.8992
115,2794.9952,5340.5586,15.9662,4626.8232,5340.6587,2794.8950,2794.9952,5340.5586
116,2845.6432,5277.0509,11.7069,4574.7960,5277.1073,2845.5868,2845.6432,5277.0509
117,2820.9248,5226.7758,6.7434,4531.2908,5226.7947,2820.9059,2820.9248,5226.7758
118,2841.6370,5271.2704,-1.8430,4569.7009,5271.2718,2841.6356,2841.6370,5271.2704
119,2841.1646,5351.0949,9.8366,4637.1739,5351.1334,2841.1260,2841.1646,5351.0949
120,2868.3329,5371.6504,6.5052,4655.5781,5371.6673,2868.3160,2868.3329,5371.6504
121,2895.0629,5408.5837,-0.2019,4687.8542,5408.5837,2895.0629,2895.0629,5408.5837
122,2887.6414,5394.0182,-0.9932,4675.2453,5394.0186,2887.6410,2887.6414,5394.0182
123,2841.3347,5368.9028,-7.5106,4652.2704,5368.9251,2841.3124,2841.3347,5368.9028
124,2853.9502,5324.3952,-17.8774,4615.1507,5324.5246,2853.8208,2853.9502,5324.3952
125,2849.6165,5327.1712,-19.2076,4617.3346,5327.3201,2849.4676,2849.6165,5327.1712
126,2830.4901,5285.9150,-16.2609,4581.6629,5286.0227,2830.3824,2830.4901,5285.9150
127,2838.8374,5352.7406,9.9943,4638.4878,5352.7804,2838.7977,2838.8374,5352.7406
128,2803.3663,5295.9548,34.9847,4589.4630,5296.4457,2802.8754,2803.3663,5295.9548
129,2880.3782,5394.5893,-1.4518,4675.4381,5394.5901,2880.3774,2880.3782,5394.5893
130,2874.7929,5368.9633,-10.8673,4653.5898,5369.0106,2874.7455,2874.7929,5368.9633
131,2857.0607,5334.8317,-13.9400,4624.0534,5334.9101,2856.9823,2857.0607,5334.8317
132,2863.1008,5378.8909,0.8181,4661.4921,5378.8912,2863.1006,2863.1008,5378.8909
133,2822.1543,5348.9766,-4.0019,4634.7078,5348.9829,2822.1480,2822.1543,5348.9766
134,2833.4670,5272.7312,26.2933,4570.7979,5273.0145,2833.1837,2833.4670,5272.7312
135,2805.9788,5311.6031,22.7133,4602.6022,5311.8090,2805.7729,2805.9788,5311.6031
136,2813.6906,5305.7858,27.4592,4598.0039,5306.0883,2813.3881,2813.6906,5305.7858
137,2819.7923,5220.7458,26.3051,4526.3752,5221.0340,2819.5041,2819.7923,5220.7458
138,2870.0975,5330.1117,3.9175,4620.5688,5330.1180,2870.0913,2870.0975,5330.1117
139,2831.7878,5278.9651,13.6377,4575.8216,5279.0411,2831.7118,2831.7878,5278.9651
140,2859.1374,5388.6415,-1.0568,4669.6104,5388.6420,2859.1369,2859.1374,5388.6415
141,2895.7308,5404.4306,-0.0629,4684.3731,5404.4306,2895.7308,2895.7308,5404.4306
142,2873.7043,5358.4140,-3.6162,4644.6011,5358.4193,2873.6991,2873.7043,5358.4140
143,2870.8663,5385.5026,2.2008,4667.3835,5385.5046,2870.8644,2870.8663,5385.5026
144,2838.9239,5373.5542,4.7321,4656.1282,5373.5630,2838.9151,2838.9239,5373.5542
145,2878.3403,5383.6603,-6.6341,4666.1297,5383.6778,2878.3227,2878.3403,5383.6603
146,2882.7297,5369.4077,0.4880,4654.2582,5369.4078,2882.7296,2882.7297,5369.4077
147,2864.2596,5374.9116,-6.9302,4658.1820,5374.9307,2864.2405,2864.2596,5374.9116
148,2865.0771,5348.6792,-14.2068,4636.0827,5348.7604,2864.9958,2865.0771,5348.6792
149,2836.9290,5336.0567,-24.1076,4624.4348,5336.2893,2836.6964,2836.9290,5336.0567
150,2807.5025,5313.5997,-12.6307,4604.2313,5313.6633,2807.4388,2807.5025,5313.5997
151,2847.2681,5286.8170,-5.1687,4583.0628,5286.8280,2847.2571,2847.2681,5286.8170
152,2858.4094,5309.2099,11.7124,4602.4700,5309.2658,2858.3534,2858.4094,5309.2099
153,2870.0896,5370.9694,7.2405,4655.0747,5370.9904,2870.0687,2870.0896,5370.9694
154,2823.8618,5199.5103,-3.3991,4508.4853,5199.5152,2823.8570,2823.8618,5199.5103
155,2833.8350,5266.2919,4.9922,4565.1642,5266.3022,2833.8248,2833.8350,5266.2919
156,2818.3154,5330.7424,-25.9350,4619.3096,5331.0101,2818.0477,2818.3154,5330.7424
157,2830.2824,5299.0190,19.2254,4592.7649,5299.1687,2830.1327,2830.2824,5299.0190
158,2809.3219,5267.9512,-36.7515,4565.9917,5268.5004,2808.7727,2809.3219,5267.9512
159,2841.0064,5341.5153,-13.4709,4629.0786,5341.5879,2840.9338,2841.0064,5341.5153
160,2819.7225,5208.3873,-18.3129,4515.8534,5208.5277,2819.5821,2819.7225,5208.3873
161,2837.8385,5239.4997,-4.2839,4542.7839,5239.5073,2837.8308,2837.8385,5239.4997
162,2832.4003,5326.5339,20.5586,4616.1506,5326.7033,2832.2308,2832.4003,5326.5339
163,2844.1851,5360.3285,-15.9931,4645.1600,5360.4301,2844.0834,2844.1851,5360.3285
164,2793.8698,5350.4918,2.5677,4635.1821,5350.4943,2793.8672,2793.8698,5350.4918
165,2813.0676,5363.8506,1.5018,4647.0824,5363.8515,2813.0667,2813.0676,5363.8506
166,2820.6081,5202.0234,11.0514,4510.4739,5202.0747,2820.5568,2820.6081,5202.0234
167,2845.3969,5272.6107,14.3848,4571.0675,5272.6960,2845.3117,2845.3969,5272.6107
168,2796.7570,5339.4865,21.4044,4626.0236,5339.6667,2796.5768,2796.7570,5339.4865
169,2840.9598,5272.3229,17.6992,4570.6590,5272.4518,2840.8309,2840.9598,5272.3229
170,2821.5772,5211.0380,20.1196,4518.1947,5211.2074,2821.4078,2821.5772,5211.0380
171,2799.1044,5314.0166,30.5404,4604.5704,5314.3874,2798.7336,2799.1044,5314.0166
172,2885.3553,5402.2120,-4.0762,4682.0849,5402.2186,2885.3487,2885.3553,5402.2120
173,2888.3361,5400.7503,0.7422,4680.9624,5400.7506,2888.3359,2888.3361,5400.7503
174,2888.3060,5396.7589,-5.0004,4677.5958,5396.7689,2888.2960,2888.3060,5396.7589
175,2865.4304,5341.5284,-0.0092,4629.9934,5341.5284,2865.4304,2865.4304,5341.5284
176,2870.4977,5360.2940,7.5382,4646.0702,5360.3168,2870.4749,2870.4977,5360.2940
177,2877.8297,5380.1899,4.1456,4663.1672,5380.1968,2877.8228,2877.8297,5380.1899
178,2878.7542,5354.7852,3.8383,4641.7544,5354.7911,2878.7482,2878.7542,5354.7852
179,2869.7910,5368.2552,-10.7870,4652.7887,5368.3017,2869.7444,2869.7910,5368.2552
180,2813.9924,5358.5781,11.1919,4642.6598,5358.6273,2813.9432,2813.9924,5358.5781
181,2881.7075,5379.2120,-7.1883,4662.5100,5379.2327,2881.6868,2881.7075,5379.2120
182,2893.2109,5395.6511,0.8347,4676.8542,5395.6514,2893.2106,2893.2109,5395.6511
183,2832.3909,5360.0849,8.6883,4644.4934,5360.1148,2832.3610,2832.3909,5360.0849
184,2834.8172,5354.8267,11.5524,4640.1296,5354.8796,2834.7643,2834.8172,5354.8267
185,2805.1861,5283.7475,-36.1259,4579.2005,5284.2740,2804.6597,2805.1861,5283.7475
186,2842.0137,5296.1863,-21.7343,4590.8839,5296.3788,2841.8212,2842.0137,5296.1863
187,2853.4946,5342.8447,-19.4937,4630.7432,5342.9973,2853.3419,2853.4946,5342.8447
188,2810.3446,5332.9276,8.4554,4620.7146,5332.9559,2810.3163,2810.3446,5332.9276
189,2840.4672,5378.1716,3.7286,4660.0971,5378.1770,2840.4618,2840.4672,5378.1716
190,2829.2770,5366.2947,-10.2183,4649.6780,5366.3358,2829.2359,2829.2770,5366.2947
191,2797.3386,5325.6045,-25.0093,4614.2740,5325.8519,2797.0913,2797.3386,5325.6045
192,2833.4289,5267.3175,-6.7696,4566.0181,5267.3364,2833.4101,2833.4289,5267.3175
193,2835.0718,5267.7680,-1.5327,4566.4557,5267.7689,2835.0709,2835.0718,5267.7680
194,2804.3047,5294.9034,-36.1600,4588.6302,5295.4282,2803.7798,2804.3047,5294.9034
195,2838.7057,5361.4437,-13.6044,4645.8931,5361.5171,2838.6324,2838.7057,5361.4437
196,2835.2431,5354.8215,-8.8243,4640.1217,5354.8524,2835.2122,2835.2431,5354.8215
197,2821.5466,5239.7418,10.1909,4542.2633,5239.7848,2821.5036,2821.5466,5239.7418
198,2848.0604,5272.0948,0.8279,4570.6880,5272.0951,2848.0601,2848.0604,5272.0948
199,2838.9598,5308.2548,24.2477,4600.9894,5308.4929,2838.7218,2838.9598,5308.2548
200,2842.4012,5352.2748,13.8888,4638.2493,5352.3517,2842.3243,2842.4012,5352.2748
201,2829.3579,5307.6843,22.4050,4600.1028,5307.8868,2829.1554,2829.3579,5307.6843
202,2838.3715,5253.8581,8.3393,4554.9078,5253.8869,2838.3427,2838.3715,5253.8581
203,2838.5742,5265.7071,-14.3653,4564.9418,5265.7921,2838.4892,2838.5742,5265.7071
204,2848.2257,5369.5580,-1.7593,4653.0462,5369.5592,2848.2245,2848.2257,5369.5580
205,2808.1752,5339.2515,-1.7134,4626.0037,5339.2527,2808.1740,2808.1752,5339.2515
206,2807.9065,5279.5042,37.5719,4575.7386,5280.0752,2807.3355,2807.9065,5279.5042
207,2811.1374,5329.6647,15.1020,4618.0173,5329.7552,2811.0468,2811.1374,5329.6647
208,2830.0113,5280.2727,28.7440,4577.0614,5280.6098,2829.6742,2830.0113,5280.2727
209,2799.1681,5318.2079,-29.4068,4608.1139,5318.5511,2798.8249,2799.1681,5318.2079
210,2817.7278,5282.4110,-23.0672,4578.2808,5282.6268,2817.5120,2817.7278,5282.4110
211,2877.3655,5377.2386,4.0694,4660.6541,5377.2453,2877.3588,2877.3655,5377.2386
212,2848.6981,5319.6620,12.1038,4610.8799,5319.7213,2848.6388,2848.6981,5319.6620
213,2877.6938,5370.3017,3.9935,4654.8067,5370.3081,2877.6874,2877.6938,5370.3017
214,2850.5573,5387.8826,-2.4385,4668.6728,5387.8850,2850.5550,2850.5573,5387.8826
215,2849.5991,5384.1848,-2.6426,4665.5025,5384.1875,2849.5963,2849.5991,5384.1848
216,2896.7698,5409.7072,0.2062,4688.8731,5409.7072,2896.7698,2896.7698,5409.7072
217,2889.2823,5390.5614,0.5531,4672.3925,5390.5615,2889.2821,2889.2823,5390.5614
218,2896.2400,5410.8407,-0.5710,4689.8093,5410.8408,2896.2399,2896.2400,5410.8407
219,2887.2075,5392.2019,5.3313,4673.7017,5392.2132,2887.1961,2887.2075,5392.2019
220,2869.5360,5327.8903,0.3531,4618.6664,5327.8904,2869.5360,2869.5360,5327.8903
221,2867.0401,5355.1773,-10.6199,4641.6239,5355.2226,2866.9948,2867.0401,5355.1773
222,2884.7368,5386.6077,-1.6398,4668.8662,5386.6088,2884.7357,2884.7368,5386.6077
223,2865.3508,5356.5137,-14.9112,4642.7201,5356.6029,2865.2616,2865.3508,5356.5137
224,2830.0916,5372.0437,-5.0176,4654.5646,5372.0536,2830.0817,2830.0916,5372.0437
225,2854.1694,5370.6956,-3.1257,4654.2248,5370.6995,2854.1655,2854.1694,5370.6956
226,2850.0744,5287.1025,-1.5805,4583.4211,5287.1035,2850.0733,2850.0744,5287.1025
227,2863.7057,5334.6050,-5.4102,4624.0858,5334.6168,2863.6938,2863.7057,5334.6050
228,2877.6354,5370.8747,-6.0142,4655.2948,5370.8892,2877.6209,2877.6354,5370.8747
229,2869.7974,5364.6594,-8.2880,4649.7342,5364.6869,2869.7699,2869.7974,5364.6594
230,2847.6551,5346.7478,14.4274,4633.7654,5346.8310,2847.5718,2847.6551,5346.7478
231,2820.8983,5320.8919,23.1070,4610.9939,5321.1055,2820.6847,2820.8983,5320.8919
232,2839.4559,5328.5172,-24.7546,4618.1548,5328.7633,2839.2097,2839.4559,5328.5172
233,2833.9175,5280.2236,-13.8411,4576.9757,5280.3019,2833.8392,2833.9175,5280.2236
234,2821.3668,5236.9439,-15.1169,4539.9381,5237.0385,2821.2722,2821.3668,5236.9439
235,2848.0901,5360.2976,16.7646,4645.2815,5360.4095,2847.9782,2848.0901,5360.2976
236,2824.2376,5346.3606,13.5545,4632.6070,5346.4334,2824.1647,2824.2376,5346.3606
237,2831.1358,5342.3976,-21.3663,4629.5636,5342.5794,2830.9540,2831.1358,5342.3976
238,2841.7404,5338.6336,-14.0257,4626.6702,5338.7124,2841.6616,2841.7404,5338.6336
239,2843.8495,5301.5453,22.1449,4595.4909,5301.7448,2843.6500,2843.8495,5301.5453
240,2832.5250,5311.9447,24.7975,4603.8661,5312.1927,2832.2771,2832.5250,5311.9447
241,2830.1963,5329.0202,21.2474,4618.1867,5329.2009,2830.0157,2830.1963,5329.0202
242,2810.4721,5333.2989,13.6768,4621.0717,5333.3730,2810.3980,2810.4721,5333.2989
243,2828.5982,5366.1627,11.5950,4649.5543,5366.2157,2828.5452,2828.5982,5366.1627
244,2830.5275,5285.7265,-18.8792,4581.5353,5285.8717,2830.3823,2830.5275,5285.7265
245,2822.1713,5234.6921,-4.2796,4538.0072,5234.6997,2822.1638,2822.1713,5234.6921
246,2820.9862,5199.7038,6.9214,4508.5179,5199.7240,2820.9661,2820.9862,5199.7038
247,2807.3834,5335.8060,-3.0806,4623.0512,5335.8097,2807.3796,2807.3834,5335.8060
248,2842.6608,5289.0309,20.9518,4584.8625,5289.2103,2842.4814,2842.6608,5289.0309
249,2817.1555,5239.7779,33.9297,4542.4467,5240.2530,2816.6804,2817.1555,5239.7779
250,2792.5506,5342.2481,-6.9271,4628.1313,5342.2670,2792.5318,2792.5506,5342.2481
251,2798.1181,5333.1373,-25.6558,4620.7191,5333.3970,2797.8585,2798.1181,5333.1373
252,2815.0290,5352.6567,-18.6298,4637.7235,5352.7934,2814.8922,2815.0290,5352.6567
253,2834.6426,5273.9117,8.9423,4571.6439,5273.9445,2834.6099,2834.6426,5273.9117
254,2819.5037,5234.4707,6.5422,4537.7091,5234.4885,2819.4860,2819.5037,5234.4707
255,2812.2527,5253.5443,35.3652,4553.8940,5254.0565,2811.7405,2812.2527,5253.5443
256,2896.8597,5410.7561,0.2843,4689.7630,5410.7561,2896.8596,2896.8597,5410.7561
257,2892.0509,5405.8241,0.6071,4685.4002,5405.8243,2892.0508,2892.0509,5405.8241
258,2886.6539,5403.9982,-1.6338,4683.6421,5403.9993,2886.6529,2886.6539,5403.9982
259,2862.7326,5381.3153,11.0024,4663.5704,5381.3634,2862.6845,2862.7326,5381.3153
260,2874.2983,5400.1695,-1.4861,4679.9284,5400.1704,2874.2974,2874.2983,5400.1695
261,2880.1015,5390.5816,7.7352,4672.0565,5390.6054,2880.0776,2880.1015,5390.5816
262,2879.5956,5375.4807,5.2768,4659.2635,5375.4919,2879.5845,2879.5956,5375.4807
263,2865.0990,5323.2212,8.6929,4614.5582,5323.2520,2865.0683,2865.0990,5323.2212
264,2884.7972,5385.9613,2.2764,4668.3234,5385.9633,2884.7952,2884.7972,5385.9613
265,2892.2251,5404.4257,2.9609,4684.2282,5404.4292,2892.2216,2892.2251,5404.4257
266,2855.2489,5305.7951,-4.4997,4599.4133,5305.8034,2855.2407,2855.2489,5305.7951
267,2866.6360,5321.9387,1.9511,4613.5219,5321.9403,2866.6344,2866.6360,5321.9387
268,2872.4872,5375.2679,-9.6016,4658.8170,5375.3047,2872.4503,2872.4872,5375.2679
269,2851.1376,5349.8633,-19.4685,4636.5897,5350.0150,2850.9859,2851.1376,5349.8633
270,2868.5195,5347.7950,-0.8945,4635.4140,5347.7953,2868.5192,2868.5195,5347.7950
271,2857.8508,5323.6450,-2.1794,4614.5789,5323.6469,2857.8489,2857.8508,5323.6450
272,2842.7777,5307.2461,13.6147,4600.1610,5307.3213,2842.7025,2842.7777,5307.2461
273,2834.1024,5254.8904,19.6083,4555.6850,5255.0492,2833.9436,2834.1024,5254.8904
274,2817.3414,5342.9130,16.2603,4629.4833,5343.0177,2817.2367,2817.3414,5342.9130
275,2861.8216,5362.6131,-14.8444,4647.7372,5362.7012,2861.7335,2861.8216,5362.6131
276,2873.2550,5386.6005,-9.3723,4668.4308,5386.6355,2873.2200,2873.2550,5386.6005
277,2860.3086,5364.8513,8.9091,4649.5271,5364.8830,2860.2769,2860.3086,5364.8513
278,2857.0604,5332.8457,-10.4463,4622.3482,5332.8898,2857.0164,2857.0604,5332.8457
279,2855.2170,5315.5446,-10.3224,4607.6637,5315.5879,2855.1737,2855.2170,5315.5446
280,2865.5146,5394.1415,-1.7792,4674.5004,5394.1427,2865.5134,2865.5146,5394.1415
281,2839.4419,5361.4174,4.8862,4645.8439,5361.4269,2839.4325,2839.4419,5361.4174
282,2844.0151,5320.7823,15.0875,4611.6639,5320.8742,2843.9232,2844.0151,5320.7823
283,2862.3167,5343.5513,14.5584,4631.6408,5343.6367,2862.2313,2862.3167,5343.5513
284,2824.8362,5200.3482,5.3581,4509.2433,5200.3603,2824.8241,2824.8362,5200.3482
285,2819.5446,5226.0044,4.1934,4530.5688,5226.0117,2819.5373,2819.5446,5226.0044
286,2819.5036,5249.1238,-16.3726,4550.1409,5249.2342,2819.3932,2819.5036,5249.1238
287,2842.3023,5307.9071,-23.6209,4600.8214,5308.1334,2842.0760,2842.3023,5307.9071
288,2892.3559,5403.6348,0.6282,4683.5625,5403.6350,2892.3557,2892.3559,5403.6348
289,2888.2121,5393.6673,-4.9459,4674.9796,5393.6771,2888.2023,2888.2121,5393.6673
290,2822.0052,5352.4500,-3.1895,4637.6528,5352.4541,2822.0011,2822.0052,5352.4500
291,2818.9555,5340.9925,-10.5937,4627.8534,5341.0370,2818.9110,2818.9555,5340.9925
292,2797.3728,5329.8890,-25.0992,4617.9232,5330.1377,2797.1241,2797.3728,5329.8890
293,2877.7235,5369.4857,-3.0144,4654.1166,5369.4893,2877.7199,2877.7235,5369.4857
294,2869.2461,5359.7119,-6.0734,4645.5207,5359.7267,2869.2313,2869.2461,5359.7119
295,2841.5675,5374.1759,11.0952,4656.7755,5374.2245,2841.5189,2841.5675,5374.1759
296,2813.4136,5354.2742,15.8484,4639.0208,5354.3730,2813.3148,2813.4136,5354.2742
297,2804.6635,5301.1685,-36.4091,4593.9643,5301.6994,2804.1327,2804.6635,5301.1685
298,2828.5951,5327.5200,-17.2361,4616.8078,5327.6389,2828.4763,2828.5951,5327.5200
299,2824.6249,5350.2948,7.1331,4635.9182,5350.3150,2824.6047,2824.6249,5350.2948
300,2844.7114,5351.5491,16.3812,4637.7423,5351.6562,2844.6044,2844.7114,5351.5491
301,2811.9807,5279.0776,20.0030,4575.1975,5279.2398,2811.8185,2811.9807,5279.0776
302,2846.4133,5330.2692,20.5443,4619.8436,5330.4391,2846.2434,2846.4133,5330.2692
303,2824.7335,5305.1226,19.9026,4597.7251,5305.2823,2824.5738,2824.7335,5305.1226
304,2827.0815,5321.8354,-18.2207,4611.9470,5321.9685,2826.9484,2827.0815,5321.8354
305,2828.5344,5322.1886,-18.6288,4612.3038,5322.3278,2828.3952,2828.5344,5322.1886
306,2816.1497,5204.0001,-16.0929,4511.9674,5204.1086,2816.0413,2816.1497,5204.0001
307,2816.5077,5331.0534,20.6153,4619.4337,5331.2224,2816.3387,2816.5077,5331.0534
308,2809.1006,5332.9614,1.5102,4620.6823,5332.9623,2809.0997,2809.1006,5332.9614
309,2810.9587,5361.8740,-2.3286,4645.3408,5361.8761,2810.9566,2810.9587,5361.8740
310,2848.4238,5271.8868,-5.5393,4570.5397,5271.8995,2848.4111,2848.4238,5271.8868
311,2835.9387,5242.1231,-9.6370,4544.9249,5242.1617,2835.9001,2835.9387,5242.1231
312,2837.0945,5239.8523,0.6718,4543.0389,5239.8524,2837.0943,2837.0945,5239.8523
313,2832.6527,5351.4565,19.0372,4637.2705,5351.6004,2832.5088,2832.6527,5351.4565
314,2853.3004,5351.4923,17.7641,4638.0302,5351.6186,2853.1741,2853.3004,5351.4923
315,2841.4850,5359.2226,-7.0759,4644.0611,5359.2425,2841.4651,2841.4850,5359.2226
316,2813.8225,5360.0817,-9.2122,4643.9217,5360.1150,2813.7891,2813.8225,5360.0817
317,2823.0822,5242.7216,-15.9338,4544.8928,5242.8265,2822.9773,2823.0822,5242.7216
318,2813.3642,5237.1481,32.2089,4540.0270,5237.5760,2812.9362,2813.3642,5237.1481
319,2854.9032,5376.9847,4.9305,4659.5857,5376.9943,2854.8936,2854.9032,5376.9847
320,2873.0712,5391.3537,8.4069,4672.4407,5391.3818,2873.0432,2873.0712,5391.3537
321,2866.2888,5364.4185,14.1018,4649.4323,5364.4981,2866.2092,2866.2888,5364.4185
322,2886.7335,5397.2027,5.3302,4677.9084,5397.2140,2886.7221,2886.7335,5397.2027
323,2888.8796,5406.3346,-1.7910,4685.7058,5406.3359,2888.8784,2888.8796,5406.3346
324,2887.9903,5399.5530,-4.8863,4679.9439,5399.5625,2887.9808,2887.9903,5399.5530
325,2880.7511,5388.8453,-8.0666,4670.6160,5388.8713,2880.7251,2880.7511,5388.8453
326,2875.8376,5395.0694,3.0796,4675.6712,5395.0732,2875.8338,2875.8376,5395.0694
327,2880.6159,5364.8555,1.4376,4650.3269,5364.8563,2880.6151,2880.6159,5364.8555
328,2888.2685,5383.1384,-0.3154,4666.0825,5383.1385,2888.2684,2888.2685,5383.1384
329,2892.9090,5402.7173,-1.1893,4682.8102,5402.7179,2892.9084,2892.9090,5402.7173
330,2857.9440,5329.4408,6.0296,4619.4858,5329.4556,2857.9293,2857.9440,5329.4408
331,2855.1678,5310.6463,15.0197,4603.5680,5310.7382,2855.0759,2855.1678,5310.6463
332,2891.9198,5408.0885,-1.1589,4687.3091,5408.0890,2891.9192,2891.9198,5408.0885
333,2892.5750,5403.8540,-2.8857,4683.7592,5403.8573,2892.5717,2892.5750,5403.8540
334,2875.8727,5345.5144,2.4052,4633.8069,5345.5168,2875.8703,2875.8727,5345.5144
335,2857.9886,5296.4709,1.7676,4591.6727,5296.4721,2857.9873,2857.9886,5296.4709
336,2892.3500,5394.7196,-0.4372,4676.0316,5394.7197,2892.3499,2892.3500,5394.7196
337,2886.4214,5382.3401,-0.7729,4665.3310,5382.3403,2886.4212,2886.4214,5382.3401
338,2842.4594,5275.3087,-5.7904,4573.1507,5275.3225,2842.4456,2842.4594,5275.3087
339,2824.8087,5230.3803,-17.6793,4534.5933,5230.5102,2824.6788,2824.8087,5230.3803
340,2837.6542,5348.9567,-10.7460,4635.2429,5349.0027,2837.6082,2837.6542,5348.9567
341,2854.8153,5375.7838,-4.1894,4658.5625,5375.7908,2854.8083,2854.8153,5375.7838
342,2857.2157,5347.0066,-9.9592,4634.3184,5347.0464,2857.1759,2857.2157,5347.0066
343,2845.3949,5309.8673,-13.8002,4602.4847,5309.9446,2845.3177,2845.3949,5309.8673
344,2841.5704,5318.7064,-24.4020,4609.9315,5318.9468,2841.3301,2841.5704,5318.7064
345,2859.3435,5336.5323,-8.5961,4625.5448,5336.5621,2859.3136,2859.3435,5336.5323
346,2845.3710,5311.4167,-17.1703,4603.8263,5311.5362,2845.2514,2845.3710,5311.4167
347,2843.4086,5294.2528,-9.9361,4589.1892,5294.2931,2843.3683,2843.4086,5294.2528
348,2843.0907,5341.6188,-13.3098,4629.2419,5341.6897,2843.0198,2843.0907,5341.6188
349,2857.1121,5373.3664,-13.3322,4656.6489,5373.4370,2857.0415,2857.1121,5373.3664
350,2857.8220,5351.6225,13.2425,4638.2703,5351.6928,2857.7517,2857.8220,5351.6225
351,2834.5300,5349.1483,18.1811,4635.3660,5349.2797,2834.3985,2834.5300,5349.1483
352,2823.4235,5349.5425,-0.9183,4635.2243,5349.5429,2823.4231,2823.4235,5349.5425
353,2859.7611,5301.0975,-2.1647,4595.6512,5301.0994,2859.7592,2859.7611,5301.0975
354,2826.6256,5351.7830,1.7728,4637.2315,5351.7843,2826.6244,2826.6256,5351.7830
355,2845.0448,5324.7919,-13.6730,4615.0816,5324.8673,2844.9694,2845.0448,5324.7919
356,2826.7936,5293.4846,-30.0070,4588.1209,5293.8495,2826.4286,2826.7936,5293.4846
357,2814.0209,5301.4637,-21.8435,4594.2609,5301.6555,2813.8291,2814.0209,5301.4637
358,2826.7150,5302.2900,-29.8592,4595.5640,5302.6501,2826.3549,2826.7150,5302.2900
359,2800.1323,5315.5167,30.5614,4605.8779,5315.8880,2799.7610,2800.1323,5315.5167
360,2796.0226,5343.4016,18.2971,4629.2997,5343.5330,2795.8912,2796.0226,5343.4016
361,2831.4114,5257.7062,3.8774,4557.8154,5257.7124,2831.4052,2831.4114,5257.7062
362,2844.9158,5331.6296,15.9193,4620.8812,5331.7315,2844.8139,2844.9158,5331.6296
363,2836.4377,5285.0572,18.6577,4581.2135,5285.1993,2836.2955,2836.4377,5285.0572
364,2827.7071,5370.1980,2.9074,4652.9165,5370.2013,2827.7037,2827.7071,5370.1980
365,2839.1850,5324.8792,16.5263,4614.9552,5324.9890,2839.0751,2839.1850,5324.8792
366,2833.7735,5330.8159,17.7563,4619.7935,5330.9422,2833.6473,2833.7735,5330.8159
367,2846.4802,5367.9778,-7.6414,4651.6629,5368.0009,2846.4571,2846.4802,5367.9778
368,2844.7171,5371.5064,-4.8111,4654.5837,5371.5155,2844.7079,2844.7171,5371.5064
369,2815.9018,5344.0367,-22.2407,4630.4678,5344.2323,2815.7062,2815.9018,5344.0367
370,2886.7134,5402.7129,3.8460,4682.5614,5402.7188,2886.7075,2886.7134,5402.7129
371,2893.8572,5401.8894,0.0094,4682.1493,5401.8894,2893.8572,2893.8572,5401.8894
372,2833.8148,5294.8947,-16.5819,4589.3888,5295.0064,2833.7031,2833.8148,5294.8947
373,2811.8980,5254.9645,-36.3120,4555.1020,5255.5041,2811.3584,2811.8980,5254.9645
374,2808.9603,5331.1625,7.2613,4619.1650,5331.1834,2808.9394,2808.9603,5331.1625
375,2876.0690,5357.3072,-1.5564,4643.7631,5357.3082,2876.0680,2876.0690,5357.3072
376,2851.6317,5311.6176,-15.9292,4604.2447,5311.7207,2851.5286,2851.6317,5311.6176
377,2815.5633,5225.8677,28.4670,4530.5363,5226.2038,2815.2272,2815.5633,5225.8677
378,2831.0274,5263.7098,25.2919,4563.0658,5263.9727,2830.7645,2831.0274,5263.7098
379,2824.6952,5332.0698,-13.0284,4620.4879,5332.1375,2824.6275,2824.6952,5332.0698
380,2839.4796,5358.9342,4.7212,4643.7380,5358.9430,2839.4707,2839.4796,5358.9342
381,2811.6454,5226.9223,-2.3464,4530.9857,5226.9246,2811.6432,2811.6454,5226.9223
382,2837.6573,5256.1081,-3.1918,4556.7497,5256.1123,2837.6531,2837.6573,5256.1081
383,2794.3690,5346.7877,-10.4769,4632.0696,5346.8307,2794.3260,2794.3690,5346.7877
384,2848.9722,5298.2897,18.1043,4592.9097,5298.4235,2848.8384,2848.9722,5298.2897
385,2862.6512,5358.8166,11.7689,4644.5323,5358.8721,2862.5957,2862.6512,5358.8166
386,2830.0745,5266.2414,-13.5686,4565.0101,5266.3169,2829.9990,2830.0745,5266.2414
387,2824.5936,5307.8164,-29.6091,4600.1576,5308.1694,2824.2406,2824.5936,5307.8164
388,2820.7629,5318.6613,-29.4080,4609.2053,5319.0075,2820.4167,2820.7629,5318.6613
389,2828.0424,5346.1813,17.0919,4632.6156,5346.2973,2827.9264,2828.0424,5346.1813
390,2883.4139,5386.7261,2.2746,4668.9130,5386.7282,2883.4119,2883.4139,5386.7261
391,2892.7279,5396.6239,1.9671,4677.6566,5396.6254,2892.7264,2892.7279,5396.6239
392,2866.2025,5384.4064,3.9539,4666.2830,5384.4126,2866.1963,2866.2025,5384.4064
393,2866.7366,5386.5369,-9.5209,4668.1311,5386.5729,2866.7007,2866.7366,5386.5369
394,2867.0815,5380.9730,-3.5883,4663.4084,5380.9781,2867.0764,2867.0815,5380.9730
395,2844.1482,5383.9882,-2.7189,4665.1548,5383.9911,2844.1453,2844.1482,5383.9882
396,2875.2641,5384.6627,3.8161,4666.8461,5384.6685,2875.2583,2875.2641,5384.6627
397,2877.5842,5392.4079,6.8728,4673.4985,5392.4267,2877.5654,2877.5842,5392.4079
398,2869.4914,5380.2488,4.0800,4662.8886,5380.2554,2869.4848,2869.4914,5380.2488
399,2872.6754,5385.1116,10.0281,4667.1527,5385.1516,2872.6354,2872.6754,5385.1116
400,2838.7979,5294.7925,12.2495,4589.4668,5294.8536,2838.7368,2838.7979,5294.7925
401,2842.4608,5291.6489,5.7040,4586.9297,5291.6622,2842.4475,2842.4608,5291.6489
402,2888.7783,5385.6455,-3.5283,4668.2244,5385.6505,2888.7733,2888.7783,5385.6455
403,2874.8516,5357.9836,-5.6459,4644.2920,5357.9964,2874.8388,2874.8516,5357.9836
404,2875.7361,5354.3080,5.0277,4641.2252,5354.3182,2875.7259,2875.7361,5354.3080
405,2894.5842,5405.5363,-0.1898,4685.2599,5405.5363,2894.5842,2894.5842,5405.5363
406,2883.7470,5401.2707,2.4223,4681.2222,5401.2730,2883.7447,2883.7470,5401.2707
407,2896.6884,5410.3855,0.5872,4689.4429,5410.3856,2896.6882,2896.6884,5410.3855
408,2893.5924,5409.3526,-1.2307,4688.4449,5409.3532,2893.5918,2893.5924,5409.3526
409,2884.2115,5394.1296,-1.7130,4675.2014,5394.1308,2884.2103,2884.2115,5394.1296
410,2876.6373,5387.6260,-2.7682,4669.4039,5387.6291,2876.6343,2876.6373,5387.6260
411,2886.1915,5387.0097,-3.8704,4669.2696,5387.0157,2886.1855,2886.1915,5387.0097
412,2887.7003,5382.5215,1.1451,4665.5381,5382.5221,2887.6998,2887.7003,5382.5215
413,2878.9236,5369.9275,-5.9477,4654.5480,5369.9417,2878.9094,2878.9236,5369.9275
414,2866.6360,5333.3663,-2.9904,4623.1596,5333.3699,2866.6324,2866.6360,5333.3663
415,2833.3726,5256.5091,-5.6177,4556.8996,5256.5222,2833.3596,2833.3726,5256.5091
416,2855.8059,5317.0624,-1.7706,4608.9360,5317.0637,2855.8046,2855.8059,5317.0624
417,2871.0007,5360.1986,5.9446,4646.0033,5360.2128,2870.9865,2871.0007,5360.1986
418,2835.9436,5246.8273,15.1179,4548.9287,5246.9221,2835.8488,2835.9436,5246.8273
419,2847.6691,5281.0678,14.1837,4578.2929,5281.1505,2847.5865,2847.6691,5281.0678
420,2847.3193,5322.6703,-12.8561,4613.3719,5322.7371,2847.2526,2847.3193,5322.6703
421,2833.0665,5305.6017,-17.3165,4598.4184,5305.7229,2832.9452,2833.0665,5305.6017
422,2823.1650,5359.9565,7.4234,4644.0842,5359.9782,2823.1433,2823.1650,5359.9565
423,2812.4657,5357.4011,4.5939,4641.5802,5357.4094,2812.4574,2812.4657,5357.4011
424,2829.9884,5311.1302,-17.5598,4602.9802,5311.2545,2829.8641,2829.9884,5311.1302
425,2846.2354,5294.4302,-9.0190,4589.4549,5294.4634,2846.2022,2846.2354,5294.4302
426,2832.9676,5264.3873,-11.3665,4563.5543,5264.4404,2832.9145,2832.9676,5264.3873
427,2862.2389,5320.6082,-7.0200,4612.2207,5320.6283,2862.2188,2862.2389,5320.6082
428,2856.6022,5298.6029,-6.2737,4593.4177,5298.6191,2856.5861,2856.6022,5298.6029
429,2837.7173,5309.3597,18.2768,4601.7910,5309.4948,2837.5822,2837.7173,5309.3597
430,2855.0093,5330.1483,10.2588,4619.9840,5330.1908,2854.9668,2855.0093,5330.1483
431,2846.3874,5296.7255,-4.0886,4591.3767,5296.7324,2846.3806,2846.3874,5296.7255
432,2851.2660,5295.0615,-10.3238,4590.2163,5295.1052,2851.2224,2851.2660,5295.0615
433,2824.7326,5346.9685,3.4253,4633.0837,5346.9731,2824.7280,2824.7326,5346.9685
434,2826.4090,5370.3975,1.9414,4653.0451,5370.3990,2826.4075,2826.4090,5370.3975
435,2833.8837,5344.6359,-21.3977,4631.5577,5344.8182,2833.7013,2833.8837,5344.6359
436,2847.9737,5356.4270,-18.1295,4642.0133,5356.5580,2847.8427,2847.9737,5356.4270
437,2824.0710,5346.6626,18.3488,4632.9077,5346.7961,2823.9375,2824.0710,5346.6626
438,2837.0153,5331.8682,19.2542,4620.8219,5332.0168,2836.8667,2837.0153,5331.8682
439,2828.2370,5330.1330,21.4606,4619.0631,5330.3170,2828.0529,2828.2370,5330.1330
440,2895.6260,5407.9552,0.1278,4687.3462,5407.9553,2895.6260,2895.6260,5407.9552
441,2894.7452,5407.2122,1.2697,4686.6830,5407.2129,2894.7446,2894.7452,5407.2122
442,2851.5135,5347.0640,-20.4495,4634.2478,5347.2316,2851.3460,2851.5135,5347.0640
443,2861.4343,5361.9208,-14.8398,4647.1365,5362.0089,2861.3462,2861.4343,5361.9208
444,2874.0645,5385.6767,-4.4871,4667.6588,5385.6847,2874.0565,2874.0645,5385.6767
445,2867.5725,5368.6503,-6.7838,4653.0122,5368.6687,2867.5541,2867.5725,5368.6503
446,2828.7481,5358.9114,-16.7796,4643.4450,5359.0226,2828.6369,2828.7481,5358.9114
447,2826.1461,5341.5589,-9.2603,4628.5618,5341.5930,2826.1120,2826.1461,5341.5589
448,2847.1695,5297.8442,2.6501,4592.3510,5297.8470,2847.1666,2847.1695,5297.8442
449,2825.7763,5345.3250,9.8081,4631.7498,5345.3631,2825.7381,2825.7763,5345.3250
450,2825.7596,5334.5906,19.4385,4622.7305,5334.7412,2825.6090,2825.7596,5334.5906
451,2815.6616,5285.9076,-20.7707,4581.1283,5286.0823,2815.4869,2815.6616,5285.9076
452,2828.7849,5289.5277,-30.1734,4584.8580,5289.8976,2828.4150,2828.7849,5289.5277
453,2862.9450,5337.9671,-12.7312,4626.9349,5338.0326,2862.8796,2862.9450,5337.9671
454,2815.2990,5363.1068,-3.5063,4646.5160,5363.1116,2815.2942,2815.2990,5363.1068
455,2852.6810,5385.2622,2.5685,4666.5215,5385.2648,2852.6784,2852.6810,5385.2622
456,2843.3113,5360.3416,13.9688,4645.1207,5360.4191,2843.2338,2843.3113,5360.3416
457,2803.6597,5301.7949,-34.8402,4594.4259,5302.2807,2803.1739,2803.6597,5301.7949
458,2821.8429,5322.2773,-29.1238,4612.3039,5322.6165,2821.5037,2821.8429,5322.2773
459,2826.2252,5330.7910,-15.0545,4619.4746,5330.8814,2826.1347,2826.2252,5330.7910
460,2810.6084,5321.7837,-16.0163,4611.3144,5321.8858,2810.5062,2810.6084,5321.7837
461,2828.6292,5350.3083,-19.2367,4636.1637,5350.4550,2828.4825,2828.6292,5350.3083
462,2816.0136,5275.3334,23.3187,4572.2310,5275.5545,2815.7925,2816.0136,5275.3334
463,2831.0929,5233.9911,-1.4458,4537.8234,5233.9920,2831.0920,2831.0929,5233.9911
464,2816.6534,5239.2148,-15.0452,4541.6445,5239.3082,2816.5600,2816.6534,5239.2148
465,2817.1798,5236.5035,-9.1525,4539.3337,5236.5381,2817.1452,2817.1798,5236.5035
466,2849.7041,5366.5268,13.6414,4650.5880,5366.6008,2849.6302,2849.7041,5366.5268
467,2839.4050,5363.5132,14.5438,4647.6815,5363.5970,2839.3212,2839.4050,5363.5132
468,2812.7169,5309.8014,-19.6261,4601.2558,5309.9557,2812.5626,2812.7169,5309.8014
469,2813.7157,5304.4031,-22.6487,4596.7537,5304.6090,2813.5097,2813.7157,5304.4031
470,2815.3156,5234.7378,-31.5914,4538.0653,5235.1503,2814.9032,2815.3156,5234.7378
471,2829.6132,5277.9756,-27.8265,4575.0881,5278.2918,2829.2969,2829.6132,5277.9756
472,2838.4254,5376.9627,-0.5533,4658.9999,5376.9628,2838.4253,2838.4254,5376.9627
473,2824.4841,5367.0798,-1.9832,4650.1652,5367.0813,2824.4825,2824.4841,5367.0798
474,2881.3191,5395.5556,1.5316,4676.2923,5395.5565,2881.3182,2881.3191,5395.5556
475,2894.2126,5408.4447,1.4486,4687.7029,5408.4456,2894.2118,2894.2126,5408.4447
476,2890.1092,5399.1242,-0.6126,4679.6598,5399.1243,2890.1091,2890.1092,5399.1242
477,2876.6117,5394.1597,-7.1674,4674.9444,5394.1801,2876.5913,2876.6117,5394.1597
478,2871.4775,5391.2486,6.3723,4672.2818,5391.2647,2871.4614,2871.4775,5391.2486
479,2879.7541,5398.2567,5.1816,4678.5241,5398.2674,2879.7435,2879.7541,5398.2567
480,2884.3924,5373.5455,3.4781,4657.8249,5373.5503,2884.3876,2884.3924,5373.5455
481,2876.6514,5362.2095,6.7283,4647.9396,5362.2277,2876.6331,2876.6514,5362.2095
482,2860.9345,5341.7711,8.6219,4630.0357,5341.8011,2860.9045,2860.9345,5341.7711
483,2891.5657,5402.3138,-0.9707,4682.4144,5402.3142,2891.5654,2891.5657,5402.3138
484,2895.4484,5409.1301,1.3740,4688.3322,5409.1309,2895.4476,2895.4484,5409.1301
485,2858.5642,5348.9954,10.3353,4636.0559,5349.0383,2858.5213,2858.5642,5348.9954
486,2880.4572,5382.8547,7.6566,4665.5387,5382.8781,2880.4338,2880.4572,5382.8547
487,2881.0958,5395.7464,-7.0862,4676.4602,5395.7663,2881.0758,2881.0958,5395.7464
488,2872.1280,5389.6095,-8.3245,4670.9281,5389.6370,2872.1005,2872.1280,5389.6095
489,2854.4458,5318.0200,4.2193,4609.6910,5318.0272,2854.4385,2854.4458,5318.0200
490,2852.1522,5319.3177,7.9497,4610.7048,5319.3433,2852.1266,2852.1522,5319.3177
491,2892.8648,5395.7306,-1.6780,4676.9076,5395.7317,2892.8636,2892.8648,5395.7306
492,2897.0146,5409.0452,-0.1615,4688.3239,5409.0452,2897.0146,2897.0146,5409.0452
493,2841.2271,5362.0198,-1.0932,4646.4089,5362.0203,2841.2266,2841.2271,5362.0198
494,2842.4788,5381.1847,0.8536,4662.7173,5381.1850,2842.4786,2842.4788,5381.1847
495,2871.6783,5343.3228,-4.4266,4631.7803,5343.3307,2871.6704,2871.6783,5343.3228
496,2881.5678,5374.4190,-5.9991,4658.4512,5374.4334,2881.5533,2881.5678,5374.4190
497,2881.1598,5390.2504,7.7528,4671.8185,5390.2743,2881.1358,2881.1598,5390.2504
498,2850.2829,5366.7506,-6.9711,4650.7541,5366.7700,2850.2636,2850.2829,5366.7506
499,2860.1268,5367.6631,-14.5603,4651.9427,5367.7476,2860.0422,2860.1268,5367.6631
500,2868.9229,5347.9974,-4.8273,4635.6092,5348.0068,2868.9135,2868.9229,5347.9974
501,2869.5356,5349.2358,-8.0195,4636.6937,5349.2618,2869.5096,2869.5356,5349.2358
502,2857.0636,5332.9183,16.1565,4622.4589,5333.0237,2856.9582,2857.0636,5332.9183
503,2843.4475,5308.3755,19.9307,4601.2117,5308.5367,2843.2863,2843.4475,5308.3755
504,2851.8949,5357.5021,-9.6498,4642.9925,5357.5392,2851.8577,2851.8949,5357.5021
505,2848.3787,5361.6981,-8.1633,4646.4094,5361.7246,2848.3522,2848.3787,5361.6981
506,2869.3089,5387.2348,0.2028,4668.7891,5387.2348,2869.3089,2869.3089,5387.2348
507,2854.2580,5372.5557,-10.7538,4655.8383,5372.6016,2854.2120,2854.2580,5372.5557
508,2832.0576,5268.8417,-25.1449,4567.4365,5269.1011,2831.7981,2832.0576,5268.8417
509,2861.9313,5383.3281,-10.4501,4665.2422,5383.3714,2861.8880,2861.9313,5383.3281
510,2843.8176,5379.4962,-5.0922,4661.3356,5379.5065,2843.8074,2843.8176,5379.4962
511,2890.2372,5392.6330,0.1751,4674.1816,5392.6330,2890.2372,2890.2372,5392.6330
512,2888.0172,5393.6594,-0.2994,4674.9571,5393.6594,2888.0171,2888.0172,5393.6594
513,2864.5578,5367.9670,14.1294,4652.3659,5368.0468,2864.4781,2864.5578,5367.9670
514,2852.6049,5368.1161,7.8464,4651.9991,5368.1406,2852.5804,2852.6049,5368.1161
515,2846.0825,5304.7064,9.2716,4598.1215,5304.7414,2846.0475,2846.0825,5304.7064
516,2835.4060,5267.1427,4.8096,4565.9502,5267.1522,2835.3964,2835.4060,5267.1427
517,2836.0334,5361.2310,-4.5277,4645.5694,5361.2392,2836.0253,2836.0334,5361.2310
518,2835.2314,5307.1750,22.3307,4599.8990,5307.3767,2835.0297,2835.2314,5307.1750
519,2813.3245,5303.4495,21.8009,4595.9191,5303.6403,2813.1336,2813.3245,5303.4495
520,2852.3861,5376.8558,10.9729,4659.4181,5376.9035,2852.3384,2852.3861,5376.8558
521,2836.7593,5339.8769,15.1677,4627.5516,5339.9688,2836.6674,2836.7593,5339.8769
522,2851.4372,5366.3036,5.8482,4650.4122,5366.3172,2851.4236,2851.4372,5366.3036
523,2828.2928,5370.4794,6.7336,4653.1857,5370.4972,2828.2750,2828.2928,5370.4794
524,2855.4950,5320.3445,-7.1196,4611.7081,5320.3650,2855.4745,2855.4950,5320.3445
525,2866.3399,5343.7664,-5.1369,4631.9296,5343.7770,2866.3293,2866.3399,5343.7664
526,2835.5012,5348.8824,19.3375,4635.1881,5349.0311,2835.3525,2835.5012,5348.8824
527,2820.3723,5331.2519,21.2963,4619.7394,5331.4325,2820.1917,2820.3723,5331.2519
528,2835.6258,5264.5091,-15.7069,4563.8133,5264.6107,2835.5243,2835.6258,5264.5091
529,2814.1702,5219.3039,-26.3369,4524.9042,5219.5922,2813.8818,2814.1702,5219.3039
530,2845.5794,5333.0611,-13.4417,4622.0943,5333.1337,2845.5067,2845.5794,5333.0611
531,2854.4972,5334.5687,-19.0422,4623.7813,5334.7149,2854.3510,2854.4972,5334.5687
532,2851.5795,5339.5874,-20.1227,4627.9213,5339.7501,2851.4168,2851.5795,5339.5874
533,2839.7560,5312.3919,-24.8530,4604.5280,5312.6416,2839.5062,2839.7560,5312.3919
534,2873.5372,5362.4431,2.8241,4647.9949,5362.4463,2873.5340,2873.5372,5362.4431
535,2882.8054,5378.8898,3.2453,4662.2700,5378.8940,2882.8012,2882.8054,5378.8898
536,2859.5740,5358.4350,9.7174,4644.0748,5358.4728,2859.5362,2859.5740,5358.4350
537,2856.4901,5363.6010,9.3634,4648.3267,5363.6360,2856.4551,2856.4901,5363.6010
538,2817.8792,5254.7825,18.8518,4554.8772,5254.9283,2817.7334,2817.8792,5254.7825
539,2830.3088,5283.7206,16.9898,4579.8096,5283.8382,2830.1912,2830.3088,5283.7206
540,2819.3915,5214.2769,22.8424,4520.8549,5214.4947,2819.1737,2819.3915,5214.2769
541,2830.2619,5267.5548,12.1254,4566.1141,5267.6151,2830.2016,2830.2619,5267.5548
542,2808.9196,5314.5272,14.5406,4605.0823,5314.6116,2808.8353,2808.9196,5314.5272
543,2861.5331,5331.7171,13.2404,4621.6036,5331.7881,2861.4621,2861.5331,5331.7171
544,2866.3865,5352.0084,7.9287,4638.9039,5352.0337,2866.3612,2866.3865,5352.0084
545,2889.4649,5404.6765,2.5173,4684.3283,5404.6790,2889.4624,2889.4649,5404.6765
546,2879.5605,5394.6712,1.2517,4675.4753,5394.6719,2879.5599,2879.5605,5394.6712
547,2868.1125,5392.0586,-5.9598,4672.8408,5392.0727,2868.0985,2868.1125,5392.0586
548,2897.1154,5409.7896,-0.2151,4688.9569,5409.7896,2897.1154,2897.1154,5409.7896
549,2894.4868,5408.2656,1.6737,4687.5629,5408.2667,2894.4857,2894.4868,5408.2656
550,2881.4362,5386.1109,8.0281,4668.3320,5386.1366,2881.4105,2881.4362,5386.1109
551,2876.6640,5376.0230,5.1107,4659.6015,5376.0335,2876.6536,2876.6640,5376.0230
552,2882.2843,5400.4183,-3.9819,4680.4473,5400.4246,2882.2780,2882.2843,5400.4183
553,2890.0426,5404.9094,1.4604,4684.5469,5404.9103,2890.0418,2890.0426,5404.9094
554,2887.1798,5395.2735,5.0967,4676.2951,5395.2838,2887.1694,2887.1798,5395.2735
555,2880.8270,5392.2175,-7.1769,4673.4658,5392.2380,2880.8065,2880.8270,5392.2175
556,2885.4172,5395.4352,-3.0700,4676.3554,5395.4389,2885.4134,2885.4172,5395.4352
557,2862.0103,5391.7828,-4.5605,4672.3815,5391.7910,2862.0021,2862.0103,5391.7828
558,2873.3174,5395.2540,-5.0598,4675.7372,5395.2642,2873.3073,2873.3174,5395.2540
559,2875.3017,5392.0482,0.3354,4673.0909,5392.0482,2875.3016,2875.3017,5392.0482
560,2883.1110,5398.0470,0.1211,4678.4689,5398.0470,2883.1110,2883.1110,5398.0470
561,2896.0573,5405.9674,-0.8581,4685.6849,5405.9677,2896.0570,2896.0573,5405.9674
562,2891.8569,5399.8925,-2.3356,4680.3820,5399.8947,2891.8547,2891.8569,5399.8925
563,2863.8451,5361.9057,-14.7504,4647.2171,5361.9928,2863.7580,2863.8451,5361.9057
564,2853.2271,5360.8481,-9.0517,4645.8719,5360.8807,2853.1944,2853.2271,5360.8481
565,2856.6230,5341.9061,11.6725,4629.9949,5341.9610,2856.5682,2856.6230,5341.9061
566,2863.9319,5341.6038,4.9881,4630.0024,5341.6139,2863.9219,2863.9319,5341.6038
567,2876.2099,5371.5562,5.8715,4655.8114,5371.5701,2876.1960,2876.2099,5371.5562
568,2868.7831,5351.9688,3.4405,4638.9529,5351.9736,2868.7783,2868.7831,5351.9688
569,2842.9299,5269.1109,2.8637,4567.9417,5269.1143,2842.9265,2842.9299,5269.1109
570,2853.0848,5306.6783,-7.7996,4600.0769,5306.7031,2853.0600,2853.0848,5306.6783
571,2872.1562,5388.1952,2.5383,4669.7119,5388.1977,2872.1536,2872.1562,5388.1952
572,2847.6039,5372.6600,5.1852,4655.6629,5372.6707,2847.5932,2847.6039,5372.6600
573,2813.5123,5305.8957,20.6368,4597.9838,5306.0665,2813.3415,2813.5123,5305.8957
574,2825.6885,5305.2935,26.0337,4597.9975,5305.5668,2825.4152,2825.6885,5305.2935
575,2857.1354,5372.3830,11.2675,4655.8003,5372.4335,2857.0849,2857.1354,5372.3830
576,2861.8634,5376.6867,4.1103,4659.5847,5376.6934,2861.8567,2861.8634,5376.6867
577,2883.0372,5381.5940,-1.9375,4664.5614,5381.5955,2883.0357,2883.0372,5381.5940
578,2878.1318,5352.1138,2.0802,4639.4708,5352.1156,2878.1300,2878.1318,5352.1138
579,2851.2400,5316.5021,-12.1209,4608.3165,5316.5616,2851.1804,2851.2400,5316.5021
580,2848.2295,5299.3275,3.7507,4593.6505,5299.3333,2848.2237,2848.2295,5299.3275
581,2865.2181,5379.9059,-11.8201,4662.4755,5379.9615,2865.1625,2865.2181,5379.9059
582,2878.6231,5381.3498,-4.6013,4664.1808,5381.3583,2878.6147,2878.6231,5381.3498
583,2865.0369,5377.4317,5.6317,4660.3394,5377.4443,2865.0243,2865.0369,5377.4317
584,2873.6505,5379.5952,10.9357,4662.5308,5379.6429,2873.6028,2873.6505,5379.5952
585,2883.8812,5376.9715,-0.5410,4660.6917,5376.9716,2883.8811,2883.8812,5376.9715
586,2873.1864,5360.5782,-9.8371,4646.4339,5360.6171,2873.1475,2873.1864,5360.5782
587,2883.3201,5393.0164,-2.0258,4674.2251,5393.0180,2883.3185,2883.3201,5393.0164
588,2874.5513,5374.1432,-11.2756,4657.9600,5374.1940,2874.5004,2874.5513,5374.1432
589,2820.9166,5245.3546,14.8172,4547.0063,5245.4451,2820.8261,2820.9166,5245.3546
590,2819.3347,5241.5348,16.2418,4543.7303,5241.6437,2819.2258,2819.3347,5241.5348
591,2824.8082,5337.5645,14.0090,4625.1626,5337.6426,2824.7301,2824.8082,5337.5645
592,2863.6546,5386.0861,9.3403,4667.6346,5386.1207,2863.6200,2863.6546,5386.0861
593,2842.6557,5377.5550,8.2433,4659.6626,5377.5818,2842.6289,2842.6557,5377.5550
594,2883.0974,5376.3724,-2.8673,4660.1556,5376.3757,2883.0941,2883.0974,5376.3724
595,2887.0043,5388.1884,4.2205,4670.2996,5388.1955,2886.9972,2887.0043,5388.1884
596,2858.9215,5323.9957,-10.5153,4614.9549,5324.0406,2858.8767,2858.9215,5323.9957
597,2850.9094,5332.2436,17.5904,4621.6546,5332.3683,2850.7847,2850.9094,5332.2436
598,2842.2454,5328.1133,19.1615,4617.8400,5328.2610,2842.0977,2842.2454,5328.1133
599,2856.6479,5297.2782,9.0574,4592.3176,5297.3118,2856.6143,2856.6479,5297.2782
600,2844.5816,5268.5216,11.5037,4567.5619,5268.5762,2844.5270,2844.5816,5268.5216
601,2827.1863,5251.3260,-22.1062,4552.4055,5251.5275,2826.9848,2827.1863,5251.3260
602,2839.5320,5282.0759,-19.2659,4578.8380,5282.2278,2839.3801,2839.5320,5282.0759
603,2851.6221,5326.5214,19.3246,4616.8683,5326.6722,2851.4713,2851.6221,5326.5214
604,2856.5119,5323.0551,16.1969,4614.1080,5323.1615,2856.4055,2856.5119,5323.0551
605,2849.9187,5373.5724,-1.2754,4656.5091,5373.5730,2849.9181,2849.9187,5373.5724
606,2837.4887,5361.2671,-0.2501,4645.6423,5361.2671,2837.4887,2837.4887,5361.2671
607,2847.1101,5356.4279,-19.7648,4642.0026,5356.5836,2846.9544,2847.1101,5356.4279
608,2839.2507,5352.4416,-11.8485,4638.2619,5352.4975,2839.1949,2839.2507,5352.4416
609,2844.2401,5359.4767,-17.1274,4644.4519,5359.5933,2844.1235,2844.2401,5359.4767
610,2895.5496,5403.6805,-0.5026,4683.7321,5403.6806,2895.5495,2895.5496,5403.6805
611,2891.2920,5403.1367,-1.2443,4683.0988,5403.1374,2891.2914,2891.2920,5403.1367
612,2828.7460,5278.7089,29.0818,4575.6947,5279.0541,2828.4008,2828.7460,5278.7089
613,2889.3231,5403.1071,-0.0202,4682.9939,5403.1071,2889.3231,2889.3231,5403.1071
614,2881.2351,5396.0908,6.7215,4676.7554,5396.1087,2881.2171,2881.2351,5396.0908
615,2873.6539,5390.9539,-1.1481,4672.1022,5390.9544,2873.6534,2873.6539,5390.9539
616,2864.2745,5380.5732,-1.3969,4662.9608,5380.5740,2864.2737,2864.2745,5380.5732
617,2865.4446,5354.9627,13.7405,4641.4024,5355.0385,2865.3688,2865.4446,5354.9627
618,2866.7813,5354.0207,14.4378,4640.6671,5354.1045,2866.6975,2866.7813,5354.0207
619,2893.4191,5403.7272,0.3859,4683.6839,5403.7273,2893.4190,2893.4191,5403.7272
620,2895.6191,5408.8955,-0.4003,4688.1403,5408.8955,2895.6190,2895.6191,5408.8955
621,2883.1445,5391.2990,2.1313,4672.7665,5391.3008,2883.1427,2883.1445,5391.2990
622,2885.4076,5399.3625,4.8897,4679.6798,5399.3720,2885.3981,2885.4076,5399.3625
623,2895.1247,5403.8478,-0.9763,4683.8560,5403.8481,2895.1243,2895.1247,5403.8478
624,2888.6645,5403.1052,-1.7072,4682.9669,5403.1063,2888.6634,2888.6645,5403.1052
625,2865.6902,5387.9687,-8.9605,4669.3017,5388.0005,2865.6583,2865.6902,5387.9687
626,2863.3835,5374.7301,-5.6948,4657.9902,5374.7430,2863.3706,2863.3835,5374.7301
627,2894.3176,5407.4779,0.9150,4686.8898,5407.4783,2894.3173,2894.3176,5407.4779
628,2896.4181,5408.5811,-0.2770,4687.9074,5408.5811,2896.4180,2896.4181,5408.5811
629,2870.1419,5393.6084,-2.2247,4674.2186,5393.6104,2870.1399,2870.1419,5393.6084
630,2862.2507,5378.3247,7.0071,4660.9966,5378.3442,2862.2312,2862.2507,5378.3247
631,2875.9819,5364.6886,-3.7840,4649.9948,5364.6944,2875.9762,2875.9819,5364.6886
632,2879.1163,5363.2833,-2.2978,4648.9373,5363.2854,2879.1141,2879.1163,5363.2833
633,2885.2703,5398.5368,-5.0284,4678.9766,5398.5469,2885.2602,2885.2703,5398.5368
634,2878.6954,5395.2687,0.3561,4675.9466,5395.2687,2878.6953,2878.6954,5395.2687
635,2858.2628,5325.9494,2.0078,4616.5412,5325.9510,2858.2612,2858.2628,5325.9494
636,2869.2773,5332.7065,6.8000,4622.7303,5332.7253,2869.2585,2869.2773,5332.7065
637,2828.2961,5284.6543,25.0042,4580.6265,5284.9088,2828.0416,2828.2961,5284.6543
638,2872.6696,5374.3221,10.2810,4658.0290,5374.3643,2872.6273,2872.6696,5374.3221
639,2867.7613,5361.3039,9.0081,4646.8202,5361.3364,2867.7288,2867.7613,5361.3039
640,2856.3375,5355.7422,-9.8318,4641.6722,5355.7809,2856.2989,2856.3375,5355.7422
641,2858.5220,5347.4862,-9.6040,4634.7736,5347.5233,2858.4849,2858.5220,5347.4862
642,2866.8473,5321.9756,5.0117,4613.5693,5321.9858,2866.8370,2866.8473,5321.9756
643,2874.6080,5344.8383,4.7831,4633.1869,5344.8475,2874.5988,2874.6080,5344.8383
644,2890.8233,5399.3294,2.7364,4679.8646,5399.3323,2890.8204,2890.8233,5399.3294
645,2855.6370,5297.3773,2.2933,4592.3304,5297.3795,2855.6349,2855.6370,5297.3773
646,2848.1428,5290.8889,6.8492,4586.5408,5290.9081,2848.1236,2848.1428,5290.8889
647,2814.1795,5255.9938,-16.0162,4555.7147,5256.0988,2814.0744,2814.1795,5255.9938
648,2885.6450,5385.1200,-3.8164,4667.6507,5385.1258,2885.6392,2885.6450,5385.1200
649,2871.5215,5378.5917,-10.1298,4661.5931,5378.6326,2871.4805,2871.5215,5378.5917
650,2816.8141,5285.1390,27.8478,4580.6340,5285.4531,2816.4999,2816.8141,5285.1390
651,2824.9330,5290.4812,29.6889,4585.5018,5290.8387,2824.5755,2824.9330,5290.4812
652,2890.3030,5406.6832,-2.6484,4686.0583,5406.6859,2890.3002,2890.3030,5406.6832
653,2886.1171,5401.4556,1.5044,4681.4707,5401.4565,2886.1162,2886.1171,5401.4556
654,2860.2947,5349.6292,-14.9400,4636.6984,5349.7189,2860.2050,2860.2947,5349.6292
655,2877.4422,5368.8560,-0.0281,4653.5702,5368.8560,2877.4422,2877.4422,5368.8560
656,2887.9745,5401.3507,-0.1292,4681.4553,5401.3507,2887.9745,2887.9745,5401.3507
657,2881.3997,5397.6260,-0.4056,4678.0458,5397.6260,2881.3996,2881.3997,5397.6260
658,2882.9494,5373.7881,-4.8820,4657.9726,5373.7977,2882.9398,2882.9494,5373.7881
659,2891.4379,5396.2853,-2.8899,4677.3186,5396.2887,2891.4346,2891.4379,5396.2853
660,2897.0680,5411.0594,-0.1413,4690.0277,5411.0595,2897.0680,2897.0680,5411.0594
661,2895.8551,5409.1047,0.4287,4688.3268,5409.1048,2895.8550,2895.8551,5409.1047
662,2850.3919,5329.5683,13.2899,4619.3293,5329.6395,2850.3207,2850.3919,5329.5683
663,2866.2069,5332.8146,9.4170,4622.7015,5332.8505,2866.1710,2866.2069,5332.8146
664,2890.4548,5402.7855,2.9831,4682.7705,5402.7891,2890.4513,2890.4548,5402.7855
665,2891.0182,5405.0392,3.1734,4684.6984,5405.0432,2891.0142,2891.0182,5405.0392
666,2884.7401,5393.8538,1.7836,4674.9895,5393.8550,2884.7388,2884.7401,5393.8538
667,2887.6542,5400.5706,4.8188,4680.7904,5400.5798,2887.6450,2887.6542,5400.5706
668,2865.6630,5338.3217,-7.5824,4627.3150,5338.3449,2865.6398,2865.6630,5338.3217
669,2862.4005,5339.3220,-9.3067,4628.0317,5339.3569,2862.3655,2862.4005,5339.3220
670,2800.9938,5314.4441,32.2931,4605.0283,5314.8589,2800.5789,2800.9938,5314.4441
671,2852.4053,5370.7689,2.2055,4654.2216,5370.7708,2852.4033,2852.4053,5370.7689
672,2856.8275,5389.0294,-5.2393,4669.8668,5389.0402,2856.8167,2856.8275,5389.0294
673,2859.3156,5372.5321,-6.6370,4655.9804,5372.5496,2859.2981,2859.3156,5372.5321
674,2862.5803,5374.8262,-11.0745,4658.0703,5374.8750,2862.5315,2862.5803,5374.8262
675,2887.1867,5403.5543,-1.2164,4683.2874,5403.5549,2887.1861,2887.1867,5403.5543
676,2885.9236,5401.3373,0.1179,4681.3623,5401.3373,2885.9236,2885.9236,5401.3373
677,2853.7212,5384.7415,6.0040,4666.1251,5384.7558,2853.7069,2853.7212,5384.7415
678,2865.9444,5386.4845,0.9602,4668.0285,5386.4849,2865.9441,2865.9444,5386.4845
679,2867.2240,5343.6165,10.5830,4631.8680,5343.6617,2867.1787,2867.2240,5343.6165
680,2871.5882,5344.2803,7.7912,4632.5976,5344.3048,2871.5636,2871.5882,5344.2803
681,2826.0447,5243.8722,-12.8918,4545.9658,5243.9409,2825.9760,2826.0447,5243.8722
682,2851.7302,5342.0732,13.1475,4629.9545,5342.1426,2851.6608,2851.7302,5342.0732
683,2847.6915,5346.6395,13.3757,4633.6657,5346.7111,2847.6200,2847.6915,5346.6395
684,2871.3189,5382.9092,10.3580,4665.2392,5382.9520,2871.2762,2871.3189,5382.9092
685,2860.7297,5371.1694,13.7521,4654.9263,5371.2447,2860.6544,2860.7297,5371.1694
686,2811.5370,5334.0668,-1.7923,4621.6980,5334.0680,2811.5357,2811.5370,5334.0668
687,2810.5146,5344.0028,3.6773,4630.1189,5344.0082,2810.5093,2810.5146,5344.0028
688,2867.6956,5366.4965,6.7870,4651.1958,5366.5150,2867.6771,2867.6956,5366.4965
689,2859.7271,5370.9950,11.4486,4654.7223,5371.0472,2859.6749,2859.7271,5370.9950
690,2883.0156,5378.6346,7.1313,4662.0762,5378.6550,2882.9952,2883.0156,5378.6346
691,2879.6945,5362.1934,4.5135,4648.0470,5362.2017,2879.6863,2879.6945,5362.1934
692,2859.7372,5305.7857,8.4750,4599.6219,5305.8151,2859.7078,2859.7372,5305.7857
693,2889.2117,5396.4348,1.3017,4677.3513,5396.4354,2889.2110,2889.2117,5396.4348
694,2888.5257,5394.4577,0.4010,4675.6524,5394.4578,2888.5256,2888.5257,5394.4577
695,2815.5298,5197.1301,-5.9797,4506.0850,5197.1451,2815.5147,2815.5298,5197.1301
696,2869.8173,5352.3622,6.6858,4639.3389,5352.3802,2869.7993,2869.8173,5352.3622
697,2881.8526,5383.0935,-1.8439,4665.7795,5383.0949,2881.8512,2881.8526,5383.0935
698,2875.4138,5371.8224,-7.2499,4656.0097,5371.8435,2875.3928,2875.4138,5371.8224
699,2891.9928,5406.3347,2.5654,4685.8314,5406.3374,2891.9902,2891.9928,5406.3347
700,2895.4757,5410.3508,-0.7515,4689.3643,5410.3510,2895.4755,2895.4757,5410.3508
701,2863.9147,5393.3796,3.3033,4673.7998,5393.3839,2863.9103,2863.9147,5393.3796
702,2890.1656,5398.4189,0.7495,4679.0662,5398.4191,2890.1653,2890.1656,5398.4189
703,2810.5906,5333.6572,-13.0246,4621.3744,5333.7245,2810.5233,2810.5906,5333.6572
704,2874.4537,5392.5181,5.0920,4673.4644,5392.5284,2874.4434,2874.4537,5392.5181
705,2895.1660,5409.8647,-0.7453,4688.9410,5409.8649,2895.1658,2895.1660,5409.8647
706,2893.8565,5404.0146,0.4618,4683.9446,5404.0147,2893.8564,2893.8565,5404.0146
707,2885.0757,5386.4351,4.7535,4668.7407,5386.4441,2885.0666,2885.0757,5386.4351
708,2892.0694,5402.1400,0.5666,4682.2878,5402.1401,2892.0693,2892.0694,5402.1400
709,2889.3061,5383.5632,-0.8485,4666.4850,5383.5635,2889.3058,2889.3061,5383.5632
710,2811.7401,5260.1512,-37.0265,4559.4965,5260.7110,2811.1803,2811.7401,5260.1512
711,2872.1731,5367.2825,10.0152,4652.0572,5367.3227,2872.1329,2872.1731,5367.2825
712,2861.9782,5349.4311,11.5072,4636.5692,5349.4843,2861.9250,2861.9782,5349.4311
713,2812.9535,5292.5537,-20.1303,4586.6480,5292.7171,2812.7901,2812.9535,5292.5537
714,2825.9019,5260.0508,-21.6343,4559.7009,5260.2431,2825.7096,2825.9019,5260.0508
715,2817.6301,5270.6591,-22.0611,4568.3235,5270.8575,2817.4317,2817.6301,5270.6591
716,2827.8967,5282.7929,-29.4875,4579.1174,5283.1470,2827.5426,2827.8967,5282.7929
717,2887.5634,5391.8298,1.9233,4673.3940,5391.8312,2887.5619,2887.5634,5391.8298
718,2881.8864,5403.0522,-1.8865,4682.6563,5403.0536,2881.8850,2881.8864,5403.0522
719,2819.0349,5224.0050,-27.7157,4529.1100,5224.3243,2818.7155,2819.0349,5224.0050
720,2806.2548,5342.3020,-18.8468,4628.6566,5342.4421,2806.1147,2806.2548,5342.3020
721,2882.8603,5398.5561,3.8689,4678.8945,5398.5621,2882.8544,2882.8603,5398.5561
722,2873.4425,5399.0554,-0.8833,4678.9526,5399.0557,2873.4422,2873.4425,5399.0554
723,2820.2251,5219.3393,-25.7875,4525.2023,5219.6165,2819.9480,2820.2251,5219.3393
724,2822.1384,5353.2907,-16.0427,4638.4514,5353.3924,2822.0367,2822.1384,5353.2907
725,2813.2130,5344.4087,-22.3513,4630.7030,5344.6060,2813.0157,2813.2130,5344.4087
726,2849.5522,5367.5044,7.9637,4651.3716,5367.5296,2849.5270,2849.5522,5367.5044
727,2855.1771,5390.3103,-0.5492,4670.8877,5390.3104,2855.1770,2855.1771,5390.3103
728,2870.0135,5387.4517,0.4131,4668.9994,5387.4518,2870.0135,2870.0135,5387.4517
729,2824.0164,5225.4141,-6.5433,4530.2864,5225.4319,2823.9985,2824.0164,5225.4141
730,2831.0245,5233.7023,1.2520,4537.5769,5233.7029,2831.0238,2831.0245,5233.7023
731,2812.0766,5338.7902,-6.6832,4625.7435,5338.8079,2812.0589,2812.0766,5338.7902
732,2798.8583,5337.9382,-25.9534,4624.8330,5338.2034,2798.5931,2798.8583,5337.9382
733,2817.0999,5287.7452,24.3304,4582.7907,5287.9847,2816.8603,2817.0999,5287.7452
734,2822.1944,5198.7039,1.2317,4507.7217,5198.7045,2822.1938,2822.1944,5198.7039
