face,S11,S22,S12,von_mises,principal_1,principal_2,T_wale_Nm,T_course_Nm
0,1280.5082,4619.6237,13.8078,4131.0689,4619.6808,1280.4511,1280.5082,4619.6237
1,1302.5245,4616.5824,-8.1540,4122.6680,4616.6025,1302.5045,1302.5245,4616.5824
2,1336.0253,4687.8629,-0.9417,4183.0517,4687.8632,1336.0251,1336.0253,4687.8629
3,1331.7836,4688.7968,-3.5593,4184.9777,4688.8006,1331.7799,1331.7836,4688.7968
4,1227.2166,4604.8274,11.9887,4130.3518,4604.8699,1227.1740,1227.2166,4604.8274
5,1216.2141,4613.9285,27.0918,4142.2445,4614.1445,1215.9981,1216.2141,4613.9285
6,1235.9831,4630.2335,9.2180,4152.5993,4630.2585,1235.9581,1235.9831,4630.2335
7,1214.5369,4531.2484,25.1318,4062.7378,4531.4388,1214.3465,1214.5369,4531.2484
8,1235.4532,4450.1998,20.5980,3979.1811,4450.3318,1235.3212,1235.4532,4450.1998
9,1231.2097,4429.4435,13.9500,3960.1587,4429.5043,1231.1489,1231.2097,4429.4435
10,1226.1896,4485.6735,24.2147,4015.7541,4485.8534,1226.0097,1226.1896,4485.6735
11,1266.1093,4598.3486,22.0229,4114.2782,4598.4941,1265.9637,1266.1093,4598.3486
12,1215.7656,4464.1142,41.7858,3998.0399,4464.6516,1215.2282,1215.7656,4464.1142
13,1247.9015,4491.8239,-12.5072,4016.0746,4491.8721,1247.8533,1247.9015,4491.8239
14,1239.2397,4636.3649,-10.8665,4157.6894,4636.3997,1239.2050,1239.2397,4636.3649
15,1217.1865,4573.5950,-40.2773,4103.3235,4574.0783,1216.7032,1217.1865,4573.5950
16,1260.7209,4577.9226,-29.0983,4096.0774,4578.1778,1260.4657,1260.7209,4577.9226
17,1312.6889,4671.6144,0.1501,4173.0991,4671.6144,1312.6889,1312.6889,4671.6144
18,1210.7544,4465.0885,-40.1716,4000.2072,4465.5843,1210.2586,1210.7544,4465.0885
19,1254.1760,4485.0694,-10.9554,4008.0043,4485.1065,1254.1389,1254.1760,4485.0694
20,1252.1347,4538.5615,-27.7491,4060.2711,4538.7958,1251.9004,1252.1347,4538.5615
21,1218.2311,4651.6870,4.2437,4177.9784,4651.6922,1218.2258,1218.2311,4651.6870
22,1225.1812,4511.0619,-23.6967,4040.4907,4511.2328,1225.0103,1225.1812,4511.0619
23,1212.0652,4617.5815,-5.3962,4146.6177,4617.5900,1212.0567,1212.0652,4617.5815
24,1280.0894,4566.0699,-6.5620,4079.5557,4566.0830,1280.0763,1280.0894,4566.0699
25,1240.9782,4574.7133,-35.2157,4098.1252,4575.0853,1240.6062,1240.9782,4574.7133
26,1241.5188,4616.2723,-26.7947,4137.9106,4616.4851,1241.3060,1241.5188,4616.2723
27,1262.6002,4649.3579,-12.1485,4164.2347,4649.4015,1262.5566,1262.6002,4649.3579
28,1216.8664,4497.7111,-44.6094,4030.2637,4498.3176,1216.2600,1216.8664,4497.7111
29,1267.5857,4661.4823,-2.3514,4174.6112,4661.4839,1267.5841,1267.5857,4661.4823
30,1213.2249,4451.7201,13.8196,3986.1462,4451.7790,1213.1659,1213.2249,4451.7201
31,1216.6626,4461.3889,40.7988,3995.1530,4461.9018,1216.1497,1216.6626,4461.3889
32,1270.6767,4555.3932,19.2913,4071.7209,4555.5065,1270.5634,1270.6767,4555.3932
33,1211.1390,4427.3341,1.2803,3963.0838,4427.3346,1211.1384,1211.1390,4427.3341
34,1258.5875,4510.1255,20.5533,4031.1480,4510.2554,1258.4576,1258.5875,4510.1255
35,1213.4658,4375.2016,-8.4103,3912.2811,4375.2240,1213.4435,1213.4658,4375.2016
36,1282.8577,4636.1509,10.4144,4146.3746,4636.1832,1282.8254,1282.8577,4636.1509
37,1211.2665,4511.5678,41.1728,4044.9704,4512.0814,1210.7529,1211.2665,4511.5678
38,1233.2953,4561.2055,31.7429,4086.9699,4561.5083,1232.9926,1233.2953,4561.2055
39,1236.3907,4632.2427,18.8757,4154.5327,4632.3476,1236.2858,1236.3907,4632.2427
40,1219.0624,4657.3371,-1.8782,4183.2199,4657.3382,1219.0614,1219.0624,4657.3371
41,1227.4132,4440.9214,-5.1799,3972.0978,4440.9297,1227.4049,1227.4132,4440.9214
42,1338.1314,4686.7158,-0.6330,4181.4424,4686.7159,1338.1313,1338.1314,4686.7158
43,1328.8240,4685.5948,-1.0079,4182.6121,4685.5951,1328.8237,1328.8240,4685.5948
44,1285.0688,4566.8151,13.7491,4079.1050,4566.8727,1285.0112,1285.0688,4566.8151
45,1213.9375,4419.8429,-33.6788,3955.5840,4420.1966,1213.5837,1213.9375,4419.8429
46,1286.8609,4650.0768,-13.4529,4158.8178,4650.1306,1286.8071,1286.8609,4650.0768
47,1337.6438,4689.0591,-1.6451,4183.8121,4689.0600,1337.6430,1337.6438,4689.0591
48,1336.6366,4689.6623,-2.2765,4184.6351,4689.6638,1336.6351,1336.6366,4689.6623
49,1321.1961,4657.8469,-9.1142,4157.8139,4657.8718,1321.1713,1321.1961,4657.8469
50,1319.6326,4681.4893,-0.6908,4180.9003,4681.4894,1319.6325,1319.6326,4681.4893
51,1216.8656,4568.2923,39.9278,4098.2730,4568.7680,1216.3900,1216.8656,4568.2923
52,1305.3669,4600.0630,-0.7125,4106.0679,4600.0631,1305.3667,1305.3669,4600.0630
53,1262.1799,4588.7408,-26.8969,4106.0924,4588.9583,1261.9625,1262.1799,4588.7408
54,1257.8788,4644.3802,-5.5836,4160.5952,4644.3894,1257.8696,1257.8788,4644.3802
55,1219.3465,4486.1722,-19.7416,4017.8997,4486.2915,1219.2272,1219.3465,4486.1722
56,1233.7946,4570.3840,24.5122,4095.5521,4570.5641,1233.6145,1233.7946,4570.3840
57,1235.9885,4601.7788,27.2099,4125.3498,4601.9987,1235.7685,1235.9885,4601.7788
58,1248.9074,4574.8981,-17.9336,4095.9496,4574.9948,1248.8107,1248.9074,4574.8981
59,1271.2143,4531.0651,15.2175,4048.1201,4531.1361,1271.1433,1271.2143,4531.0651
60,1241.7426,4662.4612,4.0542,4182.2173,4662.4660,1241.7378,1241.7426,4662.4612
61,1279.0526,4530.7279,1.9829,4045.7933,4530.7291,1279.0514,1279.0526,4530.7279
62,1261.5436,4670.2996,-1.1878,4184.6635,4670.3000,1261.5432,1261.5436,4670.2996
63,1257.5322,4519.6702,-15.4410,4040.5309,4519.7433,1257.4591,1257.5322,4519.6702
64,1235.9924,4436.3230,10.6206,3965.5663,4436.3583,1235.9572,1235.9924,4436.3230
65,1220.2436,4488.8147,22.0414,4020.2565,4488.9633,1220.0949,1220.2436,4488.8147
66,1320.2297,4639.2556,1.6433,4140.1478,4639.2564,1320.2288,1320.2297,4639.2556
67,1320.9568,4682.1623,-3.2220,4181.2280,4682.1654,1320.9537,1320.9568,4682.1623
68,1311.2631,4665.6433,-2.0786,4167.7051,4665.6446,1311.2618,1311.2631,4665.6433
69,1267.3476,4623.3343,-10.4348,4137.9155,4623.3667,1267.3151,1267.3476,4623.3343
70,1234.7156,4445.7112,-17.1160,3974.9919,4445.8025,1234.6243,1234.7156,4445.7112
71,1306.6850,4649.3284,-5.9558,4153.1409,4649.3390,1306.6744,1306.6850,4649.3284
72,1235.3112,4481.3258,-29.7896,4009.3771,4481.5992,1235.0378,1235.3112,4481.3258
73,1313.6721,4649.8488,-3.3979,4151.9256,4649.8523,1313.6686,1313.6721,4649.8488
74,1298.6777,4613.7490,-8.0309,4120.8815,4613.7685,1298.6583,1298.6777,4613.7490
75,1251.8732,4620.8940,-12.9234,4139.5139,4620.9436,1251.8237,1251.8732,4620.8940
76,1244.1553,4527.5990,18.8931,4051.5565,4527.7077,1244.0466,1244.1553,4527.5990
77,1316.6588,4625.5643,0.4395,4127.8501,4625.5644,1316.6588,1316.6588,4625.5643
78,1287.5314,4612.5266,19.7520,4122.5643,4612.6439,1287.4141,1287.5314,4612.5266
79,1309.1081,4644.8355,13.6544,4148.2802,4644.8914,1309.0522,1309.1081,4644.8355
80,1258.0925,4637.3822,-5.4404,4153.7866,4637.3909,1258.0837,1258.0925,4637.3822
81,1260.0292,4485.8053,-1.4882,4007.2289,4485.8060,1260.0285,1260.0292,4485.8053
82,1216.7567,4527.7766,44.0193,4059.2940,4528.3617,1216.1716,1216.7567,4527.7766
83,1282.8727,4552.0610,0.1526,4065.3790,4552.0610,1282.8727,1282.8727,4552.0610
84,1265.1000,4550.6583,-11.4697,4068.4549,4550.6983,1265.0600,1265.1000,4550.6583
85,1232.0642,4579.8963,-23.0864,4105.1559,4580.0554,1231.9050,1232.0642,4579.8963
86,1218.9429,4653.6423,-9.1697,4179.7053,4653.6668,1218.9184,1218.9429,4653.6423
87,1216.3210,4627.2213,21.8220,4154.9797,4627.3609,1216.1814,1216.3210,4627.2213
88,1246.0252,4540.7300,-18.5507,4063.7391,4540.8344,1245.9208,1246.0252,4540.7300
89,1322.2170,4647.0072,0.5416,4147.1174,4647.0073,1322.2170,1322.2170,4647.0072
90,1297.3865,4665.2069,2.9865,4170.7095,4665.2096,1297.3838,1297.3865,4665.2069
91,1255.4275,4648.1826,16.2855,4164.9776,4648.2607,1255.3493,1255.4275,4648.1826
92,1317.2914,4665.2059,1.9087,4165.8106,4665.2070,1317.2903,1317.2914,4665.2059
93,1290.7190,4565.5099,-3.2172,4076.4049,4565.5131,1290.7159,1290.7190,4565.5099
94,1320.4035,4676.0011,-5.9370,4175.4459,4676.0116,1320.3930,1320.4035,4676.0011
95,1290.4598,4648.6358,-17.7619,4156.5816,4648.7298,1290.3659,1290.4598,4648.6358
96,1295.9906,4664.5728,-2.0332,4170.4438,4664.5741,1295.9893,1295.9906,4664.5728
97,1300.6980,4590.3528,1.0572,4097.8647,4590.3532,1300.6977,1300.6980,4590.3528
98,1297.0828,4661.4346,-1.6482,4167.1498,4661.4354,1297.0820,1297.0828,4661.4346
99,1241.0064,4654.9030,-11.5060,4175.1469,4654.9418,1240.9677,1241.0064,4654.9030
100,1222.3781,4488.1458,22.4959,4019.0755,4488.3008,1222.2231,1222.3781,4488.1458
101,1208.8823,4431.9500,10.3792,3968.1475,4431.9834,1208.8488,1208.8823,4431.9500
102,1235.0930,4443.1338,18.2791,3972.4314,4443.2379,1234.9888,1235.0930,4443.1338
103,1213.8032,4384.4546,18.4722,3921.2139,4384.5622,1213.6956,1213.8032,4384.4546
104,1238.2543,4639.9827,14.9314,4161.4785,4640.0483,1238.1888,1238.2543,4639.9827
105,1242.9645,4576.5047,31.1268,4099.2475,4576.7953,1242.6739,1242.9645,4576.5047
106,1248.0211,4517.6552,-17.7746,4040.9880,4517.7518,1247.9245,1248.0211,4517.6552
107,1227.1641,4616.7280,-12.9922,4141.8755,4616.7778,1227.1143,1227.1641,4616.7280
108,1231.3049,4601.9944,20.7258,4126.6566,4602.1218,1231.1775,1231.3049,4601.9944
109,1258.1486,4629.8586,-23.6428,4146.7041,4630.0243,1257.9828,1258.1486,4629.8586
110,1260.1128,4522.4825,-15.8684,4042.6043,4522.5597,1260.0356,1260.1128,4522.4825
111,1211.1612,4541.1991,40.0411,4073.5840,4541.6805,1210.6798,1211.1612,4541.1991
112,1218.3100,4648.6977,9.9841,4175.0945,4648.7268,1218.2809,1218.3100,4648.6977
113,1296.9276,4651.2320,5.6351,4157.3747,4651.2415,1296.9181,1296.9276,4651.2320
114,1305.3113,4668.6203,10.8625,4172.0743,4668.6554,1305.2762,1305.3113,4668.6203
115,1218.1715,4637.4798,18.6417,4164.3676,4637.5814,1218.0699,1218.1715,4637.4798
116,1255.4615,4493.2445,14.3316,4015.5885,4493.3080,1255.3981,1255.4615,4493.2445
117,1211.9784,4415.2445,8.1443,3951.2395,4415.2652,1211.9577,1211.9784,4415.2445
118,1248.6208,4485.0099,-3.4482,4009.2801,4485.0135,1248.6171,1248.6208,4485.0099
119,1270.5802,4627.8090,9.0932,4141.4050,4627.8336,1270.5556,1270.5802,4627.8090
120,1302.8600,4643.8824,6.3298,4148.8407,4643.8944,1302.8480,1302.8600,4643.8824
121,1339.4712,4688.2543,-0.2206,4182.5985,4688.2543,1339.4712,1339.4712,4688.2543
122,1327.7040,4667.2845,-0.9500,4165.2818,4667.2847,1327.7037,1327.7040,4667.2845
123,1273.3699,4655.1989,-7.1511,4167.0986,4655.2140,1273.3548,1273.3699,4655.1989
124,1275.5091,4570.3111,-21.0011,4084.9134,4570.4450,1275.3752,1275.5091,4570.3111
125,1270.7161,4576.7928,-22.3748,4092.3648,4576.9442,1270.5647,1270.7161,4576.7928
126,1240.8037,4518.4840,-17.4903,4043.5946,4518.5773,1240.7104,1240.8037,4518.4840
127,1270.1622,4635.4055,10.5719,4148.8450,4635.4387,1270.1290,1270.1622,4635.4055
128,1215.3791,4555.1011,40.3225,4085.9265,4555.5879,1214.8924,1215.3791,4555.1011
129,1320.8280,4674.7851,-0.8240,4174.1607,4674.7853,1320.8278,1320.8280,4674.7851
130,1309.1082,4634.4199,-12.6998,4138.2531,4634.4684,1309.0597,1309.1082,4634.4199
131,1280.1494,4584.6200,-16.1296,4097.4754,4584.6987,1280.0707,1280.1494,4584.6200
132,1301.2571,4662.1160,1.5901,4166.7723,4662.1167,1301.2564,1301.2571,4662.1160
133,1251.9773,4640.1097,-3.8632,4157.9801,4640.1141,1251.9729,1251.9773,4640.1097
134,1242.8942,4497.2542,30.6001,4022.8447,4497.5419,1242.6065,1242.8942,4497.2542
135,1219.3290,4577.3170,24.1554,4105.9822,4577.4908,1219.1552,1219.3290,4577.3170
136,1234.2335,4573.6746,31.1765,4098.7517,4573.9656,1233.9424,1234.2335,4573.6746
137,1214.8902,4414.0333,31.5319,3949.6918,4414.3441,1214.5794,1214.8902,4414.0333
138,1295.9979,4573.0381,4.6438,4082.3652,4573.0447,1295.9913,1295.9979,4573.0381
139,1238.1456,4502.2593,14.9733,4028.5933,4502.3280,1238.0769,1238.1456,4502.2593
140,1296.7983,4677.8057,-2.1301,4182.9888,4677.8070,1296.7970,1296.7983,4677.8057
141,1339.9810,4682.0516,-0.1911,4176.5172,4682.0516,1339.9810,1339.9810,4682.0516
142,1304.0739,4614.8512,-4.6357,4120.6089,4614.8577,1304.0674,1304.0739,4614.8512
143,1310.8793,4667.8581,2.7477,4169.9314,4667.8603,1310.8770,1310.8793,4667.8581
144,1271.4017,4664.8879,4.2615,4176.9306,4664.8933,1271.3963,1271.4017,4664.8879
145,1315.1290,4655.2969,-7.4933,4156.8265,4655.3138,1315.1122,1315.1290,4655.2969
146,1318.0348,4631.3614,1.1083,4133.0899,4631.3617,1318.0344,1318.0348,4631.3614
147,1298.5229,4651.2849,-6.4691,4157.0348,4651.2974,1298.5104,1298.5229,4651.2849
148,1293.5981,4605.5307,-16.6005,4114.2958,4605.6139,1293.5148,1293.5981,4605.5307
149,1262.0110,4603.1051,-28.1454,4120.0067,4603.3422,1261.7739,1262.0110,4603.1051
150,1227.2821,4589.4329,-10.6894,4115.4501,4589.4669,1227.2481,1227.2821,4589.4329
151,1257.7899,4507.9355,-6.9707,4029.0977,4507.9505,1257.7750,1257.7899,4507.9355
152,1278.3337,4544.4323,13.3384,4059.2160,4544.4867,1278.2793,1278.3337,4544.4323
153,1306.2455,4644.2230,7.2560,4148.3427,4644.2388,1306.2298,1306.2455,4644.2230
154,1213.9122,4372.8898,-4.1988,3909.9229,4372.8954,1213.9067,1213.9122,4372.8898
155,1236.3183,4476.5426,6.2437,4004.1981,4476.5547,1236.3063,1236.3183,4476.5426
156,1239.5300,4605.3969,-29.2964,4127.9732,4605.6519,1239.2750,1239.5300,4605.3969
157,1242.2468,4539.8780,20.6881,4063.9026,4540.0078,1242.1171,1242.2468,4539.8780
158,1215.8310,4504.0623,-43.2173,4036.6133,4504.6302,1215.2631,1215.8310,4504.0623
159,1268.1998,4612.7025,-13.5842,4127.4787,4612.7577,1268.1447,1268.1998,4612.7025
160,1211.0071,4390.2429,-21.7530,3927.5406,4390.3917,1210.8582,1211.0071,4390.2429
161,1239.0100,4435.7972,-4.9258,3964.2802,4435.8047,1239.0025,1239.0100,4435.7972
162,1256.9957,4594.7558,22.6659,4113.1219,4594.9097,1256.8418,1256.9957,4594.7558
163,1275.4672,4640.9262,-18.6809,4152.9159,4641.0299,1275.3635,1275.4672,4640.9262
164,1218.5241,4652.7698,3.3974,4178.9460,4652.7731,1218.5208,1218.5241,4652.7698
165,1241.3541,4663.3757,1.3626,4183.1971,4663.3762,1241.3536,1241.3541,4663.3757
166,1210.9224,4378.5884,13.0048,3916.2158,4378.6418,1210.8690,1210.9224,4378.5884
167,1254.6695,4488.4691,16.5069,4011.2121,4488.5533,1254.5853,1254.6695,4488.4691
168,1218.4606,4632.5696,24.3571,4159.6303,4632.7434,1218.2869,1218.4606,4632.5696
169,1250.4672,4492.9239,19.7727,4016.5847,4493.0445,1250.3466,1250.4672,4492.9239
170,1214.5160,4395.3939,24.0623,3931.6660,4395.5759,1214.3340,1214.5160,4395.3939
171,1213.3626,4587.3580,33.3898,4117.4408,4587.6884,1213.0322,1213.3626,4587.3580
172,1328.0644,4684.6621,-5.0224,4181.9082,4684.6696,1328.0569,1328.0644,4684.6621
173,1330.9485,4680.3205,0.2192,4177.0275,4680.3205,1330.9485,1330.9485,4680.3205
174,1330.3255,4673.6750,-5.8055,4170.8029,4673.6851,1330.3154,1330.3255,4673.6750
175,1290.2842,4590.1488,-0.3265,4100.2076,4590.1488,1290.2842,1290.2842,4590.1488
176,1303.3514,4624.5031,7.8049,4130.0828,4624.5214,1303.3331,1303.3514,4624.5031
177,1315.5111,4653.2638,3.6854,4154.7628,4653.2678,1315.5071,1315.5111,4653.2638
178,1311.0779,4610.2422,4.3677,4114.4780,4610.2480,1311.0721,1311.0779,4610.2422
179,1302.3658,4634.4748,-12.4147,4139.9510,4634.5211,1302.3195,1302.3658,4634.4748
180,1241.9595,4655.3637,12.9423,4175.3568,4655.4128,1241.9105,1241.9595,4655.3637
181,1318.5672,4647.0898,-8.4982,4148.1055,4647.1115,1318.5455,1318.5672,4647.0898
182,1335.3766,4669.3078,1.0018,4165.3793,4669.3081,1335.3763,1335.3766,4669.3078
183,1261.9525,4646.6243,8.6657,4161.7361,4646.6465,1261.9304,1261.9525,4646.6243
184,1266.2904,4640.4228,13.4756,4154.6886,4640.4766,1266.2365,1266.2904,4640.4228
185,1214.0160,4531.3971,-41.6128,4063.4223,4531.9190,1213.4941,1214.0160,4531.3971
186,1255.4703,4529.0762,-25.5755,4050.2566,4529.2760,1255.2705,1255.4703,4529.0762
187,1280.5797,4604.1322,-22.6098,4116.2474,4604.2860,1280.4259,1280.5797,4604.1322
188,1237.1828,4622.7324,8.8223,4145.0385,4622.7554,1237.1598,1237.1828,4622.7324
189,1274.7902,4671.2145,4.4270,4182.1735,4671.2203,1274.7844,1274.7902,4671.2145
190,1259.5796,4657.9999,-11.3816,4173.3405,4658.0380,1259.5414,1259.5796,4657.9999
191,1218.8215,4611.9860,-30.2695,4139.7466,4612.2560,1218.5515,1218.8215,4611.9860
192,1236.2525,4479.0004,-7.8697,4006.5914,4479.0195,1236.2334,1236.2525,4479.0004
193,1238.0117,4478.9154,-1.7402,4006.0474,4478.9163,1238.0108,1238.0117,4478.9154
194,1214.8415,4551.0930,-41.3219,4082.2240,4551.6047,1214.3298,1214.8415,4551.0930
195,1270.5704,4646.8254,-16.0529,4159.8064,4646.9017,1270.4941,1270.5704,4646.8254
196,1263.8663,4637.3833,-8.0656,4152.3300,4637.4026,1263.8470,1263.8663,4637.3833
197,1215.8873,4438.6709,10.6709,3972.8579,4438.7063,1215.8520,1215.8873,4438.6709
198,1257.7369,4485.3378,0.3440,4007.3412,4485.3379,1257.7369,1257.7369,4485.3378
199,1257.8582,4556.9923,27.6296,4076.5949,4557.2237,1257.6268,1257.8582,4556.9923
200,1269.2578,4625.1746,14.4997,4139.2448,4625.2373,1269.1952,1269.2578,4625.1746
201,1242.3957,4554.3988,24.9254,4077.9399,4554.5864,1242.2081,1242.3957,4554.3988
202,1240.3856,4457.4103,10.8055,3984.7843,4457.4466,1240.3493,1240.3856,4457.4103
203,1245.8885,4482.1067,-15.0819,4007.2429,4482.1770,1245.8183,1245.8885,4482.1067
204,1283.5748,4656.9061,-2.3570,4166.1575,4656.9077,1283.5731,1283.5748,4656.9061
205,1235.4058,4632.5180,-1.4195,4154.9268,4632.5186,1235.4052,1235.4058,4632.5180
206,1214.8420,4525.3477,43.1166,4057.4139,4525.9092,1214.2805,1214.8420,4525.3477
207,1235.0417,4614.1102,14.9839,4137.3175,4614.1766,1234.9753,1235.0417,4614.1102
208,1241.2304,4513.4868,33.3278,4038.9691,4513.8262,1240.8910,1241.2304,4513.4868
209,1216.4628,4595.7917,-33.6700,4124.7879,4596.1272,1216.1273,1216.4628,4595.7917
210,1226.0810,4522.9766,-24.0081,4051.7633,4523.1515,1225.9062,1226.0810,4522.9766
211,1314.1003,4647.8695,3.6013,4149.9184,4647.8734,1314.0964,1314.1003,4647.8695
212,1266.9183,4562.7419,13.4265,4079.6587,4562.7966,1266.8636,1266.9183,4562.7419
213,1313.0323,4636.3000,3.7008,4139.0532,4636.3042,1313.0282,1313.0323,4636.3000
214,1286.6294,4680.7774,-3.4628,4188.4010,4680.7810,1286.6259,1286.6294,4680.7774
215,1284.5356,4675.1504,-2.0981,4183.5008,4675.1517,1284.5343,1284.5356,4675.1504
216,1342.0540,4690.0288,0.3267,4183.6835,4690.0288,1342.0540,1342.0540,4690.0288
217,1329.9552,4663.0622,-0.0356,4160.6810,4663.0622,1329.9552,1329.9552,4663.0622
218,1341.4160,4691.7255,-0.7233,4185.4666,4691.7257,1341.4158,1341.4160,4691.7255
219,1327.4606,4666.1003,6.2354,4164.2161,4666.1119,1327.4490,1327.4606,4666.1003
220,1294.5188,4569.4917,0.6914,4079.3065,4569.4918,1294.5186,1294.5188,4569.4917
221,1296.0690,4613.7023,-12.2647,4121.5069,4613.7477,1296.0237,1296.0690,4613.7023
222,1323.6334,4658.3553,-1.1490,4157.6831,4658.3557,1323.6330,1323.6334,4658.3553
223,1296.3714,4619.6659,-17.2780,4127.2248,4619.7557,1296.2815,1296.3714,4619.6659
224,1261.7449,4666.8761,-5.4075,4181.3172,4666.8847,1261.7363,1261.7449,4666.8761
225,1290.5150,4655.1750,-3.0443,4162.7560,4655.1777,1290.5123,1290.5150,4655.1750
226,1262.3772,4508.6110,-0.6476,4028.5981,4508.6111,1262.3771,1262.3772,4508.6110
227,1287.3221,4579.8463,-6.8061,4091.0380,4579.8604,1287.3080,1287.3221,4579.8463
228,1313.3126,4638.1616,-6.0633,4140.7834,4638.1727,1313.3015,1313.3126,4638.1616
229,1303.9822,4633.1094,-8.3458,4138.2108,4633.1303,1303.9613,1303.9822,4633.1094
230,1277.5243,4618.6886,15.3758,4130.9291,4618.7594,1277.4536,1277.5243,4618.6886
231,1244.2728,4591.8365,25.5458,4113.5918,4592.0314,1244.0778,1244.2728,4591.8365
232,1261.9891,4588.6275,-28.8940,4106.0718,4588.8784,1261.7381,1261.9891,4588.6275
233,1242.5047,4506.7029,-14.1846,4031.7730,4506.7645,1242.4430,1242.5047,4506.7029
234,1217.1095,4436.7280,-16.0207,3970.7300,4436.8077,1217.0297,1217.1095,4436.7280
235,1279.6658,4638.4663,19.3725,4149.5003,4638.5780,1279.5541,1279.6658,4638.4663
236,1249.0895,4628.4675,13.2583,4147.5406,4628.5195,1249.0375,1249.0895,4628.4675
237,1254.6482,4614.9145,-24.0773,4133.1856,4615.0870,1254.4757,1254.6482,4614.9145
238,1265.7469,4603.2017,-14.3662,4118.9455,4603.2636,1265.6851,1265.7469,4603.2017
239,1261.5023,4541.4635,25.2643,4060.6806,4541.6581,1261.3077,1261.5023,4541.4635
240,1252.6368,4568.3569,27.6359,4088.8608,4568.5872,1252.4064,1252.6368,4568.3569
241,1255.1424,4599.0596,23.5650,4117.7570,4599.2257,1254.9763,1255.1424,4599.0596
242,1235.4037,4620.9691,14.1928,4143.8412,4621.0286,1235.3442,1235.4037,4620.9691
243,1258.8909,4657.8674,13.3733,4173.4068,4657.9200,1258.8383,1258.8909,4657.8674
244,1237.9711,4514.0231,-21.5089,4040.0662,4514.1643,1237.8299,1237.9711,4514.0231
245,1214.6545,4428.3685,-4.8281,3963.2014,4428.3758,1214.6473,1214.6545,4428.3685
246,1210.4854,4373.7477,8.2334,3911.6223,4373.7691,1210.4640,1210.4854,4373.7477
247,1233.5362,4627.2331,-1.2196,4150.3063,4627.2335,1233.5357,1233.5362,4627.2331
248,1256.2999,4519.1906,23.6904,4040.4948,4519.3626,1256.1279,1256.2999,4519.1906
249,1215.7230,4449.0463,40.2980,3983.4732,4449.5484,1215.2208,1215.7230,4449.0463
250,1215.5196,4640.2214,-5.6900,4167.6084,4640.2308,1215.5101,1215.5196,4640.2214
251,1218.3056,4621.0888,-29.3525,4148.6645,4621.3420,1218.0524,1218.3056,4621.0888
252,1241.0038,4644.6245,-21.7172,4165.3386,4644.7631,1240.8652,1241.0038,4644.6245
253,1239.5516,4491.8676,9.4834,4018.1751,4491.8952,1239.5240,1239.5516,4491.8676
254,1211.7575,4428.1506,6.8938,3963.7321,4428.1654,1211.7428,1211.7575,4428.1506
255,1215.7296,4478.0582,41.6155,4011.4949,4478.5890,1215.1988,1215.7296,4478.0582
256,1342.1347,4691.2677,0.3658,4184.8543,4691.2678,1342.1347,1342.1347,4691.2677
257,1336.3599,4686.8037,1.0225,4181.9533,4686.8040,1336.3596,1336.3599,4686.8037
258,1329.9261,4686.5899,-2.4773,4183.3036,4686.5918,1329.9242,1329.9261,4686.5899
259,1298.3099,4661.5838,12.7544,4167.0468,4661.6321,1298.2615,1298.3099,4661.5838
260,1314.8000,4686.5183,-1.4510,4186.9231,4686.5190,1314.7994,1314.8000,4686.5183
261,1319.8374,4668.0363,9.1046,4167.9412,4668.0611,1319.8126,1319.8374,4668.0363
262,1314.8270,4640.7585,6.1267,4142.9129,4640.7697,1314.8157,1314.8270,4640.7585
263,1288.8163,4564.6937,9.7367,4076.1145,4564.7227,1288.7874,1288.8163,4564.6937
264,1324.1660,4658.0944,1.8265,4157.3043,4658.0954,1324.1650,1324.1660,4658.0944
265,1335.6867,4683.3239,3.5397,4178.7756,4683.3276,1335.6830,1335.6867,4683.3239
266,1272.7295,4538.5636,-3.9249,4054.8838,4538.5683,1272.7248,1272.7295,4538.5636
267,1289.7464,4561.0119,2.5879,4072.3147,4561.0140,1289.7443,1289.7464,4561.0119
268,1309.5174,4649.9369,-10.6717,4153.0612,4649.9709,1309.4833,1309.5174,4649.9369
269,1280.2034,4617.8147,-22.6298,4129.5190,4617.9681,1280.0499,1280.2034,4617.8147
270,1295.2904,4599.0879,-1.4549,4107.5831,4599.0885,1295.2898,1295.2904,4599.0879
271,1277.6139,4563.3123,-2.7812,4077.4978,4563.3147,1277.6115,1277.6139,4563.3123
272,1257.3619,4545.1475,14.7952,4065.1059,4545.2141,1257.2953,1257.3619,4545.1475
273,1238.1155,4464.7402,23.1073,3992.5647,4464.9057,1237.9500,1238.1155,4464.7402
274,1245.2671,4630.6835,18.9052,4150.7293,4630.7890,1245.1615,1245.2671,4630.6835
275,1295.1581,4635.0444,-17.1293,4142.3225,4635.1323,1295.0703,1295.1581,4635.0444
276,1310.9759,4664.6433,-11.0069,4166.8553,4664.6794,1310.9398,1310.9759,4664.6433
277,1294.7383,4640.5289,9.0645,4147.6296,4640.5534,1294.7138,1294.7383,4640.5289
278,1282.0142,4585.6089,-10.5751,4097.9128,4585.6427,1281.9804,1282.0142,4585.6089
279,1276.0221,4557.0557,-10.6976,4071.9073,4557.0906,1275.9872,1276.0221,4557.0557
280,1304.4139,4682.1581,-2.1103,4185.2887,4682.1594,1304.4125,1304.4139,4682.1581
281,1272.9155,4649.5199,5.8207,4161.7310,4649.5299,1272.9055,1272.9155,4649.5199
282,1262.5410,4568.3585,16.4263,4086.1937,4568.4401,1262.4594,1262.5410,4568.3585
283,1291.1541,4601.7820,16.5099,4111.2875,4601.8644,1291.0717,1291.1541,4601.7820
284,1214.5045,4374.1688,6.4087,3911.0164,4374.1818,1214.4915,1214.5045,4374.1688
285,1211.2359,4415.8904,4.2165,3952.0310,4415.8960,1211.2303,1211.2359,4415.8904
286,1218.3355,4460.0865,-17.1793,3992.9583,4460.1775,1218.2444,1218.3355,4460.0865
287,1259.4281,4549.5971,-27.6741,4069.0785,4549.8299,1259.1953,1259.4281,4549.5971
288,1335.0697,4680.9359,0.6767,4176.6251,4680.9360,1335.0696,1335.0697,4680.9359
289,1329.0365,4667.7236,-5.9840,4165.3948,4667.7343,1329.0258,1329.0365,4667.7236
290,1250.7281,4642.0509,-1.4273,4160.1707,4642.0515,1250.7275,1250.7281,4642.0509
291,1244.1067,4624.6743,-10.0564,4145.1332,4624.7042,1244.0768,1244.1067,4624.6743
292,1216.5975,4614.7958,-28.0158,4143.0008,4615.0267,1216.3665,1216.5975,4614.7958
293,1312.1966,4633.9559,-2.4322,4136.9993,4633.9576,1312.1948,1312.1966,4633.9559
294,1300.6160,4622.6455,-5.6593,4128.9542,4622.6552,1300.6063,1300.6160,4622.6455
295,1273.8206,4663.1238,12.4429,4174.6645,4663.1695,1273.7749,1273.8206,4663.1238
296,1239.4049,4646.9779,17.8837,4167.9732,4647.0718,1239.3110,1239.4049,4646.9779
297,1217.2199,4562.9439,-42.1170,4093.0791,4563.4740,1216.6898,1217.2199,4562.9439
298,1250.6802,4595.0308,-17.9176,4114.9190,4595.1268,1250.5842,1250.6802,4595.0308
299,1254.9564,4640.9740,7.9327,4158.0674,4640.9926,1254.9378,1254.9564,4640.9740
300,1271.0646,4621.5138,18.3280,4135.3065,4621.6140,1270.9643,1271.0646,4621.5138
301,1217.6743,4518.3170,20.5706,4049.3642,4518.4452,1217.5461,1217.6743,4518.3170
302,1271.7178,4589.8507,23.3724,4104.7094,4590.0153,1271.5532,1271.7178,4589.8507
303,1238.3808,4554.8120,20.9412,4079.2920,4554.9443,1238.2486,1238.3808,4554.8120
304,1246.5924,4584.8642,-18.7746,4106.1628,4584.9698,1246.4869,1246.5924,4584.8642
305,1250.2502,4588.3257,-19.5678,4108.5827,4588.4404,1250.1355,1250.2502,4588.3257
306,1204.4770,4381.6915,-19.3028,3920.9000,4381.8088,1204.3598,1204.4770,4381.6915
307,1237.8453,4605.4086,22.6053,4128.2925,4605.5604,1237.6936,1237.8453,4605.4086
308,1236.5061,4623.4707,0.6441,4145.8992,4623.4708,1236.5059,1236.5061,4623.4707
309,1238.9668,4661.4992,-2.5647,4182.0079,4661.5011,1238.9649,1238.9668,4661.4992
310,1258.2742,4485.6666,-6.0494,4007.5391,4485.6779,1258.2629,1258.2742,4485.6666
311,1237.1485,4440.7361,-11.1565,3969.5336,4440.7750,1237.1097,1237.1485,4440.7361
312,1238.2010,4435.7295,0.7017,3964.4060,4435.7297,1238.2009,1238.2010,4435.7295
313,1258.6541,4629.1271,21.8013,4145.8394,4629.2682,1258.5131,1258.6541,4629.1271
314,1283.8838,4620.7412,20.6765,4131.3913,4620.8693,1283.7557,1283.8838,4620.7412
315,1274.6052,4644.8060,-7.6073,4156.7681,4644.8232,1274.5880,1274.6052,4644.8060
316,1241.6884,4656.8628,-10.2714,4176.8535,4656.8937,1241.6575,1241.6884,4656.8628
317,1220.8047,4447.7703,-16.8731,3980.4548,4447.8585,1220.7164,1220.8047,4447.7703
318,1210.9686,4444.0373,37.7240,3979.7728,4444.4774,1210.5285,1210.9686,4444.0373
319,1291.7958,4663.3579,5.7754,4170.3282,4663.3678,1291.7859,1291.7958,4663.3579
320,1312.2795,4673.3869,9.9726,4174.9408,4673.4165,1312.2499,1312.2795,4673.3869
321,1299.0511,4632.3230,16.5272,4138.7371,4632.4049,1298.9691,1299.0511,4632.3230
322,1328.2303,4674.7106,6.3215,4172.3067,4674.7226,1328.2184,1328.2303,4674.7106
323,1332.7022,4689.0786,-2.3321,4185.0238,4689.0802,1332.7006,1332.7022,4689.0786
324,1330.4047,4678.7681,-5.7745,4175.6787,4678.7781,1330.3948,1330.4047,4678.7681
325,1320.5917,4665.4929,-9.5754,4165.3152,4665.5203,1320.5643,1320.5917,4665.4929
326,1316.8585,4679.6132,4.2588,4179.7802,4679.6186,1316.8531,1316.8585,4679.6132
327,1314.5175,4624.5008,2.3263,4127.3470,4624.5025,1314.5159,1314.5175,4624.5008
328,1327.2820,4651.4529,-0.7500,4150.1691,4651.4530,1327.2818,1327.2820,4651.4529
329,1336.7305,4681.4542,-1.2049,4176.7240,4681.4546,1336.7300,1336.7305,4681.4542
330,1278.9705,4573.8325,6.4177,4087.3018,4573.8450,1278.9580,1278.9705,4573.8325
331,1275.2714,4549.3515,16.8663,4064.7401,4549.4384,1275.1845,1275.2714,4549.3515
332,1336.2598,4689.9389,-1.7058,4184.9909,4689.9398,1336.2589,1336.2598,4689.9389
333,1335.9000,4682.0953,-3.4611,4177.5435,4682.0988,1335.8964,1335.9000,4682.0953
334,1305.6479,4595.9553,2.9234,4102.0541,4595.9579,1305.6453,1305.6479,4595.9553
335,1274.6118,4523.2015,1.4285,4039.6370,4523.2021,1274.6112,1274.6118,4523.2015
336,1334.1327,4668.2458,-0.7389,4164.6574,4668.2460,1334.1325,1334.1327,4668.2458
337,1324.5753,4650.4153,-1.2591,4149.8243,4650.4158,1324.5749,1324.5753,4650.4153
338,1251.3847,4492.9126,-5.3158,4016.2109,4492.9214,1251.3760,1251.3847,4492.9126
339,1217.9520,4423.4928,-21.7782,3957.8424,4423.6407,1217.8040,1217.9520,4423.4928
340,1266.5894,4627.4598,-10.5415,4142.0857,4627.4928,1266.5564,1266.5894,4627.4598
341,1290.0001,4659.5747,-3.5036,4167.1239,4659.5784,1289.9965,1290.0001,4659.5747
342,1285.5464,4609.9119,-10.0472,4120.4326,4609.9423,1285.5160,1285.5464,4609.9119
343,1263.6233,4552.8818,-14.4331,4070.9918,4552.9452,1263.5600,1263.6233,4552.8818
344,1261.7986,4570.1601,-28.1587,4088.3072,4570.3997,1261.5590,1261.7986,4570.1601
345,1284.3957,4589.3000,-8.3662,4100.8633,4589.3212,1284.3745,1284.3957,4589.3000
346,1261.2993,4550.7731,-19.9812,4069.6096,4550.8944,1261.1779,1261.2993,4550.7731
347,1254.5651,4520.8186,-11.3939,4042.3338,4520.8584,1254.5253,1254.5651,4520.8186
348,1269.0455,4609.3944,-13.5296,4124.0770,4609.4492,1268.9907,1269.0455,4609.3944
349,1291.5264,4653.7136,-15.8639,4161.1840,4653.7885,1291.4516,1291.5264,4653.7136
350,1289.0949,4620.1605,14.1569,4129.4581,4620.2207,1289.0348,1289.0949,4620.1605
351,1260.0752,4624.2601,20.2109,4140.7585,4624.3815,1259.9538,1260.0752,4624.2601
352,1253.9154,4640.2993,-1.6354,4157.6613,4640.3001,1253.9146,1253.9154,4640.2993
353,1277.6429,4529.4391,-2.1272,4044.8977,4529.4405,1277.6415,1277.6429,4529.4391
354,1257.6879,4642.1034,2.7604,4158.4382,4642.1056,1257.6857,1257.6879,4642.1034
355,1266.4375,4578.6318,-13.7141,4095.0881,4578.6886,1266.3807,1266.4375,4578.6318
356,1239.9820,4535.7820,-34.6998,4060.8125,4536.1473,1239.6167,1239.9820,4535.7820
357,1227.5122,4559.0463,-22.2274,4086.1824,4559.1946,1227.3639,1227.5122,4559.0463
358,1241.8810,4552.1727,-34.3301,4076.1285,4552.5287,1241.5250,1241.8810,4552.1727
359,1217.9860,4593.5704,35.8551,4122.2969,4593.9512,1217.6052,1217.9860,4593.5704
360,1218.8423,4640.5808,21.0058,4167.2238,4640.7097,1218.7133,1218.8423,4640.5808
361,1232.8132,4464.7405,3.5068,3993.6928,4464.7443,1232.8093,1232.8132,4464.7405
362,1266.0042,4586.6131,17.3169,4102.9276,4586.7034,1265.9139,1266.0042,4586.6131
363,1249.2777,4518.9695,19.3176,4041.9613,4519.0836,1249.1636,1249.2777,4518.9695
364,1258.7435,4665.8225,2.3169,4181.0617,4665.8241,1258.7419,1258.7435,4665.8225
365,1258.6457,4579.3264,17.5259,4097.7544,4579.4189,1258.5532,1258.6457,4579.3264
366,1254.6118,4593.4214,18.7809,4112.3799,4593.5270,1254.5061,1254.6118,4593.4214
367,1280.7656,4655.2129,-8.8389,4165.2569,4655.2360,1280.7425,1280.7656,4655.2129
368,1277.7188,4658.7875,-3.9145,4169.4474,4658.7920,1277.7143,1277.7188,4658.7875
369,1239.3973,4628.9434,-25.1046,4150.6643,4629.1294,1239.2113,1239.3973,4628.9434
370,1329.7580,4684.4879,4.7337,4181.3293,4684.4945,1329.7514,1329.7580,4684.4879
371,1337.3030,4679.0519,-0.3565,4174.2779,4679.0519,1337.3030,1337.3030,4679.0519
372,1246.3915,4532.4859,-17.3943,4055.6844,4532.5780,1246.2994,1246.3915,4532.4859
373,1213.2978,4476.9662,-42.3619,4011.0856,4477.5159,1212.7481,1213.2978,4476.9662
374,1235.4030,4620.0822,7.0455,4142.9296,4620.0969,1235.3883,1235.4030,4620.0822
375,1307.7088,4614.6317,-0.8573,4119.5067,4614.6319,1307.7086,1307.7088,4614.6317
376,1269.2569,4548.8350,-18.8613,4065.7520,4548.9434,1269.1484,1269.2569,4548.8350
377,1210.5101,4423.1456,33.4415,3959.6268,4423.4936,1210.1620,1210.5101,4423.1456
378,1236.6994,4481.1084,29.5646,4008.8148,4481.3778,1236.4300,1236.6994,4481.1084
379,1248.2625,4606.3756,-11.5699,4126.4138,4606.4154,1248.2227,1248.2625,4606.3756
380,1272.6018,4644.9268,4.5301,4157.3765,4644.9329,1272.5957,1272.6018,4644.9268
381,1201.5923,4415.6777,-3.4726,3954.2667,4415.6814,1201.5885,1201.5923,4415.6777
382,1240.9783,4461.6614,-2.3197,3988.6891,4461.6631,1240.9766,1240.9783,4461.6614
383,1218.4850,4647.2005,-12.2635,4173.6178,4647.2444,1218.4411,1218.4850,4647.2005
384,1266.0413,4532.2654,20.5934,4050.6206,4532.3953,1265.9115,1266.0413,4532.2654
385,1292.2410,4622.5701,13.2809,4130.9921,4622.6231,1292.1880,1292.2410,4622.5701
386,1232.9314,4479.2100,-15.6257,4007.6945,4479.2852,1232.8562,1232.9314,4479.2100
387,1240.3160,4562.5878,-34.0498,4086.5656,4562.9367,1239.9670,1240.3160,4562.5878
388,1239.6384,4583.2766,-33.8364,4106.6966,4583.6190,1239.2960,1239.6384,4583.2766
389,1256.9102,4630.0621,19.8348,4147.1564,4630.1787,1256.7936,1256.9102,4630.0621
390,1321.9786,4659.0533,2.0295,4158.7556,4659.0545,1321.9773,1321.9786,4659.0533
391,1335.0511,4671.5188,2.1670,4167.5829,4671.5202,1335.0497,1335.0511,4671.5188
392,1305.0598,4668.5842,5.2302,4172.0690,4668.5923,1305.0517,1305.0598,4668.5842
393,1303.3297,4668.1382,-11.0662,4172.1010,4668.1746,1303.2933,1303.3297,4668.1382
394,1304.5603,4661.3430,-3.1789,4165.2159,4661.3460,1304.5573,1304.5603,4661.3430
395,1279.0978,4678.1145,-3.1222,4187.7332,4678.1174,1279.0950,1279.0978,4678.1145
396,1313.1791,4661.2358,3.3612,4162.9983,4661.2391,1313.1757,1313.1791,4661.2358
397,1317.8677,4672.9007,8.3018,4173.0945,4672.9213,1317.8472,1317.8677,4672.9007
398,1307.5121,4659.3428,3.5902,4162.5659,4659.3467,1307.5082,1307.5121,4659.3428
399,1310.0731,4662.1565,11.6716,4164.6894,4662.1972,1310.0324,1310.0731,4662.1565
400,1249.5571,4524.4522,13.3664,4047.1021,4524.5068,1249.5026,1249.5571,4524.4522
401,1252.7057,4517.0736,5.6500,4039.1531,4517.0834,1252.6959,1252.7057,4517.0736
402,1328.4202,4655.7584,-3.9977,4154.0379,4655.7632,1328.4154,1328.4202,4655.7584
403,1307.2280,4617.7676,-5.6350,4122.6499,4617.7772,1307.2184,1307.2280,4617.7676
404,1307.6840,4611.2173,5.2567,4116.2398,4611.2257,1307.6756,1307.6840,4611.2173
405,1338.8595,4684.6541,0.0922,4179.2864,4684.6541,1338.8595,1338.8595,4684.6541
406,1326.4544,4684.5572,3.3795,4182.1933,4684.5606,1326.4510,1326.4544,4684.5572
407,1341.9598,4690.9756,0.7639,4184.6157,4690.9757,1341.9596,1341.9598,4690.9756
408,1338.2924,4690.9455,-1.5715,4185.4686,4690.9463,1338.2917,1338.2924,4690.9455
409,1325.2664,4671.8177,-1.2079,4170.2293,4671.8181,1325.2659,1325.2664,4671.8177
410,1315.9545,4666.1488,-2.2396,4167.0441,4666.1503,1315.9530,1315.9545,4666.1488
411,1324.8400,4657.0892,-4.7534,4156.1822,4657.0960,1324.8333,1324.8400,4657.0892
412,1326.2553,4650.5289,1.7604,4149.5293,4650.5299,1326.2543,1326.2553,4650.5289
413,1313.0175,4632.4322,-7.1401,4135.3514,4632.4475,1313.0021,1313.0175,4632.4322
414,1291.8165,4579.5189,-2.3324,4089.6090,4579.5205,1291.8148,1291.8165,4579.5189
415,1234.9320,4461.1826,-7.8110,3989.7535,4461.2015,1234.9131,1234.9320,4461.1826
416,1273.6954,4553.6668,-2.7166,4069.1792,4553.6691,1273.6931,1273.6954,4553.6668
417,1301.3169,4619.3046,6.6377,4125.5732,4619.3179,1301.3036,1301.3169,4619.3046
418,1238.5141,4449.1090,17.9473,3977.3321,4449.2094,1238.4138,1238.5141,4449.1090
419,1259.5980,4501.9094,16.5166,4022.9340,4501.9936,1259.5139,1259.5980,4501.9094
420,1268.0163,4573.0191,-12.9298,4089.2796,4573.0697,1267.9657,1268.0163,4573.0191
421,1248.7485,4553.1875,-17.5328,4075.0491,4553.2805,1248.6555,1248.7485,4553.1875
422,1252.1597,4652.4379,7.3233,4169.8499,4652.4537,1252.1439,1252.1597,4652.4379
423,1239.9687,4654.5637,3.5545,4175.0462,4654.5674,1239.9650,1239.9687,4654.5637
424,1246.2880,4564.3767,-17.5895,4086.4617,4564.4700,1246.1948,1246.2880,4564.3767
425,1259.7749,4524.0537,-8.7642,4044.1360,4524.0773,1259.7514,1259.7749,4524.0537
426,1237.5256,4478.8281,-11.2622,4006.1311,4478.8672,1237.4865,1237.5256,4478.8281
427,1284.7751,4561.5481,-7.2029,4074.0594,4561.5639,1284.7593,1284.7751,4561.5481
428,1273.4873,4527.0890,-6.5065,4043.6668,4527.1020,1273.4743,1273.4873,4527.0890
429,1252.3819,4552.3877,20.0572,4073.3982,4552.5096,1252.2600,1252.3819,4552.3877
430,1276.2208,4577.1429,11.3461,4091.2000,4577.1819,1276.1818,1276.2208,4577.1429
431,1258.0034,4523.0070,-4.7097,4043.5471,4523.0138,1257.9966,1258.0034,4523.0070
432,1266.7578,4524.6185,-10.8904,4042.9701,4524.6549,1266.7214,1266.7578,4524.6185
433,1255.0782,4634.9328,2.7892,4152.1854,4634.9351,1255.0759,1255.0782,4634.9328
434,1257.6929,4666.5511,2.5538,4182.0357,4666.5530,1257.6909,1257.6929,4666.5511
435,1260.7750,4621.6767,-24.1141,4138.1516,4621.8497,1260.6020,1260.7750,4621.6767
436,1278.3727,4631.7843,-20.7571,4143.4054,4631.9128,1278.2442,1278.3727,4631.7843
437,1248.7036,4627.6362,20.1278,4146.9202,4627.7561,1248.5837,1248.7036,4627.6362
438,1257.7781,4591.8765,21.2847,4110.1256,4592.0123,1257.6422,1257.7781,4591.8765
439,1247.8709,4595.1308,23.6501,4115.8178,4595.2979,1247.7038,1247.8709,4595.1308
440,1340.5625,4688.0003,0.3366,4182.0925,4688.0003,1340.5625,1340.5625,4688.0003
441,1338.9186,4686.3180,1.5406,4180.8717,4686.3188,1338.9179,1338.9186,4686.3180
442,1279.5429,4612.6464,-23.8559,4124.7261,4612.8171,1279.3721,1279.5429,4612.6464
443,1292.1060,4629.1989,-17.1262,4137.4490,4629.2868,1292.0181,1292.1060,4629.1989
444,1311.3940,4662.5908,-4.1736,4164.7408,4662.5960,1311.3888,1311.3940,4662.5908
445,1300.8557,4638.6392,-6.4332,4144.2880,4638.6516,1300.8433,1300.8557,4638.6392
446,1256.9486,4645.7090,-19.0375,4162.2352,4645.8160,1256.8417,1256.9486,4645.7090
447,1255.3455,4625.3630,-9.5811,4142.9122,4625.3902,1255.3183,1255.3455,4625.3630
448,1258.9547,4524.4128,3.2253,4044.6605,4524.4160,1258.9515,1258.9547,4524.4128
449,1255.1667,4631.5135,10.6182,4148.9008,4631.5469,1255.1333,1255.1667,4631.5135
450,1246.3231,4604.8569,20.9113,4125.5546,4604.9871,1246.1929,1246.3231,4604.8569
451,1225.5863,4531.8574,-21.0318,4060.4111,4531.9912,1225.4525,1225.5863,4531.8574
452,1240.9006,4527.1368,-35.2594,4052.2592,4527.5150,1240.5223,1240.9006,4527.1368
453,1288.1371,4587.5233,-15.1020,4098.2915,4587.5925,1288.0679,1288.1371,4587.5233
454,1244.4586,4661.7541,-3.8121,4180.8267,4661.7584,1244.4544,1244.4586,4661.7541
455,1288.3732,4675.5362,1.8462,4182.9080,4675.5372,1288.3722,1288.3732,4675.5362
456,1275.5493,4643.2705,16.3378,4155.1254,4643.3498,1275.4701,1275.5493,4643.2705
457,1219.4332,4569.3750,-41.7884,4098.7066,4569.8962,1218.9120,1219.4332,4569.3750
458,1242.9755,4589.8691,-34.1889,4112.2133,4590.2183,1242.6263,1242.9755,4589.8691
459,1250.5446,4604.9772,-14.9001,4124.5138,4605.0434,1250.4784,1250.5446,4604.9772
460,1232.1102,4600.6810,-15.6497,4125.1121,4600.7537,1232.0375,1232.1102,4600.6810
461,1256.3283,4634.0423,-22.4473,4151.1856,4634.1915,1256.1791,1256.3283,4634.0423
462,1220.8112,4509.0172,24.8687,4039.6550,4509.2053,1220.6231,1220.8112,4509.0172
463,1228.6915,4426.6950,-3.0265,3958.0672,4426.6978,1228.6886,1228.6915,4426.6950
464,1210.9329,4439.6076,-16.4559,3975.0748,4439.6915,1210.8490,1210.9329,4439.6076
465,1210.0238,4432.7804,-10.3442,3968.6586,4432.8136,1209.9905,1210.0238,4432.7804
466,1280.5085,4644.3472,15.2560,4154.9049,4644.4164,1280.4393,1280.5085,4644.3472
467,1268.8461,4646.2971,16.0711,4159.7339,4646.3735,1268.7696,1268.8461,4646.2971
468,1231.4743,4578.7577,-20.0261,4104.1602,4578.8775,1231.3545,1231.4743,4578.7577
469,1229.0092,4565.6779,-23.4531,4092.2205,4565.8428,1228.8444,1229.0092,4565.6779
470,1213.2128,4440.2504,-37.2428,3975.5379,4440.6802,1212.7830,1213.2128,4440.2504
471,1237.8986,4505.7816,-32.7679,4032.3667,4506.1102,1237.5701,1237.8986,4505.7816
472,1271.6648,4670.1755,0.0661,4181.9580,4670.1755,1271.6648,1271.6648,4670.1755
473,1254.8315,4662.3453,-1.2087,4178.7094,4662.3457,1254.8311,1254.8315,4662.3453
474,1322.1880,4675.9139,0.9244,4174.9153,4675.9142,1322.1877,1322.1880,4675.9139
475,1339.0140,4689.4923,1.8327,4183.8990,4689.4933,1339.0130,1339.0140,4689.4923
476,1332.2587,4676.1863,-0.2149,4172.7380,4676.1864,1332.2586,1332.2587,4676.1863
477,1316.7506,4676.0135,-8.4920,4176.3629,4676.0350,1316.7292,1316.7506,4676.0135
478,1311.4439,4675.4090,7.8682,4177.0784,4675.4274,1311.4255,1311.4439,4675.4090
479,1321.3906,4681.5485,6.4181,4180.5429,4681.5608,1321.3784,1321.3906,4681.5485
480,1320.6240,4637.0999,4.5787,4137.9875,4637.1062,1320.6176,1320.6240,4637.0999
481,1310.7540,4624.4066,7.1869,4128.1846,4624.4222,1310.7384,1310.7540,4624.4066
482,1285.7251,4593.5482,9.5498,4104.6324,4593.5758,1285.6975,1285.7251,4593.5482
483,1335.3518,4681.8993,-0.9343,4177.4832,4681.8996,1335.3515,1335.3518,4681.8993
484,1340.3803,4689.5411,1.7252,4183.6175,4689.5419,1340.3794,1340.3803,4689.5411
485,1285.6573,4608.7465,10.8617,4119.2893,4608.7820,1285.6218,1285.6573,4608.7465
486,1317.6582,4653.3188,8.9882,4154.3179,4653.3430,1317.6340,1317.6582,4653.3188
487,1321.9770,4675.9696,-8.5033,4175.0458,4675.9912,1321.9555,1321.9770,4675.9696
488,1311.1228,4671.3448,-9.7660,4173.2583,4671.3732,1311.0945,1311.1228,4671.3448
489,1272.1915,4555.3694,4.5340,4071.1940,4555.3757,1272.1852,1272.1915,4555.3694
490,1270.4304,4559.3869,8.7211,4075.5180,4559.4100,1270.4073,1270.4304,4559.3869
491,1335.0699,4669.6661,-2.0027,4165.7982,4669.6673,1335.0687,1335.0699,4669.6661
492,1342.1823,4688.7986,-0.1449,4182.4709,4688.7986,1342.1823,1342.1823,4688.7986
493,1275.2377,4649.2487,-0.7121,4160.8712,4649.2489,1275.2376,1275.2377,4649.2487
494,1276.7413,4674.7148,0.2517,4185.0479,4674.7149,1276.7413,1276.7413,4674.7148
495,1300.2410,4594.4176,-4.3129,4101.8904,4594.4232,1300.2354,1300.2410,4594.4176
496,1317.1196,4638.9386,-6.9759,4140.6116,4638.9533,1317.1050,1317.1196,4638.9386
497,1320.5067,4665.9913,9.0767,4165.8117,4666.0159,1320.4821,1320.5067,4665.9913
498,1282.5275,4647.7547,-6.3026,4157.6131,4647.7665,1282.5157,1282.5275,4647.7547
499,1293.7338,4642.7985,-16.8225,4150.1359,4642.8830,1293.6493,1293.7338,4642.7985
500,1297.6148,4603.0736,-4.3097,4110.8551,4603.0792,1297.6092,1297.6148,4603.0736
501,1297.7309,4602.2871,-9.7161,4110.0980,4602.3157,1297.7024,1297.7309,4602.2871
502,1283.4893,4587.2459,18.0028,4099.2025,4587.3440,1283.3912,1283.4893,4587.2459
503,1263.3808,4554.4758,21.9821,4072.6887,4554.6226,1263.2339,1263.3808,4554.4758
504,1281.6485,4629.6136,-9.3830,4140.3710,4629.6399,1281.6222,1281.6485,4629.6136
505,1279.7960,4639.7813,-7.4731,4150.6195,4639.7980,1279.7794,1279.7960,4639.7813
506,1308.6415,4671.0810,1.2722,4173.5806,4671.0815,1308.6410,1308.6415,4671.0810
507,1289.7318,4656.0146,-12.6311,4163.8142,4656.0620,1289.6844,1289.7318,4656.0146
508,1238.9677,4491.2297,-29.6392,4018.0010,4491.4998,1238.6976,1238.9677,4491.2297
509,1299.0879,4668.1827,-12.5031,4173.2060,4668.2291,1299.0415,1299.0879,4668.1827
510,1277.6557,4670.9107,-5.0394,4181.1567,4670.9182,1277.6482,1277.6557,4670.9107
511,1331.1332,4665.5068,0.7478,4162.7467,4665.5070,1331.1330,1331.1332,4665.5068
512,1327.7894,4666.4794,-0.5179,4164.4872,4666.4795,1327.7893,1327.7894,4666.4794
513,1298.7123,4640.3392,16.4048,4146.5339,4640.4197,1298.6317,1298.7123,4640.3392
514,1284.8929,4647.7589,7.2931,4157.0301,4647.7747,1284.8771,1284.8929,4647.7589
515,1259.9694,4538.2385,9.9521,4057.7564,4538.2687,1259.9392,1259.9694,4538.2385
516,1238.8425,4478.5704,4.4042,4005.5135,4478.5764,1238.8365,1238.8425,4478.5704
517,1268.7884,4651.1890,-5.4294,4164.3844,4651.1977,1268.7797,1268.7884,4651.1890
518,1254.6463,4557.8184,24.3282,4078.1333,4557.9975,1254.4671,1254.6463,4557.8184
519,1226.9567,4563.4710,22.1873,4090.5973,4563.6186,1226.8092,1226.9567,4563.4710
520,1286.1472,4660.7306,12.3266,4169.2511,4660.7756,1286.1022,1286.1472,4660.7306
521,1265.0445,4614.4029,16.1913,4129.9411,4614.4812,1264.9663,1265.0445,4614.4029
522,1286.6465,4649.3309,5.9559,4158.1003,4649.3415,1286.6360,1286.6465,4649.3309
523,1259.8692,4666.3810,7.6858,4181.3311,4666.3984,1259.8519,1259.8692,4666.3810
524,1274.3884,4559.2611,-8.3233,4074.4160,4559.2821,1274.3673,1274.3884,4559.2611
525,1292.1423,4593.5558,-6.1601,4103.0444,4593.5673,1292.1308,1292.1423,4593.5558
526,1264.3347,4628.8785,22.2342,4144.1633,4629.0254,1264.1877,1264.3347,4628.8785
527,1244.5599,4610.5235,23.7026,4131.5214,4610.6904,1244.3930,1244.5599,4610.5235
528,1239.3849,4475.9908,-18.7363,4003.0172,4476.0993,1239.2765,1239.3849,4475.9908
529,1206.0952,4409.8628,-31.0628,3947.8774,4410.1639,1205.7941,1206.0952,4409.8628
530,1268.8511,4592.5318,-13.5612,4107.8759,4592.5871,1268.7958,1268.8511,4592.5318
531,1279.2048,4588.5495,-22.1015,4101.5756,4588.6971,1279.0572,1279.2048,4588.5495
532,1276.5213,4598.3644,-23.4630,4111.7154,4598.5302,1276.3555,1276.5213,4598.3644
533,1257.7739,4558.8574,-28.9970,4078.4417,4559.1121,1257.5192,1257.7739,4558.8574
534,1304.3279,4621.0608,3.3875,4126.5155,4621.0643,1304.3244,1304.3279,4621.0608
535,1319.0193,4645.1977,4.0290,4146.1569,4645.2026,1319.0145,1319.0193,4645.1977
536,1289.6502,4625.2747,10.1221,4134.2091,4625.3054,1289.6194,1289.6502,4625.2747
537,1287.7976,4636.8859,9.4121,4145.8448,4636.9123,1287.7711,1287.7976,4636.8859
538,1216.8719,4468.6679,19.8353,4001.6439,4468.7888,1216.7509,1216.8719,4468.6679
539,1238.2509,4513.2217,18.2432,4039.1748,4513.3234,1238.1493,1238.2509,4513.2217
540,1211.7918,4401.0387,27.2568,3937.8506,4401.2717,1211.5589,1211.7918,4401.0387
541,1233.4012,4481.7426,13.3643,4009.9931,4481.7976,1233.3462,1233.4012,4481.7426
542,1230.3204,4591.2109,13.6781,4116.4070,4591.2666,1230.2647,1230.3204,4591.2109
543,1287.4408,4581.9428,14.6823,4093.0881,4582.0082,1287.3754,1287.4408,4581.9428
544,1294.0743,4607.9333,8.8973,4116.4192,4607.9571,1294.0504,1294.0743,4607.9333
545,1333.2800,4686.4559,3.1489,4182.3649,4686.4588,1333.2771,1333.2800,4686.4559
546,1321.4955,4677.3530,1.7255,4176.4686,4677.3539,1321.4946,1321.4955,4677.3530
547,1307.3946,4677.9571,-6.9573,4180.5230,4677.9714,1307.3803,1307.3946,4677.9571
548,1342.3855,4689.8104,-0.3198,4183.3943,4689.8105,1342.3854,1342.3855,4689.8104
549,1338.9344,4688.2738,1.9903,4182.7476,4688.2750,1338.9332,1338.9344,4688.2738
550,1320.0004,4659.3618,9.2843,4159.5616,4659.3876,1319.9746,1320.0004,4659.3618
551,1311.5001,4643.0308,5.4140,4145.9041,4643.0396,1311.4913,1311.5001,4643.0308
552,1324.4432,4683.3062,-5.0648,4181.4842,4683.3138,1324.4356,1324.4432,4683.3062
553,1334.0088,4686.4982,1.9797,4182.2275,4686.4994,1334.0077,1334.0088,4686.4982
554,1327.9304,4670.7205,6.0010,4168.5424,4670.7313,1327.9196,1327.9304,4670.7205
555,1320.2949,4668.8996,-8.5432,4168.6565,4668.9214,1320.2731,1320.2949,4668.8996
556,1325.6760,4670.9913,-3.3499,4169.3392,4670.9947,1325.6726,1325.6760,4670.9913
557,1300.2017,4680.5464,-5.6652,4184.7917,4680.5559,1300.1922,1300.2017,4680.5464
558,1313.6373,4680.1215,-6.3340,4181.0666,4680.1334,1313.6254,1313.6373,4680.1215
559,1315.7645,4674.4719,-0.5892,4175.0953,4674.4720,1315.7644,1315.7645,4674.4719
560,1325.1599,4679.4064,-0.6916,4177.5511,4679.4066,1325.1597,1325.1599,4679.4064
561,1340.5298,4684.3839,-1.0408,4178.6266,4684.3842,1340.5294,1340.5298,4684.3839
562,1334.2443,4675.5822,-2.8666,4171.6822,4675.5847,1334.2418,1334.2443,4675.5822
563,1296.6467,4630.5800,-16.8891,4137.6556,4630.6656,1296.5612,1296.6467,4630.5800
564,1284.2385,4635.5710,-8.5079,4145.4584,4635.5926,1284.2169,1284.2385,4635.5710
565,1281.2010,4596.8104,12.8672,4108.9172,4596.8603,1281.1510,1281.2010,4596.8104
566,1288.7808,4591.1187,5.5197,4101.5208,4591.1280,1288.7715,1288.7808,4591.1187
567,1309.5210,4635.4535,6.8057,4139.1050,4635.4675,1309.5071,1309.5210,4635.4535
568,1296.4061,4606.2098,3.5447,4114.1654,4606.2136,1296.4023,1296.4061,4606.2098
569,1249.6720,4480.7183,4.3392,4004.8901,4480.7241,1249.6662,1249.6720,4480.7183
570,1268.8514,4538.1761,-9.7754,4055.4953,4538.2054,1268.8222,1268.8514,4538.1761
571,1310.7398,4669.4635,1.9216,4171.5091,4669.4646,1310.7387,1310.7398,4669.4635
572,1280.7171,4658.3463,4.0710,4168.2674,4658.3512,1280.7122,1280.7171,4658.3463
573,1230.2084,4570.5624,20.8248,4096.5852,4570.6922,1230.0785,1230.2084,4570.5624
574,1244.2704,4562.2877,28.6236,4085.1458,4562.5346,1244.0235,1244.2704,4562.2877
575,1292.7803,4654.2886,13.2810,4161.3988,4654.3410,1292.7278,1292.7803,4654.2886
576,1299.7583,4659.6639,4.7808,4164.7894,4659.6707,1299.7514,1299.7583,4659.6639
577,1319.6343,4648.9561,-2.2302,4149.6169,4648.9576,1319.6328,1319.6343,4648.9561
578,1309.4973,4605.4076,2.7358,4110.2087,4605.4098,1309.4950,1309.4973,4605.4076
579,1268.8995,4555.5359,-14.0137,4072.2334,4555.5957,1268.8398,1268.8995,4555.5359
580,1261.0536,4528.1520,3.2532,4047.7408,4528.1552,1261.0504,1261.0536,4528.1520
581,1301.4379,4659.6138,-13.8905,4164.3874,4659.6713,1301.3804,1301.4379,4659.6138
582,1316.7032,4655.0028,-4.4472,4156.1473,4655.0087,1316.6973,1316.7032,4655.0028
583,1300.5130,4655.4977,5.1164,4160.5933,4655.5055,1300.5052,1300.5130,4655.4977
584,1310.3373,4653.3357,12.6198,4156.1467,4653.3833,1310.2897,1310.3373,4653.3357
585,1320.6960,4642.9275,0.0665,4143.5635,4642.9276,1320.6960,1320.6960,4642.9275
586,1304.8445,4620.3008,-11.6007,4125.7034,4620.3414,1304.8039,1304.8445,4620.3008
587,1323.4283,4669.8096,-1.5738,4168.7448,4669.8104,1323.4276,1323.4283,4669.8096
588,1310.6771,4644.3707,-13.0886,4147.4446,4644.4221,1310.6257,1310.6771,4644.3707
589,1219.2707,4454.3750,15.4605,3987.1928,4454.4489,1219.1968,1219.2707,4454.3750
590,1215.1828,4444.4829,17.5311,3978.7134,4444.5781,1215.0876,1215.1828,4444.4829
591,1251.7397,4619.6514,14.6476,4138.3661,4619.7151,1251.6760,1251.7397,4619.6514
592,1301.0996,4670.1599,11.0470,4174.5990,4670.1961,1301.0633,1301.0996,4670.1599
593,1276.7645,4668.6416,9.8237,4179.2195,4668.6700,1276.7361,1276.7645,4668.6416
594,1319.2059,4641.5128,-3.7732,4142.5688,4641.5171,1319.2017,1319.2059,4641.5128
595,1326.1979,4658.7710,5.0014,4157.4717,4658.7785,1326.1904,1326.1979,4658.7710
596,1279.7958,4565.1155,-12.7049,4078.7530,4565.1647,1279.7466,1279.7958,4565.1155
597,1277.3091,4590.8997,19.2879,4104.2657,4591.0120,1277.1969,1277.3091,4590.8997
598,1267.5526,4590.2631,21.1225,4106.1105,4590.3974,1267.4184,1267.5526,4590.2631
599,1273.2914,4525.0648,10.4896,4041.7924,4525.0986,1273.2575,1273.2914,4525.0648
600,1251.6583,4480.2702,14.1730,4004.0361,4480.3324,1251.5961,1251.6583,4480.2702
601,1227.2359,4457.9457,-26.0995,3988.7944,4458.1566,1227.0251,1227.2359,4457.9457
602,1248.7746,4504.7168,-22.7357,4028.4099,4504.8756,1248.6159,1248.7746,4504.7168
603,1275.7694,4579.7570,21.9996,4093.9589,4579.9035,1275.6229,1275.7694,4579.7570
604,1280.1074,4570.4018,18.2117,4083.8263,4570.5026,1280.0066,1280.1074,4570.4018
605,1285.9602,4661.3371,-2.9741,4169.8309,4661.3397,1285.9576,1285.9602,4661.3371
606,1271.0512,4650.3051,-1.3735,4162.9483,4650.3057,1271.0506,1271.0512,4650.3051
607,1276.6795,4631.2367,-22.6666,4143.3320,4631.3898,1276.5264,1276.6795,4631.2367
608,1270.7253,4634.2852,-13.0488,4147.6439,4634.3359,1270.6747,1270.7253,4634.2852
609,1275.2835,4639.7117,-19.7938,4151.8068,4639.8281,1275.1671,1275.2835,4639.7117
610,1339.5587,4681.0468,-0.6834,4175.6534,4681.0469,1339.5585,1339.5587,4681.0468
611,1334.0332,4680.9969,-1.3684,4176.9339,4680.9975,1334.0326,1334.0332,4680.9969
612,1236.6085,4508.3833,34.2326,4035.2362,4508.7415,1236.2504,1236.6085,4508.3833
613,1332.6881,4683.7657,-0.6312,4179.9188,4683.7658,1332.6880,1332.6881,4683.7657
614,1322.1599,4676.3250,7.9837,4175.3400,4676.3440,1322.1409,1322.1599,4676.3250
615,1313.6926,4673.5205,-0.2497,4174.6872,4673.5205,1313.6926,1313.6926,4673.5205
616,1302.3648,4663.5890,-0.3700,4167.9158,4663.5890,1302.3647,1302.3648,4663.5890
617,1297.7193,4619.8571,15.3385,4127.0550,4619.9279,1297.6485,1297.7193,4619.8571
618,1297.5232,4614.6888,16.9905,4122.1499,4614.7758,1297.4361,1297.5232,4614.6888
619,1337.2307,4682.3513,0.0889,4177.4652,4682.3513,1337.2307,1337.2307,4682.3513
620,1340.5557,4689.2015,-0.6670,4183.2483,4689.2016,1340.5555,1340.5557,4689.2015
621,1323.1196,4667.4473,1.5852,4166.5484,4667.4480,1323.1189,1323.1196,4667.4473
622,1327.6404,4679.6070,5.9043,4177.1545,4679.6174,1327.6300,1327.6404,4679.6070
623,1339.2264,4681.7192,-0.9919,4176.3792,4681.7195,1339.2261,1339.2264,4681.7192
624,1331.1329,4682.6652,-1.8106,4179.2378,4682.6662,1331.1319,1331.1329,4682.6652
625,1303.7948,4672.5129,-10.7966,4176.1956,4672.5475,1303.7602,1303.7948,4672.5129
626,1298.6529,4653.5883,-5.3294,4159.2154,4653.5968,1298.6444,1298.6529,4653.5883
627,1339.1088,4687.9494,1.3300,4182.3933,4687.9500,1339.1082,1339.1088,4687.9494
628,1341.3954,4688.3559,-0.4745,4182.2344,4688.3560,1341.3953,1341.3954,4688.3559
629,1309.8568,4679.3327,-3.5563,4181.2272,4679.3364,1309.8530,1309.8568,4679.3327
630,1300.2133,4660.8748,8.4594,4165.8603,4660.8961,1300.1920,1300.2133,4660.8748
631,1307.8627,4624.1393,-4.8329,4128.6196,4624.1464,1307.8556,1307.8627,4624.1393
632,1312.7663,4623.3692,-1.7597,4126.6820,4623.3702,1312.7653,1312.7663,4623.3692
633,1327.2146,4678.6722,-5.9643,4176.3593,4678.6829,1327.2040,1327.2146,4678.6722
634,1319.8834,4677.7079,1.3517,4177.2024,4677.7085,1319.8829,1319.8834,4677.7079
635,1278.3088,4566.9398,1.8717,4080.8166,4566.9409,1278.3077,1278.3088,4566.9398
636,1295.8280,4578.3439,7.5773,4087.5212,4578.3614,1295.8105,1295.8280,4578.3439
637,1240.4059,4524.4481,28.0534,4049.6230,4524.6877,1240.1663,1240.4059,4524.4481
638,1307.0649,4643.3509,12.0012,4147.3362,4643.3940,1307.0217,1307.0649,4643.3509
639,1297.9458,4623.4878,10.0080,4130.4439,4623.5179,1297.9157,1297.9458,4623.4878
640,1286.1014,4624.4056,-9.6877,4134.2486,4624.4337,1286.0733,1286.1014,4624.4056
641,1286.1563,4608.6847,-9.4388,4119.0959,4608.7115,1286.1295,1286.1563,4608.6847
642,1290.5207,4561.1782,5.6363,4072.2955,4561.1879,1290.5110,1290.5207,4561.1782
643,1304.0793,4595.6985,5.2194,4102.1938,4595.7068,1304.0710,1304.0793,4595.6985
644,1332.7863,4675.1817,3.2804,4171.6493,4675.1850,1332.7831,1332.7863,4675.1817
645,1271.0491,4523.6370,3.2886,4040.9313,4523.6404,1271.0457,1271.0491,4523.6370
646,1258.9943,4514.3815,8.6753,4035.0158,4514.4046,1258.9711,1258.9943,4514.3815
647,1213.7616,4474.0446,-16.6793,4007.5808,4474.1300,1213.6763,1213.7616,4474.0446
648,1325.2162,4657.1740,-3.9612,4156.1704,4657.1787,1325.2115,1325.2162,4657.1740
649,1307.0774,4651.1683,-11.5849,4154.8506,4651.2084,1307.0372,1307.0774,4651.1683
650,1231.0782,4534.7579,29.8619,4061.9720,4535.0278,1230.8083,1231.0782,4534.7579
651,1238.1246,4534.6853,34.0680,4060.2094,4535.0374,1237.7726,1238.1246,4534.6853
652,1334.0274,4688.2931,-3.2346,4183.9504,4688.2962,1334.0243,1334.0274,4688.2931
653,1329.2693,4683.4637,2.3542,4180.4570,4683.4653,1329.2676,1329.2693,4683.4637
654,1287.6750,4608.9183,-17.2066,4119.0210,4609.0075,1287.5859,1287.6750,4608.9183
655,1310.4599,4630.1884,-0.3882,4133.7966,4630.1884,1310.4599,1310.4599,4630.1884
656,1330.9119,4681.7307,0.4452,4178.3919,4681.7308,1330.9118,1330.9119,4681.7307
657,1322.9966,4679.0873,0.2903,4177.7699,4679.0873,1322.9966,1322.9966,4679.0873
658,1319.5075,4639.7161,-5.1156,4140.7733,4639.7239,1319.4996,1319.5075,4639.7161
659,1333.8199,4671.7211,-3.2336,4168.0751,4671.7242,1333.8168,1333.8199,4671.7211
660,1342.4534,4691.7298,-0.1856,4185.2218,4691.7299,1342.4534,1342.4534,4691.7298
661,1340.4837,4688.8003,0.5179,4182.8800,4688.8004,1340.4836,1340.4837,4688.8003
662,1271.5576,4579.4741,14.5258,4094.6318,4579.5379,1271.4938,1271.5576,4579.4741
663,1292.6399,4580.7372,10.2471,4090.6164,4580.7691,1292.6080,1292.6399,4580.7372
664,1332.9874,4681.0012,3.5288,4177.1939,4681.0049,1332.9837,1332.9874,4681.0012
665,1334.6956,4685.3338,3.8156,4180.9466,4685.3381,1334.6912,1334.6956,4685.3338
666,1325.9283,4671.5359,1.2190,4169.7981,4671.5364,1325.9278,1325.9283,4671.5359
667,1329.9898,4679.7861,5.7328,4176.7574,4679.7959,1329.9800,1329.9898,4679.7861
668,1292.6711,4589.7957,-7.6740,4099.3052,4589.8135,1292.6533,1292.6711,4589.7957
669,1286.9448,4588.5524,-10.8060,4099.5337,4588.5877,1286.9094,1286.9448,4588.5524
670,1216.6041,4587.5743,36.8702,4116.8897,4587.9776,1216.2009,1216.6041,4587.5743
671,1288.5940,4656.0976,2.8754,4164.1235,4656.1001,1288.5916,1288.5940,4656.0976
672,1294.0042,4678.9004,-6.0584,4184.7519,4678.9112,1293.9933,1294.0042,4678.9004
673,1293.6958,4651.0922,-6.4019,4158.0443,4651.1044,1293.6836,1293.6958,4651.0922
674,1296.2431,4649.9388,-12.4921,4156.3439,4649.9854,1296.1966,1296.2431,4649.9388
675,1329.3818,4684.4440,-0.9592,4181.3706,4684.4443,1329.3816,1329.3818,4684.4440
676,1328.6612,4683.1052,0.6949,4180.2579,4683.1053,1328.6611,1328.6612,4683.1052
677,1289.6287,4673.0478,6.4788,4180.2090,4673.0602,1289.6163,1289.6287,4673.0478
678,1304.6208,4670.7657,0.1252,4174.2676,4670.7657,1304.6208,1304.6208,4670.7657
679,1296.3478,4598.7122,11.5568,4107.0113,4598.7527,1296.3074,1296.3478,4598.7122
680,1300.8598,4596.8291,8.5234,4104.0786,4596.8511,1300.8377,1300.8598,4596.8291
681,1223.8740,4442.7916,-15.9144,3974.8720,4442.8703,1223.7953,1223.8740,4442.7916
682,1276.4697,4600.8190,14.1243,4113.9644,4600.8790,1276.4096,1276.4697,4600.8190
683,1273.6434,4611.9797,13.9310,4125.4199,4612.0378,1273.5852,1273.6434,4611.9797
684,1308.9346,4661.1575,12.0766,4164.0108,4661.2010,1308.8911,1308.9346,4661.1575
685,1295.5490,4648.6389,16.2383,4155.3029,4648.7175,1295.4703,1295.5490,4648.6389
686,1239.6208,4624.5058,-1.2755,4146.0927,4624.5063,1239.6203,1239.6208,4624.5058
687,1238.3485,4639.9922,4.3040,4161.3895,4639.9977,1238.3431,1238.3485,4639.9922
688,1300.3662,4634.3405,6.7911,4140.2732,4634.3543,1300.3524,1300.3662,4634.3405
689,1291.8782,4645.2217,12.8774,4152.8870,4645.2711,1291.8287,1291.8782,4645.2217
690,1320.6604,4646.3111,8.4443,4146.8501,4646.3326,1320.6389,1320.6604,4646.3111
691,1313.7246,4621.9367,4.7220,4125.0801,4621.9434,1313.7178,1313.7246,4621.9367
692,1278.7965,4537.6430,9.9912,4052.5426,4537.6736,1278.7658,1278.7965,4537.6430
693,1330.8094,4672.5021,1.0296,4169.5471,4672.5024,1330.8091,1330.8094,4672.5021
694,1328.8925,4668.5407,-0.1471,4166.2020,4668.5408,1328.8925,1328.8925,4668.5407
695,1205.6258,4372.2882,-6.2649,3911.4207,4372.3006,1205.6134,1205.6258,4372.2882
696,1300.6320,4610.8681,6.7806,4117.6259,4610.8820,1300.6181,1300.6320,4610.8681
697,1318.8339,4652.3077,-1.4265,4153.0320,4652.3083,1318.8333,1318.8339,4652.3077
698,1309.2717,4637.1487,-8.2692,4140.8040,4637.1693,1309.2511,1309.2717,4637.1487
699,1336.1587,4687.1291,3.1720,4182.3177,4687.1321,1336.1557,1336.1587,4687.1291
700,1340.5552,4691.4877,-1.0576,4185.4450,4691.4880,1340.5548,1340.5552,4691.4877
701,1302.4220,4681.3020,3.6168,4184.9612,4681.3059,1302.4182,1302.4220,4681.3020
702,1332.6269,4675.6152,0.2258,4172.1004,4675.6152,1332.6269,1332.6269,4675.6152
703,1235.0514,4621.0569,-13.0629,4144.0063,4621.1073,1235.0010,1235.0514,4621.0569
704,1315.0427,4675.9038,5.9952,4176.6624,4675.9145,1315.0320,1315.0427,4675.9038
705,1339.8382,4690.3991,-0.9040,4184.5713,4690.3994,1339.8380,1339.8382,4690.3991
706,1337.2095,4681.7258,0.8182,4176.8696,4681.7260,1337.2093,1337.2095,4681.7258
707,1323.4037,4656.6516,5.6907,4156.1122,4656.6613,1323.3940,1323.4037,4656.6516
708,1334.6169,4678.9036,0.7174,4174.7813,4678.9038,1334.6167,1334.6169,4678.9036
709,1328.5646,4651.7610,-0.9625,4150.1569,4651.7613,1328.5644,1328.5646,4651.7610
710,1214.9052,4487.6156,-43.3106,4020.9810,4488.1887,1214.3322,1214.9052,4487.6156
711,1304.7100,4631.6873,11.6320,4136.6886,4631.7280,1304.6694,1304.7100,4631.6873
712,1289.0054,4606.4850,13.1260,4116.3056,4606.5369,1288.9535,1289.0054,4606.4850
713,1223.9695,4544.4205,-20.0866,4072.9396,4544.5420,1223.8480,1223.9695,4544.4205
714,1227.4441,4473.4868,-25.4958,4003.7106,4473.6870,1227.2438,1227.4441,4473.4868
715,1221.6635,4499.2441,-22.7931,4029.9697,4499.4026,1221.5050,1221.6635,4499.2441
716,1238.0971,4515.7713,-34.4450,4041.9885,4516.1332,1237.7351,1238.0971,4515.7713
717,1327.1896,4663.9474,2.5545,4162.2007,4663.9494,1327.1877,1327.1896,4663.9474
718,1324.3441,4687.7638,-2.5323,4185.7883,4687.7657,1324.3422,1324.3441,4687.7638
719,1215.4427,4420.7360,-33.1401,3956.0525,4421.0786,1215.1001,1215.4427,4420.7360
720,1231.9024,4637.7370,-22.3585,4161.0634,4637.8838,1231.7556,1231.9024,4637.7370
721,1325.1902,4680.6854,4.8159,4178.7817,4680.6923,1325.1833,1325.1902,4680.6854
722,1314.2552,4686.0244,-1.5376,4186.5817,4686.0251,1314.2545,1314.2552,4686.0244
723,1213.9629,4410.5372,-30.8034,3946.5380,4410.8340,1213.6661,1213.9629,4410.5372
724,1250.5402,4643.2849,-18.8186,4161.5374,4643.3893,1250.4359,1250.5402,4643.2849
725,1238.0850,4633.7838,-26.2016,4155.7006,4633.9859,1237.8828,1238.0850,4633.7838
726,1284.3766,4652.1654,9.3027,4161.4173,4652.1911,1284.3509,1284.3766,4652.1654
727,1292.2193,4681.9936,-0.8659,4188.1660,4681.9938,1292.2191,1292.2193,4681.9936
728,1309.4486,4671.0568,-0.8204,4173.3584,4671.0570,1309.4484,1309.4486,4671.0568
729,1216.5866,4414.2231,-5.7919,3949.0840,4414.2336,1216.5762,1216.5866,4414.2231
730,1228.5455,4425.5615,2.5294,3957.0108,4425.5636,1228.5435,1228.5455,4425.5615
731,1237.7157,4625.3783,-5.6398,4147.4397,4625.3877,1237.7063,1237.7157,4625.3783
732,1220.7205,4631.5755,-30.6172,4158.1971,4631.8503,1220.4457,1220.7205,4631.5755
733,1227.5092,4533.2753,25.2856,4061.3599,4533.4687,1227.3158,1227.5092,4533.2753
734,1211.4103,4371.6066,1.5533,3909.3039,4371.6073,1211.4095,1211.4103,4371.6066
