0 223 2304
1 0 2324
2 1 2344
3 2 917
4 2 530
4 3 922
4 313 924
5 4 2400
6 5 2418
7 6 2434
8 7 2454
9 8 2474
10 9 2490
11 10 2506
12 11 2526
13 12 2548
14 13 2558
15 14 2558
16 271 1044
17 16 1022
18 17 1002
19 18 320
20 18 342
20 19 309
20 314 305
21 20 930
22 21 297
23 21 315
23 22 284
23 315 286
24 23 868
25 24 368
26 24 112
26 25 352
26 316 352
27 26 280
28 26 258
28 27 278
28 317 278
29 32 1614
30 29 1640
31 30 1676
32 230 1588
33 31 1720
34 33 1764
35 34 1810
36 35 758
37 35 342
37 36 776
37 318 775
38 37 622
39 37 691
39 38 642
39 319 642
40 39 2010
41 40 2032
42 41 2066
43 44 2984
44 45 3012
45 46 3032
46 47 3048
47 48 3063
48 49 3078
49 50 3100
50 51 3120
51 52 3134
52 53 3144
53 54 3134
54 55 3116
55 56 3094
56 57 3074
57 58 3058
58 59 3044
59 78 3028
60 62 2804
61 60 2844
62 63 1265
62 65 236
62 320 1257
63 65 1247
64 61 2884
65 66 2690
66 67 2652
67 69 2616
68 64 2928
69 70 2580
70 71 2544
71 72 2508
72 73 2468
73 74 2432
74 86 2400
75 68 2970
76 75 3010
77 76 3036
78 79 3012
79 80 2994
80 81 2972
81 82 2956
82 83 2940
83 84 2924
84 85 2908
85 225 2890
86 87 2378
87 88 2370
88 89 2380
89 90 1100
89 91 200
89 321 1101
90 91 1108
91 92 2436
92 93 2458
93 114 2480
94 95 2354
95 96 2370
96 97 2388
97 98 2410
98 99 2424
99 100 2440
100 101 935
100 102 471
100 322 935
100 323 112
101 102 943
102 103 1076
102 104 1430
103 104 1085
104 105 2528
105 106 2554
106 192 2590
107 15 2558
108 107 2558
109 108 2558
110 109 2562
111 110 1334
111 272 1234
112 111 2558
113 112 2540
114 113 1600
114 252 902
115 116 3160
116 118 3152
117 115 3156
118 120 3128
119 117 3138
120 121 3102
121 125 3086
122 119 3120
123 122 3096
124 123 3076
125 77 3058
126 94 2338
127 126 2322
128 127 2308
129 128 2302
130 129 2300
131 130 1529
131 310 383
131 354 383
132 133 2860
133 134 2878
134 135 2898
135 136 2916
136 137 2932
137 139 2950
138 132 2844
139 140 2970
140 141 2988
141 142 3002
142 143 3020
143 144 3040
144 124 3060
145 138 2827
146 147 494
146 191 1083
146 331 1079
147 148 2694
148 150 2702
149 146 2644
150 151 2722
151 152 2742
152 154 2750
153 149 2634
154 155 2772
155 156 2804
156 157 2834
157 158 2874
158 159 2912
159 43 2950
160 268 519
161 160 532
161 268 292
161 324 533
162 161 1377
163 162 1394
164 163 1394
165 164 1392
166 165 543
167 165 298
167 166 542
167 325 544
168 167 1386
169 168 1384
170 169 1380
171 170 1240
172 171 405
173 171 407
173 172 403
173 326 538
174 175 741
175 176 2054
176 177 810
176 208 1279
177 178 2144
178 179 2176
179 180 951
179 181 306
179 328 948
180 181 969
181 182 2268
182 183 2282
183 184 770
183 185 744
183 329 769
184 185 774
185 186 2292
186 187 907
186 288 474
186 330 907
187 188 303
187 288 608
188 189 2294
189 190 2294
190 131 2298
191 147 1093
192 153 2618
193 200 1904
194 193 720
195 193 426
195 194 703
195 332 701
196 195 1798
197 196 1766
198 197 724
199 198 675
200 206 1938
201 197 274
201 198 32
201 199 540
201 333 34
201 334 538
202 199 117
202 201 1414
202 334 117
203 202 1618
204 203 1594
205 204 1574
206 174 270
206 207 1426
206 327 270
207 174 453
207 175 534
207 327 453
208 177 1296
209 42 2108
210 209 2132
211 210 2148
212 211 725
212 286 1414
213 212 2145
214 213 2150
215 214 2154
216 215 2168
217 216 2180
218 217 2188
219 218 806
220 218 590
220 219 470
220 335 470
221 219 352
221 220 1528
221 335 352
222 221 2254
223 222 2282
224 205 1554
225 226 2874
226 227 2860
227 228 2844
228 229 2828
229 273 2818
230 231 1568
231 232 1546
232 233 1518
233 234 1500
234 235 1484
235 236 521
235 237 415
235 336 521
236 237 514
237 238 1424
238 239 1408
239 240 303
239 253 784
239 337 303
240 173 402
241 224 485
242 224 558
242 241 471
242 338 470
243 242 1462
244 243 1420
245 244 1376
246 245 1334
247 246 1290
248 247 1250
249 248 71
249 287 63
250 248 686
250 249 132
250 287 118
250 339 134
250 348 119
251 250 438
252 113 918
253 173 555
253 240 105
253 337 105
254 277 292
255 254 306
255 277 384
255 341 306
256 255 1030
257 256 1064
258 257 416
259 257 264
259 258 428
259 342 430
260 259 1154
261 260 1178
262 261 1200
263 262 1214
264 263 478
265 263 271
265 264 492
265 343 492
266 265 1274
267 266 1296
268 267 1314
269 250 32
269 251 420
270 250 202
270 269 441
270 344 441
271 270 1070
272 110 1226
273 274 2814
274 275 2814
275 276 2816
276 145 2817
277 278 928
278 279 875
279 280 328
279 281 169
279 345 329
280 281 303
281 282 730
282 283 275
282 284 154
282 346 276
283 284 254
284 285 256
284 289 121
284 347 254
285 289 238
286 211 1428
287 248 186
288 188 1692
289 290 554
290 291 512
291 292 214
291 293 42
291 349 212
292 293 191
293 294 377
294 311 301
295 296 111
296 297 244
297 298 338
298 299 100
298 301 141
298 350 139
299 300 466
300 302 514
301 299 161
302 303 162
302 304 197
302 351 195
303 305 652
304 303 110
304 309 102
305 306 686
306 307 248
306 308 218
306 352 247
307 308 267
308 28 792
309 303 118
310 130 383
311 312 115
313 2 916
314 18 315
315 21 298
316 24 368
317 26 280
318 35 756
319 37 624
320 65 1238
321 91 1107
322 323 943
323 102 1070
324 268 519
325 165 545
326 170 131
326 171 407
327 175 741
328 181 966
329 185 773
330 188 303
330 288 608
331 147 1090
332 193 717
333 197 724
334 333 674
335 218 806
336 237 514
337 173 402
338 224 485
339 248 71
339 348 65
340 250 438
341 277 292
342 257 416
343 263 478
344 250 32
344 340 420
345 281 303
346 284 256
347 289 238
348 248 186
349 293 191
350 299 159
351 303 109
351 353 102
352 308 267
353 303 118
354 130 382
