stripe -0.31492965 -0.4104043562 0.1102006057 -1
stripe -0.2280969906 -0.4831056479 0.06852252823 1
stripe -0.08146201667 0.3773706833 0.2054881 -1
stripe -0.1149013929 0.4270511479 0.1686368167 1
stripe -0.07741192937 0.4459133937 0.1501029 -1
stripe -0.198313726 -0.4800324781 0.09283553729 -1
stripe -0.07722139135 0.4649656927 0.1297089404 1
stripe -0.06905312479 0.4851845927 0.1076866917 -1
stripe -0.3910591021 0.308062151 0.135778633 1
stripe -0.02536039302 -0.5538144458 0.01652448333 -1
stripe -0.04184286948 -0.542973801 0.03149979635 -1
stripe -0.04180803781 0.5382146187 0.04350881698 1
stripe -0.2530358635 0.1912238 0.3129940552 1
stripe -0.1608419823 0.3676428302 0.2166114521 -1
stripe -0.05623165802 0.1096558701 0.3260261865 -1
stripe -0.3468051229 0.3380162917 0.1502784312 1
stripe -0.3634940156 -0.361801825 0.1225753875 1
stripe -0.05110039146 -0.4916957813 0.09514758854 -1
stripe -0.0993787326 -0.5416891208 0.02444826937 -1
stripe -0.09872304063 -0.2544675104 0.320032375 -1
stripe -0.1713858844 0.4407726865 0.1488207677 1
stripe -0.2329996625 0.4381968042 0.1246248354 -1
stripe -0.2749582521 -0.3434198802 0.2365180208 1
stripe -0.09388063698 -0.4813834687 0.115247385 1
stripe -0.06621040323 -0.5266595281 0.05354936177 -1
stripe -0.08183177896 -0.511833275 0.07330919042 1
stripe -0.06846626042 -0.4886232469 0.1040571005 -1
stripe -0.0888598949 -0.5045451875 0.08301926604 -1
stripe -0.2859123302 -0.3999680354 0.1560464271 1
stripe -0.1633491979 -0.3739055083 0.2461208042 1
stripe -0.05589698979 -0.533439174 0.04396588365 -1
stripe -0.02895868146 -0.5227309073 0.04763138948 1
stripe -0.3154313125 -0.440958901 0.05556346719 1
stripe -0.1494314167 0.2750845646 0.2744153479 1
stripe -0.07093300198 -0.2898593146 0.2813548469 1
stripe -0.07441162875 -0.3440251333 0.2464949031 -1
stripe -0.06460595979 -0.4376828792 0.1605482042 -1
stripe -0.08136499677 -0.4380590833 0.1643167021 1
stripe -0.09672994667 -0.4241415917 0.1853982167 1
stripe -0.1616887083 -0.4817906354 0.1086685587 1
stripe -0.1414437573 -0.4597865365 0.1450983375 -1
stripe -0.1032712962 -0.3646409917 0.2459056052 -1
stripe -0.06478677313 -0.3841708417 0.2099465365 1
stripe -0.0569331375 0.1669931656 0.3031443437 -1
stripe -0.1703635719 0.3064761625 0.2573146823 -1
stripe -0.1205164437 -0.4099513312 0.2071737396 -1
stripe -0.1279454458 -0.2948144281 0.306098301 1
stripe -0.3276303385 0.2067535573 0.2712999385 1
stripe -0.05869771948 0.4985621312 0.09244494625 -1
stripe -0.05260178958 0.516249825 0.070888485 1
stripe -0.08432521583 0.5289999375 0.055334045 1
stripe -0.03824928354 0.5452079625 0.03560664167 1
stripe -0.03030031292 0.5515043625 0.02806641167 1
stripe -0.01236506542 0.56332565 0.01338687948 1
stripe -0.30058395 0.4486224667 0.06044672875 -1
stripe 0.31492965 -0.4104043562 0.1102006057 1
stripe 0.2280969906 -0.4831056479 0.06852252823 -1
stripe 0.08146201667 0.3773706833 0.2054881 -1
stripe 0.1149013929 0.4270511479 0.1686368167 -1
stripe 0.07741192937 0.4459133937 0.1501029 1
stripe 0.198313726 -0.4800324781 0.09283553729 -1
stripe 0.06905312479 0.4851845927 0.1076866917 -1
stripe 0.07722139135 0.4649656927 0.1297089404 1
stripe 0.3910591021 0.308062151 0.135778633 -1
stripe 0.02621083385 -0.5540706948 0.01600809323 1
stripe 0.04125790333 -0.5436757115 0.03046701615 1
stripe 0.04180803781 0.5382146187 0.04350881698 -1
stripe 0.2530358635 0.1912238 0.3129940552 -1
stripe 0.1608419823 0.3676428302 0.2166114521 -1
stripe 0.05791455708 0.1086417867 0.3275795708 -1
stripe 0.3468051229 0.3380162917 0.1502784312 -1
stripe 0.3634940156 -0.361801825 0.1225753875 -1
stripe 0.05110039146 -0.4916957813 0.09514758854 -1
stripe 0.0993787326 -0.5416891208 0.02444826937 1
stripe 0.09991470937 -0.254651299 0.3206701531 -1
stripe 0.1713858844 0.4407726865 0.1488207677 -1
stripe 0.2329996625 0.4381968042 0.1246248354 -1
stripe 0.2749582521 -0.3434198802 0.2365180208 -1
stripe 0.09388063698 -0.4813834687 0.115247385 -1
stripe 0.06621040323 -0.5266595281 0.05354936177 1
stripe 0.08183177896 -0.511833275 0.07330919042 1
stripe 0.06846626042 -0.4886232469 0.1040571005 -1
stripe 0.08964413698 -0.5051048969 0.08228004615 1
stripe 0.2859123302 -0.3999680354 0.1560464271 1
stripe 0.1633491979 -0.3739055083 0.2461208042 -1
stripe 0.05589698979 -0.533439174 0.04396588365 1
stripe 0.02895868146 -0.5227309073 0.04763138948 -1
stripe 0.3154313125 -0.440958901 0.05556346719 1
stripe 0.1494314167 0.2750845646 0.2744153479 1
stripe 0.07287009885 -0.2911666958 0.2817772719 -1
stripe 0.07441162875 -0.3440251333 0.2464949031 -1
stripe 0.06460595979 -0.4376828792 0.1605482042 1
stripe 0.08268954698 -0.4380322198 0.1646844917 1
stripe 0.09759438115 -0.4248401583 0.1847532396 1
stripe 0.1414437573 -0.4597865365 0.1450983375 -1
stripe 0.1616887083 -0.4817906354 0.1086685588 1
stripe 0.1032712962 -0.3646409917 0.2459056052 -1
stripe 0.0654636475 -0.3850594333 0.2093801792 -1
stripe 0.05781073437 0.165915675 0.3039860187 1
stripe 0.1703635719 0.3064761625 0.2573146823 1
stripe 0.1205164437 -0.4099513312 0.2071737396 -1
stripe 0.1279454458 -0.2948144281 0.306098301 -1
stripe 0.3276303385 0.2067535573 0.2712999385 1
stripe 0.05869771948 0.4985621312 0.09244494625 1
stripe 0.05260178958 0.516249825 0.070888485 1
stripe 0.08432521583 0.5289999375 0.055334045 -1
stripe 0.03118353187 0.5508047625 0.028904215 1
stripe 0.0391325025 0.5445083625 0.036444445 1
stripe 0.01236506542 0.56332565 0.01338687948 1
stripe 0.30058395 0.4486224667 0.06044672875 1
