stripe -0.0813558674 0.1183021217 0.2352096796 1
stripe -0.07539468802 0.1269006167 0.2473957471 1
stripe -0.08424110292 0.1388865692 0.2484064308 -1
stripe -0.03864230073 0.07862579625 0.2405506028 1
stripe -0.1532778327 0.2436400149 0.2578113339 -1
stripe -0.02153071677 0.1859089125 0.3032242282 -1
stripe -0.1174537992 0.1671500786 0.2387440808 1
stripe -0.1612589471 0.4916363229 0.1566942662 -1
stripe -0.08803912885 0.1598634694 0.2608154978 -1
stripe -0.1062364453 0.1808466468 0.2606770878 1
stripe -0.09317790427 0.4676338645 0.226409909 -1
stripe -0.1475558634 0.1917382612 0.2303600176 1
stripe -0.07499070375 0.1860772553 0.2795521448 -1
stripe -0.2945893079 0.339108251 0.134015293 -1
stripe -0.171823953 0.2252026727 0.2289304351 1
stripe -0.1732816475 0.3036852518 0.2473674993 1
stripe -0.07797618885 0.1127900929 0.2340486499 -1
stripe -0.000112161875 0.003277544687 0.2113120959 -1
field -0.00084048375 0.004005867812 0.2113049009 -1
stripe -0.000112161875 0.01003983094 0.2140548197 -1
field -0.000112161875 0.01003983094 0.2140548197 1
stripe -0.0139502775 0.03064025656 0.2166608384 1
stripe -0.1742437704 0.2771972922 0.2399769321 1
stripe -0.2499955524 0.2960893052 0.1681786256 -1
stripe -0.1906768971 0.2471457079 0.2140641993 -1
stripe -0.2165839129 0.2626266327 0.1872379078 -1
stripe -0.1443262565 0.08356134323 0.2526705702 1
stripe -0.1168271243 0.08283063885 0.2317071215 1
stripe -0.1298985095 0.07948710615 0.2442702585 -1
stripe -0.4904326877 0.06855714948 0.1909027867 -1
stripe -0.1972556987 0.06600388125 0.2917524875 -1
stripe -0.4720979928 0.01283803125 0.2226508426 1
stripe -0.2800002596 0.1396405041 0.3011533558 -1
stripe -0.3002641746 0.1371068541 0.2800986458 1
stripe -0.4644010373 0.1298318077 0.2002220766 -1
stripe -0.2651633584 0.1355765141 0.2908062367 1
stripe -0.2578581824 0.1295982949 0.2828387417 1
stripe -0.2505764897 0.1331933659 0.2714704617 -1
stripe -0.192573548 0.1339035218 0.243700038 1
stripe -0.1798087164 0.1284387199 0.2392277302 1
stripe -0.2811571646 0.08134019323 0.3044788203 1
stripe -0.1730272093 0.1000345778 0.2603286764 -1
stripe -0.4827337379 0.03204183344 0.2072528806 -1
stripe -0.2353259541 0.1554371425 0.2463267442 -1
stripe -0.2411753191 0.1408111062 0.2567115129 1
stripe -0.2431646274 0.1318966396 0.2626620329 1
stripe -0.1782009912 0.08588821375 0.271317746 1
stripe -0.3276067075 0.2880109658 0.13934057 -1
stripe -0.2169702709 0.1754443527 0.2161863198 1
stripe -0.2686015121 0.1110038646 0.2885535315 1
stripe -0.278664659 0.1047028177 0.2932337265 -1
stripe -0.2895063277 0.100552229 0.2991793319 -1
stripe -0.5020810099 0.08267622427 0.1712564207 1
stripe -0.5131311997 0.1241318472 0.1459211847 -1
stripe -0.3073246748 0.1609048358 0.2559537725 1
stripe -0.0742279174 0.04821093927 0.2283921426 1
stripe -0.3793426408 0.03518086479 0.2992492477 1
stripe -0.01272756 0.01251182 0.2111825228 -1
stripe -0.007437965208 0.001586973125 0.2135038905 -1
stripe -0.00929333375 0.00231529625 0.2139393841 1
field -0.00929333375 0.00231529625 0.2139393841 1
field -0.00253105375 0.00231529625 0.2112832528 -1
stripe -0.03135037312 0.01761008187 0.2164444203 -1
stripe -0.02479547625 0.01105517375 0.2165091753 1
stripe -0.2786966752 0.1743086641 0.25923114 1
stripe -0.2760764986 0.1421460403 0.3030764752 1
stripe -0.2711874821 0.1546679116 0.2817560837 1
stripe -0.2974176657 0.2522994397 0.1709901219 -1
stripe -0.2516095604 0.1969496271 0.2140530159 -1
stripe 0.09139850302 0.1198705942 0.222955926 1
stripe 0.07776010885 0.1220935883 0.236426634 1
stripe 0.1513549008 0.4813283654 0.1801234656 -1
stripe 0.2484800456 0.3398837094 0.1860643002 -1
stripe 0.1192486026 0.1624573146 0.2240451453 -1
stripe 0.0948214774 0.2846258349 0.29920374 1
stripe 0.1016075499 0.1711284978 0.2452479716 -1
stripe 0.1066823031 0.1840024011 0.2554165766 -1
stripe 0.09282263375 0.1809608049 0.2651781153 -1
stripe 0.0888900025 0.1967395768 0.2873952997 1
stripe 0.1042631637 0.2054386993 0.2827909522 1
stripe 0.1847914959 0.4276672575 0.2142944503 1
stripe 0.160193954 0.1854720562 0.2092962236 1
stripe 0.08337528292 0.1852960616 0.2769022052 -1
stripe 0.09835449823 0.1400567812 0.2275764223 -1
stripe 0.2883086558 0.340262956 0.1460030383 1
stripe 0.08823830698 0.5057106569 0.1776958709 -1
stripe 0.02921524667 0.08127775417 0.240966247 1
stripe 0.001344483333 0.01229392635 0.2149690609 1
field 0.001344483333 0.01229392635 0.2149690609 1
stripe 0.001344483333 0.003277544687 0.2113120959 -1
field 0.002072806667 0.004005867812 0.2113049009 -1
stripe 0.01736759667 0.02944408281 0.2152678916 -1
stripe 0.2011576092 0.2520405233 0.2119385735 1
stripe 0.1800801659 0.2546903633 0.2381184302 -1
stripe 0.2133527001 0.2521122894 0.1968652526 -1
stripe 0.2176865891 0.2878187787 0.2102309388 1
stripe 0.1981052328 0.2714227119 0.2295089178 -1
stripe 0.1144350302 0.08578330615 0.226619546 1
stripe 0.1525637642 0.08794268885 0.253521578 -1
stripe 0.1265811565 0.0852807649 0.2360592842 -1
stripe 0.1342542885 0.08216058385 0.2440708671 1
stripe 0.5128710103 0.1053515704 0.1587579961 1
stripe 0.2542627978 0.1431638475 0.268347442 -1
stripe 0.2083685051 0.1250110002 0.2596344541 1
stripe 0.3267845978 0.1865298941 0.2536521234 -1
stripe 0.3495326302 0.1171203894 0.2782330506 1
stripe 0.1665846573 0.1060918695 0.2486217398 -1
stripe 0.183971774 0.1387963926 0.2309872898 -1
stripe 0.3722071331 0.1495092042 0.26334115 1
stripe 0.1756195138 0.1006701494 0.2589889577 -1
stripe 0.4801552898 0.08871845396 0.2084015506 -1
stripe 0.2443054832 0.1168544629 0.2804038582 1
stripe 0.2406660261 0.1486112646 0.2546906811 -1
stripe 0.3251766849 0.2895653372 0.1333280896 -1
stripe 0.2055370903 0.1431388627 0.2425247683 -1
stripe 0.5251268159 0.07728676448 0.1501055532 1
stripe 0.3472523899 0.1866084088 0.2541197759 -1
stripe 0.001908007292 0.001586973125 0.2108477593 1
field 0.001908007292 0.001586973125 0.2108477593 1
field 0.003763378542 0.00231529625 0.2112832528 -1
field 0.01165271396 0.00231529625 0.2143820726 1
stripe 0.03072737229 0.01688175875 0.2160089268 1
stripe 0.2771422947 0.1733473084 0.2508953295 -1
stripe 0.2943021962 0.2573048903 0.1608169428 -1
stripe 0.2512647136 0.1902204656 0.2185882966 -1
stripe 0.2645927495 0.2142922889 0.198446653 1
stripe -0.0935424026 -0.1494501861 0.259618173 -1
stripe -0.08648760677 -0.139321847 0.2532113189 1
stripe -0.09471504698 -0.1211094568 0.2305975074 -1
stripe -0.09191014104 -0.1324521051 0.2434511824 1
stripe -0.001779717917 -0.4446295725 0.2581560402 1
stripe -0.08245959969 -0.2247546775 0.2939304145 -1
stripe -0.1492178333 -0.245348575 0.2438957733 1
stripe -0.1249507709 -0.2100598535 0.2600317395 1
stripe -0.1081815524 -0.2270443695 0.2786563671 1
stripe -0.1238973611 -0.1762300322 0.2447488978 1
stripe -0.1356169115 -0.1776108469 0.2310640481 1
stripe -0.2817318105 -0.3084066935 0.1397058547 -1
stripe -0.09112372531 -0.1621186924 0.2731322136 1
stripe -0.01805604667 -0.4150348423 0.2729702354 1
stripe -0.06526916219 -0.1780028596 0.2937118723 -1
stripe -0.0980781051 -0.1076734029 0.2147380508 1
stripe -0.1668272531 -0.2057550111 0.2106771258 1
stripe -0.1069562058 -0.2889361957 0.2934270606 1
stripe -0.1147082135 -0.5135543283 0.149958869 -1
stripe -0.1351834299 -0.4215854851 0.2412737164 1
stripe -0.0406683525 -0.3520396506 0.3069075198 1
stripe -0.02180328583 -0.3976823121 0.2834545362 1
field -0.00084048375 -0.009050845729 0.2139393841 1
field -0.00084048375 -0.002288564479 0.2112832528 -1
stripe -0.0139502775 -0.02892292448 0.2164660053 1
stripe -0.2606426017 -0.2847885683 0.154688785 -1
stripe -0.1981977021 -0.232367483 0.1900353955 -1
stripe -0.2075324396 -0.254146895 0.1990253731 1
stripe -0.4679230391 -0.2025904699 0.1579950098 1
stripe -0.128472238 -0.08623696365 0.2316661098 -1
stripe -0.5521908258 -0.1405001186 0.06597689797 1
stripe -0.5661758623 -0.03696081974 0.08164575755 -1
stripe -0.2518315491 -0.1306913318 0.2717849164 -1
stripe -0.2688755436 -0.2264050367 0.1864871999 -1
stripe -0.2150784259 -0.1226173411 0.263549475 1
stripe -0.1661233416 -0.1134433529 0.2357894609 -1
stripe -0.1961649732 -0.1292178561 0.2485730321 1
stripe -0.1708713768 -0.1240783476 0.2310315967 1
stripe -0.2772780169 -0.09869960427 0.2958438656 1
stripe -0.1943930002 -0.09153048469 0.2721171277 -1
stripe -0.1718662723 -0.09909385156 0.2518575948 -1
stripe -0.1160133614 -0.09750057042 0.2166914627 1
stripe -0.1393303368 -0.09622291906 0.2324054706 1
stripe -0.3261028421 -0.146020106 0.2733455542 -1
stripe -0.3484299013 -0.2973913908 0.1293346679 -1
stripe -0.5223867325 -0.1174094155 0.1358250451 1
stripe -0.3137685008 -0.1596844606 0.2625543545 1
stripe -0.08901493396 -0.0375714175 0.2428896649 -1
stripe -0.0006756852083 0.0001303279167 0.2108477593 -1
field -0.0006756852083 0.0001303279167 0.2108477593 1
field -0.00253105375 -0.0005979941667 0.2112832528 -1
stripe -0.007437965208 0.0001303279167 0.2135038905 1
stripe -0.008565011875 0.0001303279167 0.2139465791 1
stripe -0.00929333375 -0.0005979941667 0.2139393841 -1
field -0.00929333375 -0.0005979941667 0.2139393841 1
stripe -0.0291654075 -0.01370779167 0.2164660053 1
stripe -0.2583603377 -0.1582685948 0.2528544518 -1
stripe -0.2914868852 -0.242538651 0.1799273006 -1
stripe -0.2782200718 -0.182077307 0.240055166 -1
stripe -0.2663707033 -0.201642802 0.2119795701 1
stripe 0.08804678781 -0.1201323958 0.230635079 1
stripe 0.09117177396 -0.1575024543 0.2576227515 1
stripe 0.08704170156 -0.1444244496 0.250315814 1
stripe 0.07634779406 -0.1319310579 0.2480864023 -1
stripe 0.08291162917 -0.1313464449 0.2430088765 -1
stripe 0.1178764344 -0.4740827777 0.1988995058 -1
stripe 0.07497638229 -0.2415916775 0.3045833836 1
stripe 0.1560894042 -0.2455300075 0.2534315697 -1
stripe 0.2455808059 -0.2815536883 0.1657893924 -1
stripe 0.1403616347 -0.5135683789 0.1354456478 -1
stripe 0.1163861653 -0.1629301941 0.2384617462 1
stripe 0.2894821318 -0.3156519455 0.1351908762 1
stripe 0.02396744375 -0.1640055324 0.2845113753 -1
stripe 0.09433612562 -0.1849006342 0.2701213818 1
stripe 0.08774328906 -0.4591876464 0.2280596158 -1
stripe 0.1475308699 -0.1821363639 0.2240475532 1
stripe 0.08296895521 -0.2113798208 0.2896830966 -1
stripe 0.170146898 -0.2294738193 0.2308056493 1
stripe 0.05222877573 -0.0929610824 0.2380568933 1
field 0.002072806667 -0.002288564479 0.2112832528 -1
stripe 0.002072806667 -0.009050845729 0.2139393841 -1
field 0.002072806667 -0.009050845729 0.2139393841 1
stripe 0.01299765667 -0.01321339573 0.2111753278 -1
stripe 0.01882424333 -0.03143748802 0.2159873418 1
stripe 0.01299765667 -0.02110272385 0.2142741476 -1
stripe 0.1697465065 -0.2788756555 0.2555934969 -1
stripe 0.193022074 -0.2496493414 0.2149265865 -1
stripe 0.2104809721 -0.25033568 0.1944932371 -1
stripe 0.1474227717 -0.09110925896 0.2531046964 1
stripe 0.1165496708 -0.09051820437 0.2254668072 1
stripe 0.130424509 -0.0894769974 0.2386786582 -1
stripe 0.1362786429 -0.08035954458 0.2495055307 1
stripe 0.4970192658 -0.1060923048 0.1859126448 1
stripe 0.3536615236 -0.3102862596 0.1190207376 1
stripe 0.2693239041 -0.1320279489 0.2767862036 -1
stripe 0.2731191267 -0.2246357167 0.1903476371 1
stripe 0.2247402726 -0.1114598416 0.2784901137 -1
stripe 0.1943605109 -0.1236393432 0.254411067 -1
stripe 0.1634416422 -0.103575022 0.2553381107 1
stripe 0.1796092766 -0.1309783214 0.2355756451 1
stripe 0.4945075282 -0.1609909421 0.1582498572 -1
stripe 0.269163747 -0.09089492948 0.2970074896 1
stripe 0.1716677787 -0.09409067406 0.2706623726 1
stripe 0.1927965604 -0.0907737525 0.2856667625 -1
stripe 0.480319722 -0.08499422833 0.2114451541 1
stripe 0.2119793056 -0.1455677405 0.2425903135 1
stripe 0.1420793996 -0.01425975458 0.2766822761 -1
stripe 0.2313664584 -0.1727983643 0.226324101 -1
field 0.01052566604 -0.0005979941667 0.2139393841 1
stripe 0.003763378542 -0.0005979941667 0.2112832528 -1
field 0.003763378542 -0.0005979941667 0.2112832528 -1
stripe 0.03152482146 -0.01370779167 0.2169086939 1
stripe 0.2584789478 -0.15626071 0.2540775679 -1
stripe 0.2997697581 -0.2545079036 0.1682968496 -1
stripe 0.2669388332 -0.1963976699 0.2175725349 -1
