0 1 69982
0 39 2293
0 146 2172
1 3 37607
1 4 1879
1 5 5546
1 6 6877
1 9 3520
1 115 4676
2 0 47845
2 1 9146
3 2 49413
3 7 3944
3 10 4567
4 3 11180
4 9 1256
5 4 8823
6 3 1913
6 4 1714
6 5 3284
7 1 6752
7 2 6751
7 8 4140
7 9 953
8 1 564
8 9 3634
9 3 6476
9 10 2969
10 7 15688
10 31 3867
11 14 984
11 15 2347
12 11 1099
12 15 94
12 17 91
12 18 87
12 19 5016
13 12 876
13 15 960
13 111 931
14 12 2590
14 13 2704
14 15 522
14 50 647
15 16 1443
15 64 2813
15 129 645
16 64 2135
17 11 1323
17 14 4348
17 50 171
17 110 1839
18 17 4303
19 17 2898
19 18 2211
20 21 750
20 22 583
20 25 434
20 141 1069
21 23 821
21 24 89
21 113 498
21 143 434
21 162 486
22 21 126
22 25 32
22 142 279
22 162 197
23 24 1951
23 27 723
23 28 165
23 112 909
24 26 1812
24 161 422
25 21 465
26 23 482
26 27 660
26 29 2143
26 71 370
26 72 374
26 98 1423
26 131 46
26 144 705
26 155 39
27 28 1423
27 144 461
28 24 473
28 26 925
28 73 1869
29 28 419
29 73 1262
29 98 549
29 155 462
30 7 3143
31 7 4818
31 30 3126
32 10 1517
32 31 628
33 10 163
33 31 4380
33 32 2129
34 33 6633
35 34 3135
35 114 726
36 34 2719
36 35 3833
37 36 6453
38 37 6433
38 75 5985
38 77 4406
38 78 4920
38 132 2085
39 49 2114
40 97 221
41 40 372
42 41 549
43 42 729
44 43 918
45 44 1145
46 45 1352
47 46 1542
48 47 1717
49 48 1924
50 12 2643
51 50 557
52 12 162
52 17 220
52 18 213
52 50 1236
52 51 575
52 125 673
52 174 65
53 52 1069
53 55 1793
54 17 4
54 18 57
54 52 451
54 53 1042
54 55 1984
54 128 2818
54 135 38
55 52 1655
55 125 1035
55 134 69
56 54 4314
57 56 3621
57 158 751
58 38 3813
58 61 6472
58 76 1853
59 58 5348
60 59 2436
60 138 1522
61 65 2519
62 60 3717
62 138 1250
63 62 889
64 60 1234
64 62 2985
64 63 847
65 58 2510
66 79 1388
66 80 1770
67 66 2005
68 67 563
69 68 442
70 66 124
70 67 744
70 68 125
70 69 444
70 79 679
71 66 910
71 67 656
71 70 1703
71 80 893
71 130 400
72 71 410
73 26 3402
73 71 45
73 72 27
74 38 6121
75 74 3453
76 38 18531
77 76 2884
78 76 4295
78 132 680
79 71 2152
79 80 810
80 81 3650
81 82 2319
81 133 709
81 156 748
82 83 2973
82 84 1124
82 85 949
82 157 1710
83 85 412
83 156 740
83 175 471
84 85 1823
85 57 4340
86 87 766
87 88 828
88 89 887
89 90 954
90 91 1018
91 92 1083
92 93 1151
93 94 1218
94 95 168
94 96 1110
95 96 181
96 101 1525
98 71 1112
98 73 308
98 79 705
98 131 411
99 20 2179
100 20 1735
101 100 1622
102 103 247
103 104 180
103 139 171
104 105 277
105 106 138
105 109 250
105 140 47
105 178 57
106 107 348
107 108 638
108 86 699
109 106 112
109 107 228
110 11 859
110 14 1008
111 15 927
112 27 453
112 28 481
113 23 448
113 24 45
114 34 733
115 116 2105
115 164 2125
116 117 1904
117 118 1715
118 119 1514
119 120 1317
120 121 1115
121 122 911
122 123 712
123 124 532
124 136 356
125 18 1055
125 54 215
125 174 496
126 55 485
127 55 108
127 126 358
128 53 1859
128 55 308
128 126 86
128 127 471
128 135 72
129 16 639
129 64 44
130 70 403
131 71 472
132 76 2795
133 82 735
134 125 76
135 55 64
135 126 52
136 137 198
138 59 2785
139 104 43
139 105 168
140 106 47
141 21 512
141 22 484
141 162 110
142 21 450
142 23 612
142 143 22
143 23 464
144 28 713
144 29 486
145 154 1766
146 145 1970
147 159 239
148 147 393
149 148 578
150 149 762
151 150 966
152 151 1199
153 152 1393
154 153 1591
155 98 513
156 82 1584
157 83 532
157 84 659
157 85 289
157 175 281
158 56 746
159 160 34
161 23 20
161 142 424
162 24 439
162 142 351
162 161 16
163 165 1762
164 163 1956
165 166 1587
166 167 1421
167 168 1240
168 169 1041
169 170 832
170 171 663
171 172 499
172 173 357
173 176 234
174 18 575
175 85 775
176 177 19
178 109 60
