0 2 253
1 0 260
2 3 247
3 4 241
4 5 239
5 313 228
6 1 266
7 8 165
8 9 149
9 10 131
10 11 111
11 12 98
12 13 82
13 20 63
14 15 169
14 314 40
15 16 213
16 17 206
17 18 198
18 19 193
19 7 182
20 21 86
22 23 474
22 24 112
23 24 474
24 25 581
25 26 582
26 27 582
27 28 578
28 29 578
29 30 576
30 335 574
31 32 639
32 34 490
32 37 148
33 31 639
34 37 488
35 33 640
36 35 644
37 38 314
37 39 323
38 39 313
39 357 638
40 41 491
41 36 649
42 43 394
43 44 653
43 45 149
44 45 644
45 47 448
45 48 339
46 42 398
46 43 421
47 48 446
48 49 578
48 367 203
49 367 573
50 51 844
51 52 836
52 53 602
52 55 225
53 55 602
54 50 580
55 56 831
56 46 330
56 57 500
57 46 499
58 383 721
58 385 127
59 58 857
60 59 493
61 59 371
61 60 496
62 61 585
63 62 205
64 61 290
64 62 382
64 63 211
65 72 137
66 65 143
66 72 607
67 66 760
67 72 154
68 67 617
69 67 54
69 68 626
70 69 447
71 69 184
71 70 453
72 390 675
72 391 222
73 67 257
73 69 57
73 71 641
74 73 959
75 74 959
76 75 348
77 411 927
78 77 916
79 78 911
80 79 469
81 79 241
81 80 469
82 81 614
83 79 56
83 81 93
83 82 611
84 79 145
84 83 761
85 84 806
86 94 656
87 86 648
87 94 43
87 433 305
88 87 988
89 88 863
90 88 111
90 89 855
91 90 962
92 91 620
93 91 340
93 92 623
94 432 672
94 433 33
95 428 321
95 702 192
95 712 455
96 95 963
97 96 401
98 96 441
98 97 212
98 99 185
99 97 187
100 98 626
101 96 107
101 98 209
101 100 621
102 101 767
103 102 353
104 102 177
104 103 354
105 106 286
105 107 79
106 107 283
107 108 583
108 109 715
108 113 145
109 110 467
109 111 69
109 112 93
109 113 87
110 111 469
111 112 540
112 113 635
113 114 883
114 115 831
114 118 58
115 116 562
115 118 271
116 117 456
116 118 108
117 118 459
118 119 407
118 120 119
118 121 373
119 120 403
120 121 328
120 756 187
121 122 876
122 123 567
122 437 312
123 437 567
124 125 492
125 126 678
126 127 793
127 128 374
127 129 548
128 129 190
128 674 187
129 130 929
130 131 624
130 447 126
130 449 66
130 450 106
131 450 618
132 124 490
132 125 114
133 132 524
134 133 221
135 133 204
135 134 222
136 125 68
136 126 111
136 127 122
136 132 74
136 133 102
136 135 430
137 136 910
138 137 659
139 151 220
140 139 221
140 147 38
140 149 204
140 151 103
141 140 203
142 140 88
142 141 206
143 140 138
143 142 298
144 140 148
144 143 442
144 149 313
145 144 639
146 145 569
147 149 350
148 147 125
149 150 404
149 152 260
149 153 208
150 152 409
151 147 191
151 148 127
152 153 678
153 154 736
153 458 155
154 458 204
154 479 538
155 156 170
156 157 385
156 158 190
157 158 382
158 159 680
159 160 296
159 161 427
160 161 296
161 162 525
161 163 374
162 163 533
163 164 418
163 474 499
164 474 73
164 694 355
165 166 161
165 665 67
166 167 230
167 169 226
168 165 237
169 170 222
170 683 218
171 168 250
172 171 264
173 174 567
174 175 556
175 176 546
176 177 539
177 178 531
178 179 519
179 180 511
180 181 500
181 182 490
182 183 483
183 184 477
184 185 474
185 186 469
186 187 468
187 188 468
188 189 462
189 190 455
190 191 450
191 192 448
192 518 447
193 194 716
194 195 732
195 196 743
196 197 738
197 198 541
197 199 188
198 199 524
199 200 700
200 201 681
201 526 661
202 203 642
203 204 443
203 205 188
204 205 437
205 206 616
206 207 257
206 208 161
206 527 186
207 208 253
208 527 405
209 525 560
210 209 552
211 210 544
212 211 537
213 212 527
214 213 422
215 213 99
215 214 426
216 217 519
217 218 725
218 219 276
218 221 323
218 222 338
219 221 274
220 216 523
220 217 211
220 218 52
221 222 592
222 223 921
223 236 914
224 220 704
225 226 738
225 227 242
226 227 727
227 228 369
227 230 199
227 231 395
228 229 231
228 230 136
229 230 231
230 231 563
231 232 962
232 233 972
233 234 698
233 578 99
233 601 183
234 235 285
234 601 420
235 601 292
236 237 402
236 238 82
236 239 427
237 238 400
238 239 476
239 240 632
239 241 262
240 241 631
241 242 894
242 243 702
242 244 188
243 244 704
244 571 894
245 247 475
245 639 8
245 656 15
245 735 94
246 245 437
246 656 25
246 737 12
246 738 95
247 249 510
247 644 43
248 246 408
248 740 75
249 293 578
250 248 465
251 250 440
252 248 10
252 250 14
252 251 434
252 740 10
253 255 282
253 258 170
254 253 453
254 258 71
255 258 281
256 254 525
256 258 83
256 262 350
257 256 391
258 262 608
259 256 568
259 257 392
260 259 959
261 260 756
261 638 197
262 263 856
262 624 102
263 624 405
263 625 450
264 225 847
265 264 520
266 264 195
266 265 529
267 225 142
267 264 141
267 266 733
268 267 1024
269 268 482
270 268 140
270 269 481
271 268 398
271 270 617
272 271 1005
273 272 698
274 275 585
275 276 496
275 277 57
275 278 73
275 280 45
275 281 323
276 277 487
277 278 534
278 279 296
278 280 303
279 280 289
280 281 635
281 282 607
281 505 344
282 505 604
283 274 581
283 275 149
284 283 610
285 275 255
285 283 105
285 284 602
286 285 968
287 286 373
288 286 128
288 287 370
289 286 434
289 288 493
289 789 12
289 790 14
290 289 951
290 630 23
290 670 30
291 290 991
292 291 489
293 626 276
293 647 36
293 657 276
293 704 8
294 295 148
295 297 312
295 299 288
295 300 343
296 294 148
296 295 421
297 299 311
298 296 284
299 300 593
300 491 930
301 295 88
301 296 283
301 298 286
302 301 197
303 304 291
304 305 352
304 307 610
305 306 208
305 307 145
306 307 46
306 672 161
307 308 890
307 310 36
307 492 23
308 309 241
308 310 647
309 310 242
310 311 680
310 312 158
310 492 81
311 312 678
312 492 270
312 506 561
313 14 218
314 15 46
315 316 299
316 317 286
317 6 271
318 315 317
319 318 333
320 319 351
321 322 338
322 323 320
323 324 308
324 325 292
325 172 280
326 344 398
327 326 402
328 327 396
329 328 399
330 329 412
331 330 431
332 331 452
333 332 471
334 333 487
335 336 574
336 337 573
337 338 574
338 339 573
339 340 574
340 341 573
341 342 574
342 658 575
343 320 371
344 343 386
345 334 509
346 345 530
347 346 537
348 347 539
349 348 540
350 349 544
351 350 551
352 351 557
353 22 589
354 353 598
355 354 608
356 355 616
357 358 638
358 359 638
359 360 637
360 374 638
361 362 659
362 363 660
363 364 201
363 701 458
364 40 26
364 41 155
364 365 469
365 40 466
366 361 659
367 368 766
368 369 205
368 370 134
368 371 121
368 744 289
369 370 268
369 743 202
370 371 576
371 372 679
372 373 380
372 703 289
373 366 660
374 356 425
374 375 206
375 356 195
376 50 273
376 54 587
377 376 868
378 377 876
379 378 885
380 379 477
380 393 417
381 380 325
381 392 566
382 381 750
383 384 640
383 385 76
384 385 641
385 386 850
386 387 569
386 388 283
387 388 567
388 389 853
389 398 858
390 391 391
390 742 280
391 64 540
391 399 354
392 380 567
393 379 415
394 382 541
395 381 141
395 382 208
395 394 540
396 395 884
397 396 875
398 397 866
399 64 353
400 75 610
400 76 347
401 400 951
402 401 939
403 402 320
403 406 614
404 403 934
405 404 401
405 412 543
406 402 611
407 405 952
408 407 400
408 422 458
409 407 108
409 408 862
410 409 966
411 410 303
411 420 603
411 421 31
412 404 535
413 84 103
413 85 600
413 424 207
414 413 535
414 423 382
415 414 920
416 415 594
417 416 534
418 415 81
418 416 61
418 417 534
419 415 248
419 418 683
420 421 608
421 410 649
422 407 451
423 413 380
424 85 207
425 419 173
425 445 773
426 425 392
426 436 336
426 444 113
426 758 134
427 426 241
427 434 750
428 429 982
429 430 737
429 431 246
430 431 737
431 93 169
431 435 812
432 433 187
432 443 484
433 427 1001
434 426 741
435 93 221
435 709 583
436 444 456
437 438 592
437 693 292
438 439 285
438 440 122
438 441 292
438 764 185
439 440 476
440 441 604
441 442 689
441 446 225
442 446 689
443 433 475
444 425 565
445 419 482
445 692 279
446 101 159
446 102 227
446 104 532
447 108 104
447 448 211
447 452 38
447 453 533
448 105 371
448 107 222
448 108 160
449 447 765
450 449 710
451 137 42
451 138 659
452 448 548
453 452 89
453 746 435
454 455 807
455 457 497
455 460 132
455 481 299
456 454 211
456 482 369
457 461 840
457 462 73
458 454 221
458 455 113
458 456 578
459 458 496
460 457 263
460 772 161
461 462 258
461 660 86
461 661 495
462 463 914
463 465 555
463 662 356
464 144 274
464 145 89
464 146 581
465 137 196
465 451 71
465 734 351
465 759 293
466 472 884
467 466 203
467 472 71
467 473 650
468 467 918
469 468 743
469 696 171
470 469 804
471 470 132
471 477 643
472 464 959
473 466 197
473 478 460
474 475 931
475 469 106
475 470 37
475 471 779
476 155 169
476 156 410
476 158 104
476 159 43
476 161 169
477 470 360
477 695 280
478 466 209
478 480 259
479 458 46
479 459 493
480 466 241
480 745 22
481 460 295
482 454 371
483 494 587
483 495 245
484 483 813
484 495 10
485 484 778
485 495 7
486 485 746
487 485 6
487 486 707
487 495 9
487 630 2
488 487 641
488 628 26
489 488 620
489 628 8
489 629 20
490 476 270
490 508 472
490 509 167
491 490 920
492 295 144
492 493 33
492 498 396
492 511 358
493 295 142
493 301 453
493 302 198
494 495 597
495 290 12
495 291 411
495 292 474
495 630 2
496 493 701
497 496 660
498 493 44
498 496 41
498 497 171
498 507 491
499 303 192
499 304 454
499 671 98
500 499 716
501 500 677
502 304 226
502 499 27
502 500 37
502 501 336
502 673 340
503 502 974
504 503 834
504 757 132
505 504 509
505 747 446
506 492 144
506 512 415
507 497 492
508 509 467
509 476 279
509 510 348
510 476 348
511 498 359
512 492 414
513 514 423
514 515 412
515 516 394
516 517 374
517 321 356
518 519 446
519 520 437
520 513 429
521 549 575
522 521 575
523 522 574
524 523 573
525 524 568
526 202 652
527 528 581
528 534 573
529 215 534
530 529 540
531 530 548
532 531 556
533 532 562
534 533 566
535 536 416
535 551 294
536 537 481
536 550 221
537 538 705
538 540 249
538 542 456
539 535 588
540 193 132
540 541 573
541 193 575
542 540 455
543 535 133
543 539 599
544 543 193
544 545 570
545 543 559
546 544 778
547 546 794
548 173 572
549 548 574
550 537 219
551 536 140
551 768 145
552 559 848
553 552 841
554 553 837
555 554 835
556 555 251
556 566 81
556 577 521
557 556 866
558 557 766
559 560 729
559 561 123
560 561 722
561 562 845
562 563 243
562 576 153
562 664 452
563 564 842
564 565 838
565 572 829
566 555 590
567 557 105
567 558 773
568 567 620
569 567 271
569 568 623
570 569 740
571 569 153
571 570 738
572 573 823
573 547 253
573 574 147
573 575 414
574 547 554
575 574 413
576 563 600
577 566 515
578 579 194
578 599 823
579 580 1032
580 581 297
580 600 647
580 602 92
581 582 1019
582 583 1018
583 595 311
583 596 708
584 218 166
584 220 91
584 224 699
585 584 947
586 585 938
587 586 644
588 586 285
588 587 636
589 588 599
590 588 311
590 589 594
591 597 931
592 591 423
593 591 529
593 592 233
593 763 213
594 593 380
595 593 614
595 594 392
596 595 701
597 590 912
598 579 534
599 579 300
599 598 530
600 602 645
601 578 903
602 581 726
603 272 127
603 615 771
604 272 77
604 603 894
605 604 967
606 607 148
606 619 613
607 608 709
607 609 77
608 609 187
608 617 525
609 610 296
609 612 636
610 611 265
610 613 517
610 728 162
611 605 299
611 614 654
612 610 286
612 618 351
613 611 683
614 605 661
615 272 88
615 273 691
616 607 569
617 609 527
618 610 352
619 607 35
619 616 572
620 606 769
620 607 23
620 609 132
621 620 932
622 621 622
622 730 318
623 622 626
624 622 324
624 623 632
625 624 450
626 627 687
626 633 4
626 635 5
626 636 11
626 637 32
627 261 753
627 631 3
627 632 9
627 639 52
627 667 34
628 487 37
628 630 30
629 488 24
629 628 1
630 631 165
631 632 164
631 669 16
632 261 193
633 627 24
633 641 249
634 633 150
635 633 8
635 634 44
636 634 64
636 635 25
637 635 6
637 636 34
638 260 195
639 630 27
639 631 12
639 656 329
639 771 38
640 627 26
640 668 30
641 627 31
641 639 202
641 640 47
642 247 5
642 639 7
642 643 79
642 644 11
643 247 41
643 644 48
644 249 5
644 639 12
644 645 45
644 647 12
644 787 34
645 639 9
645 646 37
645 648 11
645 649 58
645 706 5
645 769 8
646 633 76
646 634 7
646 639 16
646 641 13
646 761 45
647 645 21
647 704 2
647 705 7
647 770 48
648 646 52
648 769 34
649 648 56
649 769 6
650 645 51
650 706 5
651 246 5
651 652 321
651 653 131
651 656 14
652 252 332
652 739 3
652 740 8
652 741 126
653 652 134
654 651 132
654 656 9
655 654 110
655 656 9
656 489 582
656 773 18
657 626 284
658 659 571
659 352 564
660 462 580
661 660 495
662 465 187
662 663 175
663 465 177
664 576 451
665 166 72
666 639 47
667 639 13
667 666 31
668 627 39
669 632 18
670 630 26
671 303 99
672 307 161
673 501 341
674 129 189
675 731 114
676 675 129
677 676 147
678 677 165
679 678 182
680 679 195
681 680 204
682 681 209
683 682 213
684 685 96
684 691 41
685 687 31
685 691 86
686 684 23
686 688 45
687 689 44
687 690 107
687 765 63
688 684 56
689 291 65
689 292 12
689 483 5
689 484 5
689 494 7
689 495 8
689 766 87
689 784 68
690 689 59
690 765 59
691 687 163
692 419 279
693 438 290
694 474 357
695 470 272
696 468 47
696 774 122
697 655 55
697 656 113
698 697 9
699 655 2
699 697 40
699 698 7
699 785 34
700 451 606
701 364 453
702 428 328
702 711 328
703 373 283
704 626 149
705 636 5
705 704 86
705 707 30
706 636 5
706 705 74
706 708 11
707 626 9
707 636 6
707 704 24
708 705 13
709 93 362
709 710 210
710 93 208
711 428 325
712 702 457
713 684 12
713 686 8
713 715 44
714 713 47
715 684 14
715 686 44
716 489 3
716 717 214
716 719 37
717 720 235
717 722 36
718 487 8
718 488 7
718 489 5
718 716 40
719 489 5
719 656 4
719 721 29
720 723 30
720 724 251
721 656 3
721 717 26
722 656 4
722 697 5
722 720 24
722 723 3
723 697 7
723 782 37
724 697 5
724 725 270
724 779 39
725 697 7
725 727 320
726 651 310
726 776 36
727 697 5
727 699 6
727 726 294
727 778 37
728 613 162
729 621 222
730 621 96
730 729 222
731 732 98
732 733 81
733 20 67
734 451 25
734 700 396
734 767 218
735 247 4
735 639 8
735 642 92
736 245 104
737 245 13
737 656 21
737 736 89
738 245 7
738 737 100
739 246 118
740 246 13
740 739 96
741 252 125
742 391 280
743 370 191
744 369 275
745 466 22
746 452 285
746 760 147
747 504 449
748 487 7
748 780 6
748 781 41
749 486 5
749 487 4
749 748 45
749 780 5
750 486 5
750 749 56
750 780 2
751 485 7
751 486 10
751 750 61
751 780 6
752 485 2
752 751 76
753 751 2
753 752 45
753 755 129
753 780 9
754 484 5
754 485 9
754 752 21
754 753 179
755 716 201
755 718 39
756 121 184
757 503 132
758 436 129
759 734 296
760 452 146
761 634 7
761 706 28
761 762 29
762 634 5
762 636 8
762 706 22
763 592 203
764 439 187
765 689 146
766 484 4
766 754 107
766 783 73
767 700 216
768 536 141
769 646 57
769 706 6
769 761 8
770 645 11
770 650 42
770 705 1
770 706 3
771 628 5
771 630 4
771 656 30
771 773 5
772 457 155
773 489 29
773 628 2
774 468 121
775 655 3
775 699 50
776 651 8
776 654 5
776 655 3
776 775 38
777 726 28
777 775 3
777 776 7
778 699 6
778 777 35
779 697 5
779 725 42
780 487 7
780 718 17
780 755 93
781 487 2
781 780 51
782 697 5
782 724 41
783 484 7
783 754 77
784 484 6
784 766 74
785 655 3
785 698 3
785 786 38
786 655 6
786 697 5
786 788 37
787 249 28
787 293 2
787 647 12
788 655 2
788 697 49
789 286 24
790 789 13
