stripe -0.4287538529 0.3079907422 0.06643565713 1
stripe 0.1453482142 0.4921437614 0.069291076 -1
stripe 0.1295174559 0.4816511199 0.07881742406 -1
stripe -0.2357014771 -0.3249915658 0.1282794252 -1
stripe -0.263778381 -0.294670398 0.1393093715 -1
stripe -0.3176598015 -0.2612070739 0.1430442861 -1
stripe -0.3323576351 -0.3475303799 0.09820410516 -1
stripe -0.3286743313 -0.1291481828 0.1752003158 -1
stripe -0.4119431675 -0.1662967205 0.1333675031 -1
stripe -0.5223303747 -0.05492102952 0.08042394013 1
stripe -0.2383108313 -0.1685359407 0.1730535325 1
stripe -0.2417635403 -0.09098882989 0.1852410199 -1
stripe -0.3220837713 -0.02570190393 0.1857729026 -1
stripe -0.3712432037 0.0004031370046 0.1719986672 -1
stripe -0.3984780324 0.061617536 0.1593432302 -1
stripe -0.2327645949 0.1168732351 0.1962401357 -1
stripe -0.294912627 0.1017666049 0.1885759055 1
stripe -0.1910111087 0.2240568564 0.1838847861 -1
stripe -0.151023288 0.1575836111 0.1940895719 1
stripe -0.2083594085 0.1492609734 0.1951402584 1
stripe -0.1608704422 0.2666069241 0.1769318721 1
stripe -0.2351226347 0.1877660556 0.1882517772 1
stripe -0.2370929209 0.2065446591 0.1838509751 1
stripe -0.2112853875 0.2720335126 0.1687514186 -1
stripe -0.2883703442 0.2401324206 0.1656373811 -1
stripe -0.1399262631 0.3767171986 0.1387108068 -1
stripe -0.3066599319 0.2936603253 0.1410562172 -1
stripe -0.07864193587 0.1542746719 0.1914641404 -1
stripe -0.1135156242 0.1724933339 0.1931478226 1
stripe -0.04767440383 0.2841977433 0.1739063322 -1
stripe -0.1051252776 0.2964737229 0.1705751223 -1
stripe 0.0286656994 0.2141086018 0.1867933996 -1
stripe 0.003456216286 0.262526637 0.1785819499 -1
stripe 0.002298567793 0.2392157484 0.1828412553 -1
stripe 0.06719083875 0.3761677121 0.1413796957 1
stripe 0.02217436221 0.4419363464 0.1111582967 -1
stripe 0.1961034294 0.4446414206 0.09585917461 1
stripe 0.308559016 -0.2579689492 0.1466038773 -1
stripe 0.3145198592 -0.1298450618 0.1775837146 -1
stripe 0.308866178 -0.1491474584 0.174610775 1
stripe 0.4368059486 0.1072659921 0.1341572652 -1
stripe 0.2201221768 0.02645978952 0.1960510789 1
stripe 0.2319712893 0.0958345759 0.1962953524 1
stripe 0.4125746501 0.2006450783 0.1234811616 1
stripe 0.3935114418 0.1255479348 0.1555108047 1
stripe 0.1193703677 0.1315852419 0.1931603359 -1
stripe 0.1389160814 0.1260196859 0.1944980423 -1
stripe 0.1282675935 0.1147338367 0.1930940806 -1
stripe 0.1330438845 0.1229872958 0.1938743048 1
stripe 0.1299764413 0.1193608067 0.1934521698 -1
stripe 0.1935714079 0.1596234953 0.1940436528 1
stripe 0.2040734735 0.1692532552 0.1925955039 1
stripe 0.2088011376 0.1662128195 0.1929320203 -1
stripe 0.1913173546 0.1877444228 0.1903088319 -1
stripe 0.1989924365 0.1687107636 0.1927444596 -1
stripe 0.1924577628 0.1687221098 0.1928410077 -1
stripe 0.1804741581 0.1439816772 0.1955138808 -1
stripe 0.183313994 0.1426842039 0.1956826477 1
stripe 0.1802558762 0.150588225 0.1951095983 1
stripe 0.1735928499 0.1406188126 0.1954962462 -1
stripe 0.2432981093 0.2501471217 0.1708165755 -1
stripe 0.2219806832 0.254432161 0.1726336221 1
stripe 0.2325708742 0.2358586422 0.1767454728 1
stripe 0.2298354205 0.243108221 0.1749356783 1
stripe 0.2283700205 0.2496287872 0.1731620791 1
stripe 0.2371041185 0.2491589418 0.1720255225 -1
stripe 0.1205521412 0.2806514489 0.1752188895 -1
stripe 0.25626408 0.3177890045 0.1428281677 -1
stripe 0.2573098397 0.3155166854 0.143572775 -1
stripe 0.2615414659 0.3186631215 0.1411525992 -1
stripe -0.1086087641 0.4963540932 0.07062489275 -1
stripe -0.1408308161 0.4104646196 0.1216140156 1
stripe -0.3732949806 0.1251796557 0.1640077187 1
stripe 0.327556373 0.1653723481 0.1702728532 1
stripe 0.2742858752 -0.2260635098 0.1590151293 1
stripe 0.1080444762 -0.546096166 0.02531280578 -1
stripe -0.2022661467 0.08617484073 0.1974719279 -1
stripe -0.2315256493 0.003919864781 0.1952787041 1
stripe 0.03771024081 0.2624753086 0.1787864348 1
stripe -0.2784117913 -0.08848970136 0.1860430082 -1
stripe 0.2422097021 -0.07752593638 0.1871484937 -1
stripe -0.03477838787 0.1745952775 0.1895807134 -1
stripe -0.0709258401 0.2101640378 0.188291071 1
stripe 0.1495338362 0.1569292272 0.1942511859 -1
stripe 0.159523529 0.175191946 0.1926595137 -1
stripe 0.1559026418 0.1631871328 0.1937471551 1
stripe 0.1616679663 0.1674442363 0.1934243978 -1
stripe -0.2339752906 -0.1264179944 0.1807127694 1
stripe 0.1120455447 0.09508902579 0.1916008874 -1
stripe 0.110945683 0.08423407655 0.1906345499 -1
stripe -0.2260329077 0.0362960891 0.1965435296 1
stripe 0.1828558134 0.5297104393 0.03368093943 1
stripe 0.3245221644 0.496487258 0.008116340459 -1
stripe 0.3327461326 0.4932660684 0.00730173899 -1
stripe 0.3129718049 0.4956157468 0.01186771897 1
stripe 0.4871473573 0.2315721906 0.06040790724 -1
stripe 0.2367254598 -0.1789890295 0.1708949299 1
stripe -0.4553358722 0.1497102991 0.116157641 -1
stripe -0.05091110989 0.5175177902 0.0613381858 1
stripe 0.2621858281 0.3372123639 0.1319999589 1
stripe 0.2571142043 0.3343607386 0.1348413763 -1
stripe 0.2770568604 0.3504561776 0.1214052787 1
stripe 0.2659812805 0.3408486719 0.1291771985 1
stripe 0.4361743635 -0.2579979266 0.09196396762 -1
stripe 0.0311391647 0.1520071085 0.1905744408 1
stripe 0.06921855779 0.3430114165 0.1549655416 -1
stripe -0.2830057988 0.2064723574 0.1759274996 1
stripe -0.3455934425 -0.1564584756 0.1643506739 1
stripe 0.1350111362 0.3013058578 0.1695884236 -1
stripe 0.2960680065 0.1546307489 0.1815838156 1
stripe -0.103033852 0.3128177157 0.1654583722 1
stripe 0.1942058537 0.1540208065 0.19460575 1
stripe 0.1956234978 0.1385792329 0.1960905948 -1
stripe 0.1901558305 0.1422480795 0.1958345929 1
stripe 0.2119468941 0.1962212259 0.1879913866 1
stripe 0.2046901161 0.1947971517 0.1885713696 -1
stripe 0.1962362683 0.1885581752 0.1900014098 1
stripe 0.1964275179 0.1924123633 0.1893574713 1
stripe 0.2101512893 0.1889988724 0.1892664725 -1
stripe 0.2091702552 0.178883045 0.190979378 -1
stripe 0.07464926644 0.248601038 0.1824288955 1
stripe 0.1101365839 0.2407152678 0.1845084264 1
stripe -0.07076016496 0.1835005402 0.1910121996 -1
stripe -0.2440736881 0.2805356626 0.1604135378 -1
stripe 0.3600939208 0.4800104554 0.004437604957 -1
stripe 0.3375806982 0.4970538709 0.004034186325 1
stripe 0.3524045466 0.4788150731 0.007664954018 1
stripe 0.3244287285 0.3888989091 0.08201440424 -1
stripe 0.3285858861 0.3936049454 0.07718237396 -1
stripe 0.3023467107 0.3912430368 0.09005368035 -1
stripe 0.3015800907 0.3890081141 0.09182613017 1
stripe 0.3064248649 0.3858343549 0.09177690837 1
stripe 0.3168020298 0.371607041 0.09646127326 -1
stripe 0.3191018899 0.3783118091 0.09114392381 -1
stripe 0.3202715709 0.3841928728 0.08684643451 1
stripe 0.3879588489 -0.07800111485 0.165016757 1
stripe 0.4026610435 0.2466193152 0.1116317253 -1
stripe -0.09742260101 0.4090614406 0.1247316844 -1
stripe -3.439407254e-05 0.4659055887 0.09882715422 1
stripe 0.3847977035 -0.2114932841 0.1353865055 1
stripe 0.283051145 0.08775821685 0.1918050733 -1
stripe 0.334983799 0.09952285591 0.1798824786 -1
stripe 0.1755729268 0.03301085648 0.1920858395 1
stripe 0.2793058629 0.2659505904 0.15975201 -1
stripe 0.2770637752 0.2607434541 0.1621370579 1
stripe -0.2572738553 0.2411253508 0.171561985 1
stripe -0.2488858377 -0.2319858878 0.1576789304 1
stripe -0.07625626027 0.2956069758 0.1709015251 -1
stripe -0.06497136689 0.2750469198 0.1763192577 -1
stripe 0.2690780973 0.04446308633 0.1957749268 -1
stripe 0.03612520825 0.2350768534 0.1838109915 1
stripe 0.2917976373 -0.1898944499 0.1670166301 -1
stripe -0.1995843068 -0.3687419277 0.1093009239 -1
stripe -0.1324126152 0.2568334192 0.1807378723 1
stripe -0.139261534 0.2719986653 0.1773517777 1
stripe -0.3980099062 0.2502689436 0.1129480352 1
stripe -0.5497655893 -0.01453807031 0.05740556912 -1
stripe -0.4198263722 -0.03531650516 0.1522154119 1
stripe -0.09721857121 0.4528242226 0.09988647064 1
stripe -0.08465622552 0.5904096253 0.005813482217 1
stripe -0.3740496735 -0.3796105708 0.05998367785 -1
stripe 0.1262441777 0.4299558749 0.1115716714 1
stripe -0.3687976481 -0.0944823958 0.170939208 1
stripe -0.3196895644 -0.06658913358 0.1834752823 1
stripe 0.1364494351 0.2215145808 0.1873869902 1
stripe 0.1455237611 0.2946162081 0.1716480597 1
stripe 0.1713205867 0.2880413153 0.1696226143 1
stripe 0.2735338838 0.2548852951 0.164912777 1
stripe 0.2635231198 0.2391291155 0.1712343255 -1
stripe 0.2706736655 0.2503835295 0.1667189337 -1
stripe 0.2678134473 0.2458817639 0.1685250904 1
stripe 0.1889343386 0.07358436426 0.1974218252 -1
stripe 0.1994717618 0.08454936184 0.1974034502 1
stripe 0.3118733354 0.4309614344 0.05758244032 1
stripe 0.3084717449 0.4354635955 0.05588947632 -1
stripe 0.3206255492 0.4401816924 0.04649324459 1
stripe 0.315849632 0.449601338 0.04181593936 -1
stripe 0.3117853254 0.4509968485 0.04275072552 -1
stripe 0.3118048831 0.4465445342 0.04604666215 1
stripe 0.309806956 0.4394507396 0.05228194431 -1
stripe 0.3118244409 0.44209222 0.04934259877 1
stripe -0.2362671637 0.3661878885 0.1261159632 1
stripe -0.1925709745 0.3492320031 0.1445030266 1
stripe 0.2401381837 -0.2308690011 0.1579597928 1
stripe 0.2430184713 -0.2565267642 0.1507469956 -1
stripe 0.4947630465 -0.03764875117 0.1058185448 -1
stripe -0.173508456 0.3014810123 0.1651477243 1
stripe -0.06963522577 0.2397108901 0.1835336036 -1
stripe -0.3572670513 0.2703721185 0.1280523501 1
stripe 0.2713644771 0.1220824551 0.1907080194 -1
stripe 0.2682010264 0.1861588483 0.1830567096 1
stripe 0.3023228732 -0.01342793521 0.1903298497 -1
stripe -0.1842572031 0.116087153 0.1970324264 -1
stripe 0.2251933205 -0.1393762616 0.1762588089 1
stripe -0.3328972111 -0.1685282219 0.1644049936 1
stripe 0.2029224013 -0.009068412241 0.1915207695 -1
stripe -0.1856471726 0.2556939308 0.1770501472 1
stripe 0.02441136959 0.5272109856 0.05689702571 1
stripe -0.2183207556 0.4803371653 0.06443578804 1
stripe -0.2868400663 0.4382992232 0.06402329666 1
stripe -0.2421780455 0.3156368801 0.1469317411 -1
stripe -0.09979631719 0.3809580369 0.1385492422 1
stripe 0.2185482153 0.3963914439 0.1157628897 1
stripe -0.377545846 0.1488323044 0.1560153881 -1
stripe 0.437019828 0.2702081626 0.07945928847 1
stripe 0.3143436313 0.4656223649 0.03054250528 -1
stripe 0.3120944649 0.4693461949 0.02890117718 1
stripe 0.3228423595 0.4664709115 0.02572062503 -1
stripe 0.3057854772 0.4891163247 0.01740730686 1
stripe 0.3081591279 0.4814565281 0.02189543311 1
stripe 0.3127197027 0.4720408848 0.02660148839 1
stripe 0.3097208143 0.4770059914 0.02441305093 1
stripe -0.261795229 0.1562751014 0.1888998334 1
stripe 0.3331694423 -0.07147648441 0.1807507941 1
stripe -0.3124679724 0.06493894298 0.1897870203 -1
stripe 0.3985631776 0.2858899546 0.09876802876 1
stripe 0.04225049942 0.3402480402 0.1566450497 1
stripe 0.2756340262 0.1434830958 0.1873440426 1
stripe -0.3191434518 0.03861299685 0.1889212368 -1
stripe 0.273084281 -0.07415348648 0.1880813297 1
stripe 0.301778807 0.2157479382 0.1682404479 1
stripe -0.2768023728 -0.2938922929 0.1395283788 1
stripe -0.3198276442 -0.05836632366 0.1839886031 -1
stripe -0.2880065199 -0.06939750824 0.1883039282 1
stripe 0.09295959243 0.280568899 0.1750074861 -1
stripe 0.08551576431 0.261946328 0.1796073408 1
stripe 0.3390903374 0.2280066622 0.1503696525 -1
stripe 0.331618617 0.2390780101 0.150455839 -1
stripe 0.3031378134 -0.2117695752 0.1599397485 1
stripe 0.2018770128 0.2224402248 0.1835789848 -1
stripe 0.2012101523 0.2129248011 0.1853741063 1
stripe 0.202262219 0.217462594 0.1844861033 1
stripe 0.1994208116 0.195248321 0.1887327907 -1
stripe 0.1990356054 0.2002259518 0.1878256723 -1
stripe 0.2000876721 0.2047637447 0.1869376692 1
stripe 0.2011397388 0.2093015375 0.1860496662 -1
stripe 0.2838240241 0.06428129164 0.1932692537 -1
stripe 0.3503631105 0.462231841 0.01677557772 1
stripe 0.3518050437 0.4716206677 0.01138698348 1
stripe -0.2059418112 0.429127117 0.1015315906 -1
stripe 0.07031823858 0.5323567651 0.0474072503 1
stripe -0.4203250333 0.02629245806 0.1492200062 -1
stripe -0.128114059 0.5273130946 0.04380769438 -1
stripe 0.1450747196 0.4543474757 0.09519956866 -1
stripe 0.4063891812 -0.25089185 0.1141044274 1
stripe -0.5025617468 0.1323530081 0.0804035766 -1
stripe -0.1404892362 0.2318669794 0.1851374581 -1
stripe -0.1215585976 0.2156528017 0.188584242 1
stripe -0.1313997822 0.2386902959 0.1842749659 1
stripe -0.3224510662 0.09241254077 0.1844493892 1
stripe -0.3425031341 0.0809970041 0.1805982676 -1
stripe 0.2179480176 0.2638126488 0.1703458124 1
stripe 0.2214958873 0.2738772991 0.1666195265 -1
stripe 0.2337294938 0.2863976893 0.1608258743 -1
stripe 0.2288088929 0.2827914295 0.1627015152 1
stripe 0.2326826621 0.2760333245 0.1642770699 1
stripe 0.2264164882 0.2774835589 0.1647438857 -1
stripe 0.2132564026 0.2280770065 0.1810238936 1
stripe 0.2278509078 0.215010656 0.1827608602 -1
stripe 0.227905574 0.2095880369 0.1841384822 1
stripe 0.2214312752 0.2141902773 0.1836726352 -1
stripe 0.2236258189 0.2090411177 0.1847463322 -1
stripe 0.2645098654 0.2968484666 0.1500155509 -1
stripe 0.2613725861 0.3036654237 0.147781729 -1
stripe 0.2592810666 0.3082100618 0.1462925144 -1
stripe 0.257189547 0.3127546999 0.1448032999 -1
stripe 0.2561437872 0.315027019 0.1440586925 1
stripe 0.2473298448 0.3127012476 0.1470452795 1
stripe 0.2525469313 0.3162341285 0.14434759 -1
stripe 0.2422393647 0.2956763524 0.1555330151 1
stripe 0.2403776335 0.3030259144 0.1527824408 -1
stripe 0.2348158645 0.2952856477 0.1573721698 -1
stripe 0.2443191719 0.3060261906 0.1506015038 1
stripe -0.05746152881 0.3780207181 0.1408527537 -1
stripe -0.2023942753 -0.001114164363 0.1924770145 1
stripe 0.2892212216 0.02749217032 0.1940135127 1
stripe 0.03164664254 0.3218399441 0.1631293592 -1
stripe 0.2701941362 0.1656776806 0.186397712 -1
stripe 0.02049937149 0.380496605 0.1412674555 -1
stripe -0.3967040684 -0.226011646 0.1264311864 1
stripe -0.394302732 -0.2789572881 0.1057223772 -1
stripe 0.03694493748 0.1709344657 0.1899220077 1
stripe 0.1848344555 0.3374026784 0.1505807499 -1
stripe -0.3216052769 -0.09805453879 0.1810134727 1
stripe -0.2815973126 -0.1226657014 0.182147696 -1
stripe 0.1491231201 0.3204211239 0.161601839 1
stripe -0.2667715847 0.01340913664 0.1966427503 1
stripe -0.2345835784 -0.2531676296 0.1509474866 1
stripe 0.2320396466 0.2125330679 0.1828951451 -1
stripe 0.2488873101 0.2182114357 0.1793951892 -1
stripe 0.2522257619 0.220376092 0.1784380268 -1
stripe 0.2584086958 0.2205700753 0.1776328997 -1
stripe 0.2369238318 0.21474622 0.1817367008 -1
stripe 0.2400152987 0.2148432117 0.1813341373 -1
stripe 0.244899484 0.2170563638 0.1801756931 -1
stripe 0.2424573914 0.2159497878 0.1807549152 -1
stripe 0.1676099847 0.1515132512 0.1947705646 -1
stripe 0.1537233858 0.1373005748 0.1952720818 1
stripe 0.1575925251 0.1419955504 0.1950982778 -1
stripe 0.1602577356 0.1459833154 0.1949436187 1
stripe 0.2839368333 0.2698253083 0.1571728864 -1
stripe 0.2952966901 0.2809176532 0.1495068086 1
stripe 0.2896498857 0.2746491985 0.1536497784 -1
stripe -0.3283692412 0.01094426659 0.1862208303 1
stripe -0.4621203647 -0.2647981718 0.0685537563 1
stripe -0.06703662461 0.319254643 0.1636632504 1
stripe -0.5045580516 0.2062938151 0.05975414789 -1
stripe -0.4887349196 -0.04705213579 0.1100154332 1
stripe -0.2954453901 0.3646567861 0.1077412044 -1
stripe 0.4776158724 -0.2474189361 0.06536117305 -1
stripe 0.2347985109 0.2911044185 0.1589716462 -1
stripe 0.4220586748 0.01299321791 0.1491516934 -1
stripe 0.2971947615 0.004180442891 0.1927716931 1
stripe 0.06836707285 0.4723730218 0.0903577148 -1
stripe 0.05561436923 0.4600619525 0.09874403011 -1
stripe 0.2480493939 0.0008327387425 0.1957259246 -1
stripe 0.08818665799 0.4380757505 0.1094452984 1
stripe -0.3454465022 0.01773764542 0.1820093331 -1
stripe -0.2994904891 0.1530046128 0.1808387836 1
stripe 0.2066411643 -0.3549837979 0.1142636882 1
stripe -0.3956436806 0.3406309324 0.07560470165 1
stripe -0.01783956141 0.446942086 0.1093168097 1
stripe -0.009134648689 0.3427728576 0.1559665675 1
stripe -0.1238732133 0.289656659 0.1725707482 -1
stripe -0.3554610573 0.2424321787 0.1387936171 -1
stripe 0.1707344049 0.3684453852 0.1393730821 -1
stripe 0.1651929918 0.1716413246 0.1930401105 1
stripe 0.1841241655 0.1805700119 0.1913865016 -1
stripe -0.01627042098 0.4083951041 0.1285329685 -1
stripe -0.2685696206 0.330973745 0.1335254807 1
stripe 0.25244047 -0.2866182141 0.1421685759 -1
stripe 0.2545390638 -0.3126975217 0.1328333141 1
stripe 0.2544424397 -0.3263920142 0.1271420205 -1
stripe -0.1377701371 0.3382441451 0.1555477462 1
stripe -0.1837265284 0.1954135668 0.189710202 -1
stripe -0.1878000548 0.04862220601 0.1960716049 -1
stripe -0.1320301288 0.1639322403 0.1937004955 1
stripe -0.1279767875 0.1488646282 0.1933252324 -1
stripe 0.2397647472 0.06761482047 0.1964751429 -1
stripe 0.1244247301 0.1347160951 0.1935422117 -1
stripe 0.1508829844 0.1335534261 0.1953661718 1
stripe 0.1449696093 0.1336955686 0.1949605824 1
stripe 0.1423638024 0.1503486227 0.1944911514 -1
stripe 0.1393601016 0.1348837667 0.1945573774 -1
stripe 0.1340194879 0.1421223202 0.194066486 1
stripe 0.1250101962 0.1068001101 0.1924934049 1
stripe 0.1224088201 0.1056407485 0.1923862587 -1
stripe 0.1160536588 0.1176774664 0.1924335839 1
stripe 0.1133336596 0.1045700074 0.1920742852 -1
stripe 0.1159646915 0.1087163934 0.1922444695 -1
stripe 0.1056333265 0.111546508 0.1919734801 1
stripe 0.1133929712 0.1105440562 0.1922003614 1
stripe 0.3494556813 0.2690782622 0.1335035181 -1
stripe -0.4557535437 -0.06041785935 0.1319123174 -1
stripe -0.2775379481 0.09544152921 0.1918956638 -1
stripe -0.2182261745 0.2443206348 0.1756352807 -1
stripe -0.2345970583 0.2273972854 0.1789586295 -1
stripe 0.3858075557 0.3859970141 0.0551635654 1
stripe 0.1203797601 0.2925529977 0.1720321474 1
stripe -0.3562845215 0.3114151787 0.1135917098 1
stripe 0.1510513506 0.5113846858 0.05337342403 -1
stripe 0.08717718751 0.4106017301 0.1244349003 -1
stripe 0.2720783508 0.2933452949 0.1497213235 -1
stripe -0.360705385 -0.2433489409 0.1376868058 -1
stripe -0.162291438 0.439556495 0.1030388828 -1
stripe -0.245505368 0.4394961713 0.08106082646 -1
stripe -0.01967306717 0.2237861138 0.18554753 -1
stripe -0.02414745337 0.2032799252 0.188158685 -1
stripe 0.1516532544 0.3412762216 0.1532377669 -1
stripe -0.2532410727 0.1718367295 0.1889425709 -1
stripe 0.3730477473 -0.1843481719 0.1473670385 -1
stripe -0.3095849814 -0.1924451515 0.1635516472 1
stripe 0.1658513148 0.08343050947 0.1956662371 1
stripe -0.4448869017 0.2464551777 0.08543218486 -1
stripe 0.2895920643 0.354801982 0.11531355 1
stripe 0.292898067 0.3502088065 0.1168021337 1
stripe 0.3072144755 0.3398529434 0.1178134023 -1
stripe 0.3110504722 0.3553802644 0.1076517012 -1
stripe 0.3088584741 0.3465075096 0.1134583876 1
stripe -0.1251838518 0.1073234193 0.1925658286 1
stripe -0.2874051817 -0.2117664777 0.1612639948 1
stripe -0.2943181544 0.1110802431 0.1876237299 -1
stripe -0.1500517735 0.2009429416 0.1904395707 -1
stripe -0.3443788215 0.2185561471 0.1507783753 1
stripe 0.005649607357 0.3169571869 0.1646005065 1
stripe 0.01147346518 0.2912668586 0.1720867949 -1
stripe -0.1918762364 0.4998283883 0.05702086631 -1
stripe -0.04093572692 0.4730822792 0.09203139382 -1
stripe -0.1820145135 0.3966102439 0.1249010794 -1
stripe 0.499974447 0.1305140604 0.08277691777 -1
stripe 0.3015594712 0.39630703 0.08693260886 -1
stripe 0.3026417724 0.4052626428 0.08021854796 -1
stripe 0.3058424754 0.3959543804 0.0853468962 -1
stripe 0.3047245393 0.4010210273 0.08228844777 -1
stripe 0.3053831601 0.4136294151 0.07320590503 -1
stripe 0.304112119 0.4245877402 0.06610045955 1
stripe 0.3089719086 0.4146906374 0.07093022577 -1
stripe 0.3042652241 0.418696062 0.0701474566 1
stripe 0.3058068404 0.4099766401 0.07557438686 -1
stripe 0.3045714342 0.4069127055 0.07824145071 1
stripe 0.2998776728 0.3843871113 0.09517377568 -1
stripe 0.295339865 0.3793409709 0.09956198419 1
stripe 0.2947676263 0.3755436726 0.1018897696 1
stripe 0.2989841693 0.3820388205 0.09679828491 1
stripe 0.2908723479 0.3675995171 0.1076845303 1
stripe 0.2900491351 0.358555913 0.1130433772 1
stripe 0.2872983342 0.3582063541 0.1141825672 1
stripe 0.2903001091 0.3638022188 0.1100123157 1
stripe 0.3165933502 0.3663985245 0.09954164829 1
stripe 0.2926593547 0.3722960986 0.1044355119 1
stripe 0.140364395 0.3739420418 0.1402294496 1
stripe 0.3507362492 0.4396314515 0.03195998154 1
stripe 0.3513497244 0.4537922448 0.02102555358 -1
stripe 0.2654032356 -0.1122039797 0.1833222809 1
stripe 0.2476754089 -0.1263170245 0.1809440901 -1
stripe -0.2810748654 -0.243599426 0.1536899476 1
stripe 0.08237619947 0.5105987141 0.06258941745 1
stripe 0.1474862496 0.4280348917 0.1111109207 -1
stripe -0.3484166513 -0.2215048745 0.1469967713 -1
stripe -0.08638694634 0.3773309402 0.1405629205 1
stripe -0.06996526352 0.4765059147 0.08768156559 1
stripe -0.165487292 0.08807464037 0.1963746728 1
stripe 0.3672796401 0.3145599886 0.1060405611 1
stripe -0.1888713365 0.3144484485 0.1584880852 -1
stripe -0.2033627431 0.2521680001 0.1756444105 1
stripe 0.4314118661 -0.07038641845 0.1459771016 1
stripe 0.340095556 0.02120082662 0.1833696515 1
stripe 0.3783106282 -0.05325174627 0.1688788607 1
stripe 0.4605559998 0.02720635778 0.1253900303 1
stripe -0.22823573 0.4594952687 0.0751829807 1
stripe -0.3823404839 0.3698653392 0.06642674189 1
stripe 0.3414007773 0.4235271358 0.04892077382 -1
stripe 0.3368571984 0.4140742669 0.05838702743 -1
stripe 0.3525791404 0.4182963719 0.0473629261 -1
stripe 0.3400398555 0.4163607384 0.05506314182 1
stripe 0.3448138411 0.4197904455 0.0500773134 1
stripe -0.108644407 0.3409012295 0.1551104756 1
stripe 0.1988711866 0.5077024152 0.04886495539 1
stripe 0.3104814055 0.3294170959 0.122559639 1
stripe 0.3054815283 0.3322544179 0.1225645553 1
stripe 0.3014959035 0.3314232348 0.1241417119 1
stripe 0.2893290402 0.331213907 0.1277721219 -1
stripe 0.2875462168 0.3285140941 0.12966176 1
stripe 0.2911118635 0.3339137199 0.1258824837 1
stripe 0.2973002897 0.3328762731 0.1246178087 1
stripe 0.2939089394 0.3329450277 0.1255650859 1
stripe -0.2106983 -0.03706719964 0.1901428231 -1
stripe -0.09889403543 0.4295341435 0.1136241492 1
stripe 0.03472530477 0.2913250731 0.1719936365 1
stripe 0.04576817915 0.2849360803 0.173685518 -1
stripe 0.06297625446 0.2793258255 0.1751700044 -1
stripe 0.3542392769 -0.3364748973 0.0946296826 1
stripe 0.4807273454 0.09760655354 0.1032689315 1
stripe 0.5292754037 0.04365667297 0.06967081129 1
stripe 0.3582041543 -0.1465850906 0.1633181298 1
stripe 0.2902197534 -0.06405133995 0.1891557003 -1
stripe 0.3123169808 -0.03290839485 0.1869405707 1
stripe 0.2996592162 -0.04201281335 0.188590991 1
stripe 0.3006527679 -0.09568999599 0.1848300019 -1
stripe 0.2593915885 0.2328186498 0.1737806859 -1
stripe 0.2408275337 0.2430560558 0.1733435287 1
stripe 0.2373146961 0.2396719981 0.174888858 -1
stripe 0.2438371119 0.2354099636 0.175245958 1
stripe 0.2404500892 0.2347834433 0.1759293477 1
stripe -0.278944316 0.1321138466 0.1880767197 1
stripe -0.2792217943 0.2769990253 0.1547653209 -1
stripe -0.1094000842 0.4846040662 0.07871597788 1
stripe -0.02657525707 0.2927662246 0.1715379096 1
stripe 0.279507877 0.1066960624 0.1908441764 1
stripe 0.2617824717 0.1022630545 0.1935874633 1
stripe -0.2481177722 -0.2939032701 0.1394792218 -1
stripe -0.425022992 0.1050725759 0.1415240951 -1
stripe -0.2651307583 0.04905721592 0.1955774181 -1
stripe -0.2546425723 0.06446140073 0.1961598809 -1
stripe -0.4321150544 -0.2613538088 0.09184361467 1
stripe 0.00961989242 0.4208352162 0.1224047836 1
stripe 0.3753313807 0.1040248144 0.1670820251 1
stripe 0.3948275732 0.05195072658 0.1619082853 -1
stripe 0.03552894498 0.1931983819 0.1888554695 -1
stripe 0.3486920235 0.4308484165 0.03969672671 1
stripe -0.07002741844 -0.5609706789 0.020075768 -1
stripe -0.463796438 -0.001963921764 0.1252471306 -1
stripe 0.2744957668 0.3436849254 0.1254515604 1
stripe 0.2737231987 0.3446016883 0.1251879807 -1
stripe 0.2718254725 0.3427835343 0.1265993609 1
stripe 0.276393493 0.3455030794 0.1240401802 1
stripe 0.2534107895 0.3259694526 0.1398756833 1
stripe 0.2819362457 0.3226454941 0.134166558 -1
stripe 0.2822888357 0.3262971739 0.1322280181 -1
stripe -0.3259988079 0.4293866542 0.0520296103 1
stripe 0.3080394529 0.4277767116 0.06183635878 1
stripe 0.3109598569 0.4267184523 0.06123636368 1
stripe 0.3338411227 0.4115274002 0.0617846859 1
stripe 0.3304387517 0.4058606823 0.06773296402 1
stripe 0.3118307131 0.4553137049 0.03951206035 1
stripe 0.3163429952 0.4618068896 0.03241493681 1
stripe 0.3120936311 0.4613826163 0.03482587694 -1
stripe 0.3126557929 0.4580817111 0.03702748881 -1
stripe -0.05632480855 0.5380025506 0.04483814413 1
stripe 0.3408830352 0.06514825377 0.1827889681 1
stripe 0.07157145363 0.1256933026 0.1910670477 1
stripe 0.07412427276 0.1191782998 0.191118566 1
