0 225 2304
1 0 2322
2 1 2338
3 2 2355
4 3 925
5 3 533
5 4 930
5 319 927
6 5 2409
7 6 2428
8 7 2450
9 8 2467
10 9 2482
11 10 2500
12 11 2520
13 12 2538
14 13 2553
15 14 2560
16 15 2559
17 275 688
17 320 354
18 17 1016
19 18 332
20 18 665
20 19 322
21 20 961
22 21 633
22 321 290
23 22 297
24 22 608
24 23 289
25 24 875
26 25 368
27 25 110
27 26 356
27 322 357
28 27 539
28 323 272
29 28 274
30 33 1610
31 30 1640
32 31 1674
33 233 1584
34 32 1718
35 34 1764
36 35 1808
37 36 752
38 36 344
38 37 769
38 324 769
39 38 1305
39 325 641
40 39 1990
41 40 664
42 40 1355
42 41 671
43 42 2063
44 45 2965
45 46 2994
46 47 3016
47 48 3035
48 49 3052
49 50 3070
50 51 3087
51 52 3108
52 53 3130
53 54 3139
54 55 3140
55 56 3126
56 57 3104
57 58 3090
58 59 3070
59 60 3052
60 61 3035
61 80 3018
62 63 2812
63 65 1257
63 66 1515
64 62 2852
65 66 1240
66 67 1463
66 326 1254
67 68 2664
68 71 2629
69 64 2900
70 69 2942
71 72 2590
72 73 2552
73 74 2518
74 75 2482
75 76 2447
76 87 2416
77 70 2984
78 77 3015
79 78 3037
80 81 3004
81 82 2988
82 83 2972
83 84 2955
84 85 2938
85 86 2923
86 227 2908
87 88 2392
88 89 2376
89 90 2376
90 91 1092
90 92 200
90 327 1100
91 92 1101
92 93 2434
93 94 2450
94 95 2470
95 116 2491
96 97 2351
97 98 2370
98 99 2386
99 100 2401
100 101 2418
101 102 2436
102 103 934
102 104 107
102 105 475
102 328 936
103 104 943
104 105 1061
105 106 2498
106 107 1429
106 329 1084
107 108 2546
108 109 2580
109 155 2606
110 16 2558
111 110 2558
112 111 2562
113 112 1340
113 276 1228
114 113 2567
115 114 2545
116 115 1598
116 257 909
117 120 3152
118 117 3162
119 118 3154
120 122 3129
121 119 3135
122 123 3104
123 127 3080
124 121 3115
125 124 3096
126 125 3076
127 79 3062
128 96 2332
129 128 2314
130 129 2302
131 130 2300
132 131 1323
132 330 383
133 132 1330
133 316 377
133 330 587
134 135 2860
135 136 2878
136 137 2898
137 138 2916
138 139 2932
139 141 2950
140 134 2844
141 142 2970
142 143 2988
143 144 3003
144 145 3020
145 146 3040
146 126 3060
147 140 2828
148 150 493
148 193 1085
148 337 1091
149 148 2655
150 151 2696
151 152 2716
152 153 2732
153 156 2744
154 149 2640
155 154 2627
156 157 2761
157 158 2784
158 159 2813
159 160 2847
160 161 2884
161 44 2926
162 291 519
163 162 530
163 291 290
163 331 537
164 163 1384
165 164 1392
166 165 1392
167 166 1393
168 167 537
169 167 300
169 168 537
169 332 544
170 169 1387
171 170 1390
172 171 1383
173 172 1378
174 173 411
175 173 536
175 174 409
175 333 408
176 177 739
177 178 2054
178 179 2089
179 180 825
179 210 1296
180 181 2175
181 182 2207
182 183 964
182 184 301
182 335 967
183 184 982
184 185 2283
185 186 769
185 187 743
185 336 772
186 187 773
187 188 2293
188 189 2294
189 190 1074
189 314 607
189 362 608
190 191 2295
191 192 2299
192 133 2299
193 150 1092
194 201 1166
194 338 717
195 194 713
196 194 1137
196 195 699
197 196 1802
198 197 1771
199 198 691
200 198 37
200 199 547
201 208 1936
202 198 274
202 199 125
202 200 576
202 339 124
202 340 579
203 202 1653
204 203 1622
205 204 618
205 226 1
205 342 1
206 205 611
206 226 483
206 342 483
207 206 1556
208 176 269
208 209 1426
208 334 267
209 176 451
209 177 536
209 334 453
210 180 1316
211 43 2105
212 211 2129
213 212 2135
214 213 2145
215 214 736
215 290 1401
216 215 2152
217 216 2163
218 217 2172
219 218 2182
220 219 2186
221 220 1396
221 341 468
222 221 465
223 221 1404
223 222 471
223 341 348
224 223 2248
225 224 2279
226 204 489
227 228 2892
228 229 2876
229 230 2858
230 231 2843
231 232 2827
232 277 2817
233 234 1566
234 235 1545
235 236 1521
236 237 964
236 238 534
237 238 955
238 239 521
238 240 421
238 343 532
239 240 229
239 245 288
240 241 1428
241 242 815
241 243 294
241 345 293
242 243 118
242 244 566
242 345 118
243 244 408
244 175 1368
245 240 282
246 207 1534
247 246 1502
248 247 461
249 247 531
249 248 445
249 346 448
250 249 1367
251 250 1340
252 251 1302
253 252 818
253 347 184
254 253 79
254 292 66
255 253 638
255 254 139
255 292 115
255 347 155
255 348 141
256 255 447
257 115 923
258 281 274
259 258 293
259 281 391
259 353 292
260 259 1012
261 260 1043
262 261 1075
263 262 687
263 350 434
264 263 432
265 263 719
265 264 443
266 265 1184
267 266 1202
268 267 1220
269 268 480
270 268 272
270 269 492
270 351 495
271 270 1282
272 271 1301
273 255 34
273 256 428
274 255 198
274 273 448
274 352 447
275 274 1077
276 112 1224
277 278 2816
278 280 2815
279 147 2818
280 279 2816
281 282 894
282 283 327
282 284 176
282 354 331
283 284 306
284 285 748
285 286 278
285 287 151
285 355 278
286 287 263
287 288 263
287 289 124
287 356 265
288 289 244
289 293 581
290 214 1418
291 272 1320
292 253 185
293 294 537
294 295 215
294 296 61
294 357 216
295 296 192
296 297 401
297 298 351
298 317 211
299 300 54
299 302 1
299 358 9
300 301 305
301 303 361
302 300 59
303 304 111
303 305 143
303 359 149
304 306 485
305 304 164
306 307 532
307 308 170
307 309 198
307 360 201
308 310 659
309 308 107
309 315 106
310 311 696
311 312 252
311 313 225
311 361 252
312 313 269
313 28 535
313 29 270
314 190 609
315 308 120
316 132 378
317 318 35
319 3 919
320 275 365
321 21 302
322 25 372
323 27 271
324 36 750
325 38 622
326 67 1235
327 92 1109
328 105 943
329 107 1094
330 131 976
331 291 524
332 167 543
333 173 409
334 177 739
335 184 982
336 187 777
337 150 1098
338 201 736
339 198 694
340 198 35
340 339 552
341 220 801
342 204 490
343 240 235
343 344 286
344 240 281
345 244 408
346 247 465
347 252 443
348 253 66
348 347 80
349 255 448
350 262 422
351 268 484
352 255 35
352 349 427
353 281 274
354 284 310
355 287 264
356 289 248
357 296 193
358 300 68
359 304 165
360 308 108
360 363 107
361 313 273
362 190 610
363 308 123
