stripe -0.3157891031 -0.4104169406 0.1091999611 -1
stripe -0.2422231292 0.4335614729 0.1245899729 1
stripe -0.2559251354 0.426959826 0.1234984542 1
stripe -0.2325918594 -0.4812501354 0.0676743751 -1
stripe -0.08281493333 0.3774532823 0.2056289313 1
stripe -0.1196149842 0.4259549167 0.1696422167 1
stripe -0.07741192937 0.4459133937 0.1501029 -1
stripe -0.198313726 -0.4800324781 0.09283553729 -1
stripe -0.07927766792 0.4647021552 0.1300715192 1
stripe -0.07161873385 0.4832581083 0.1098542429 -1
stripe -0.3910591021 0.308062151 0.135778633 1
stripe -0.01461954448 -0.5628724448 0.003614730729 1
stripe -0.02966661396 -0.5524774615 0.01807365365 1
stripe -0.04412871729 -0.5427843885 0.03149979635 1
stripe -0.2543663146 0.190694025 0.3130392354 1
stripe -0.1569221708 0.3635589792 0.2198188917 1
stripe -0.3472677427 0.3368386458 0.1510940469 1
stripe -0.3634940156 -0.361801825 0.1225753875 1
stripe -0.05110039146 -0.4916957813 0.09514758854 -1
stripe -0.0993787326 -0.5416891208 0.02444826937 -1
stripe -0.1022980469 -0.255018876 0.3219457094 -1
stripe -0.1728207 0.4377486833 0.1515778021 -1
stripe -0.2749582521 -0.3434198802 0.2365180208 1
stripe -0.09532086302 -0.4811956687 0.1155698687 1
stripe -0.06777554708 -0.52640945 0.05388903917 1
stripe -0.08261602104 -0.5123929844 0.07256997052 1
stripe -0.06846626042 -0.4886232469 0.1040571005 -1
stripe -0.08885655458 -0.5031756906 0.08483738323 1
stripe -0.06036391302 0.4974368271 0.09384399708 -1
stripe -0.1653413333 -0.3722316104 0.2477476708 -1
stripe -0.1542835729 -0.4516681104 0.1535521042 -1
stripe -0.1532260354 -0.4493963417 0.1572183979 1
stripe -0.02761176604 -0.5211314802 0.04880961927 -1
stripe -0.05724390521 -0.5332652448 0.04444591135 -1
stripe -0.3158232187 -0.4401349646 0.05664932031 1
stripe -0.1492613833 0.2723624042 0.2758314708 -1
stripe -0.07489785292 -0.2944182771 0.2811197562 1
stripe -0.07691698313 -0.3443296917 0.2475961031 1
stripe -0.06328140958 -0.4377097427 0.1601804146 -1
stripe -0.08228522823 -0.4366082229 0.1663422354 1
stripe -0.09937904708 -0.4240878646 0.1861337958 1
stripe -0.2877571208 -0.3974116531 0.1580942521 1
stripe -0.1616887083 -0.4817906354 0.1086685587 1
stripe -0.135072924 -0.464165476 0.1406530588 -1
stripe -0.1038557581 -0.3638515583 0.2469312385 -1
stripe -0.06478677313 -0.3841708417 0.2099465365 1
stripe -0.06016923906 0.1649682563 0.3053919156 -1
stripe -0.1717375437 0.3062322875 0.2572595271 -1
stripe -0.1208721531 -0.4092215344 0.208048076 1
stripe -0.1279454458 -0.2948144281 0.306098301 1
stripe -0.3276303385 0.2067535573 0.2712999385 1
stripe -0.05382456823 0.5142307375 0.07334897375 1
stripe -0.04450331615 0.536551275 0.04614704375 -1
stripe -0.08655824792 0.5294701 0.054760015 1
stripe -0.0391325025 0.5445083625 0.036444445 1
stripe -0.03305009698 0.5503368875 0.02932311667 1
stripe -0.06058384917 0.1039945566 0.3311593646 -1
stripe -0.01633955073 0.56143075 0.01605190594 1
stripe -0.2735920646 0.4182292677 0.121857915 1
stripe -0.3016847562 0.4482592896 0.05981602625 -1
stripe 0.3157891031 -0.4104169406 0.1091999611 1
stripe 0.2559251354 0.426959826 0.1234984542 -1
stripe 0.2422231292 0.4335614729 0.1245899729 -1
stripe 0.2325918594 -0.4812501354 0.0676743751 1
stripe 0.08146201667 0.3773706833 0.2054881 -1
stripe 0.1140181648 0.4258072854 0.1699849042 1
stripe 0.07741192937 0.4459133937 0.1501029 1
stripe 0.198313726 -0.4800324781 0.09283553729 -1
stripe 0.06750618073 0.4837851833 0.1091290854 -1
stripe 0.07722139135 0.4649656927 0.1297089404 1
stripe 0.3910591021 0.308062151 0.135778633 -1
stripe 0.01350362896 -0.5616580365 0.005680291146 -1
stripe 0.02940113927 -0.5515193021 0.01962282396 -1
stripe 0.0438632426 -0.5418262292 0.03304896667 1
stripe 0.04210338031 0.5372650062 0.04466614865 -1
stripe 0.2530358635 0.1912238 0.3129940552 -1
stripe 0.1595177573 0.3689057177 0.2157834958 1
stripe 0.05353738885 0.1095776424 0.3243627323 -1
stripe 0.3472677427 0.3368386458 0.1510940469 -1
stripe 0.3634940156 -0.361801825 0.1225753875 -1
stripe 0.05110039146 -0.4916957813 0.09514758854 -1
stripe 0.0993787326 -0.5416891208 0.02444826937 1
stripe 0.0979776125 -0.2533439177 0.3202477281 1
stripe 0.1728207 0.4377486833 0.1515778021 1
stripe 0.2749582521 -0.3434198802 0.2365180208 -1
stripe 0.09547383542 -0.479327775 0.118380915 -1
stripe 0.06620706292 -0.5252900312 0.05536747896 -1
stripe 0.08414776177 -0.4984479375 0.09109081979 -1
stripe 0.06846626042 -0.4886232469 0.1040571005 -1
stripe 0.08652387021 -0.5097135437 0.07614633979 -1
stripe 0.1639796354 -0.3722895802 0.2475897479 1
stripe 0.1532260354 -0.4493963417 0.1572183979 -1
stripe 0.1542835729 -0.4516681104 0.1535521042 -1
stripe 0.05724390521 -0.5314918885 0.04610416885 1
stripe 0.02761176604 -0.5211314802 0.04880961927 -1
stripe 0.3158232187 -0.4401349646 0.05664932031 -1
stripe 0.1498566208 0.2740729385 0.2749252802 -1
stripe 0.06687749385 -0.2833561521 0.2826698781 -1
stripe 0.07309251625 -0.3420354667 0.2472623219 1
stripe 0.06328140958 -0.4377097427 0.1601804146 1
stripe 0.08055635927 -0.4352110896 0.1676321896 1
stripe 0.09811029385 -0.421965301 0.1884365167 -1
stripe 0.2877571208 -0.3974116531 0.1580942521 -1
stripe 0.1355965792 -0.4633727833 0.1416275475 1
stripe 0.1616887083 -0.4817906354 0.1086685588 1
stripe 0.1019175475 -0.3628638083 0.2470383198 -1
stripe 0.06478677313 -0.3841708417 0.2099465365 1
stripe 0.0569331375 0.1669931656 0.3031443437 1
stripe 0.1698666937 0.3075566312 0.2566359208 -1
stripe 0.1208721531 -0.4092215344 0.208048076 -1
stripe 0.1279454458 -0.2948144281 0.306098301 -1
stripe 0.3276303385 0.2067535573 0.2712999385 1
stripe 0.05836096833 0.4977323812 0.0934564525 1
stripe 0.05148527354 0.5160147438 0.0711755 1
stripe 0.08655824792 0.5294701 0.054760015 -1
stripe 0.03118353187 0.5508047625 0.028904215 1
stripe 0.03824928354 0.5452079625 0.03560664167 1
stripe 0.01501472229 0.56122685 0.01590028948 -1
stripe 0.2735920646 0.4182292677 0.121857915 1
stripe 0.3016847563 0.4482592896 0.05981602625 1
