face,S11,S22,S12,von_mises,principal_1,principal_2,T_wale_Nm,T_course_Nm
0,7852.6642,8341.7494,38.9408,8108.5579,8344.8305,7849.5832,7852.6642,8341.7494
1,8248.1927,8935.0754,-197.5677,8618.9982,8987.8473,8195.4208,8248.1927,8935.0754
2,5057.0282,6621.9100,-44.0404,5995.1530,6623.1485,5055.7898,5057.0282,6621.9100
3,4409.0768,6269.8652,-26.1689,5577.5358,6270.2332,4408.7088,4409.0768,6269.8652
4,7754.4264,7600.8529,256.7396,7691.6569,7945.6162,7409.6631,7754.4264,7600.8529
5,7530.0050,7308.1740,393.2225,7452.7624,7827.6555,7010.5235,7530.0050,7308.1740
6,8069.8529,7433.5943,334.4510,7792.8435,8213.3119,7290.1354,8069.8529,7433.5943
7,7752.8316,7724.0320,161.0572,7743.4984,7900.1315,7576.7321,7752.8316,7724.0320
8,7872.8281,7812.4015,30.7891,7842.9707,7885.7520,7799.4776,7872.8281,7812.4015
9,7841.8463,7817.0281,-26.7351,7829.6036,7858.9118,7799.9626,7841.8463,7817.0281
10,7826.6961,7794.9405,48.6974,7811.3221,7862.0388,7759.5978,7826.6961,7794.9405
11,7942.7279,7781.4588,125.9258,7866.3581,8011.6233,7712.5633,7942.7279,7781.4588
12,7800.7780,7718.4910,138.5507,7763.6715,7904.1651,7615.1040,7800.7780,7718.4910
13,7835.4591,7949.2842,-104.7953,7895.0740,8011.6239,7773.1194,7835.4591,7949.2842
14,5580.1476,4821.1585,-119.4039,5246.1045,5598.4889,4802.8171,5580.1476,4821.1585
15,7717.9483,8120.6874,-369.8714,7952.8397,8340.4527,7498.1830,7717.9483,8120.6874
16,6430.2522,5434.4926,480.5082,6052.2194,6624.3062,5240.4386,6430.2522,5434.4926
17,4283.8654,5283.6451,-230.0831,4877.7862,5334.0534,4233.4571,4283.8654,5283.6451
18,7866.3293,8207.2492,-317.2635,8060.9627,8396.9458,7676.6327,7866.3293,8207.2492
19,6254.1960,6072.6286,474.5824,6219.9728,6646.5998,5680.2248,6254.1960,6072.6286
20,6552.3090,6100.3088,315.7834,6361.9628,6714.6325,5937.9853,6552.3090,6100.3088
21,6710.9513,4998.2461,969.2195,6268.5329,7147.9378,4561.2596,6710.9513,4998.2461
22,7759.9566,7922.5282,-203.1075,7850.3925,8060.0118,7622.4731,7759.9566,7922.5282
23,7364.7582,7719.1863,-501.0246,7597.9364,8073.4142,7010.5303,7364.7582,7719.1863
24,7871.5993,8081.2341,-98.7104,7980.3142,8120.3974,7832.4360,7871.5993,8081.2341
25,7762.5116,7974.2158,-278.0059,7885.2155,8165.8396,7570.8877,7762.5116,7974.2158
26,7682.9948,7919.5137,-298.6967,7821.0730,8122.5096,7479.9989,7682.9948,7919.5137
27,5897.0719,6915.3661,277.7789,6484.5059,6986.2120,5826.2260,5897.0719,6915.3661
28,7712.0201,7886.4773,-253.4116,7813.0506,8067.2529,7531.2444,7712.0201,7886.4773
29,5497.3697,6360.2185,-23.9284,5975.8429,6360.8815,5496.7066,5497.3697,6360.2185
30,7527.8188,7817.0637,110.9002,7678.9321,7854.6898,7490.1928,7527.8188,7817.0637
31,7629.7134,7859.7786,208.6266,7755.7310,7982.9844,7506.5075,7629.7134,7859.7786
32,7759.0332,8190.9244,81.3529,7984.9883,8205.7401,7744.2174,7759.0332,8190.9244
33,6578.3895,6964.3561,200.9173,6788.5433,7049.9591,6492.7865,6578.3895,6964.3561
34,7624.2174,8117.4744,74.3091,7883.4800,8128.4259,7613.2659,7624.2174,8117.4744
35,6697.1987,6840.5121,156.9877,6775.4515,6941.4237,6596.2870,6697.1987,6840.5121
36,7879.9359,8297.6796,103.9848,8098.8969,8322.1322,7855.4834,7879.9359,8297.6796
37,7623.9701,7925.1806,233.6323,7789.4686,8052.5430,7496.6077,7623.9701,7925.1806
38,7682.4735,8055.5941,192.0838,7882.6897,8136.8042,7601.2635,7682.4735,8055.5941
39,7708.4054,8059.7220,252.3535,7902.0298,8191.5343,7576.5932,7708.4054,8059.7220
40,6878.0505,6739.1799,-56.5779,6810.3823,6898.1826,6719.0478,6878.0505,6739.1799
41,7781.7508,7846.1437,-102.8007,7816.1746,7921.6719,7706.2227,7781.7508,7846.1437
42,5586.3128,6923.9180,-262.2392,6377.6694,6973.4929,5536.7379,5586.3128,6923.9180
43,5831.5198,6559.5736,14.1303,6227.5954,6559.8478,5831.2456,5831.5198,6559.5736
44,7974.9949,7990.2924,-13.9887,7982.6914,7998.5868,7966.7004,7974.9949,7990.2924
45,7750.4951,7821.7651,-170.1794,7791.9519,7960.0004,7612.2598,7750.4951,7821.7651
46,6610.1630,5905.6385,360.1647,6318.4447,6761.6936,5754.1078,6610.1630,5905.6385
47,5860.1916,6766.0822,-318.6433,6385.5913,6866.9356,5759.3382,5860.1916,6766.0822
48,5367.7308,6353.5819,-292.4564,5944.1409,6433.8110,5287.5016,5367.7308,6353.5819
49,7844.2517,8066.2238,4.8038,7957.5643,8066.3277,7844.1477,7844.2517,8066.2238
50,6307.6257,7081.9911,-26.3916,6728.4679,7082.8895,6306.7272,6307.6257,7081.9911
51,7696.4500,7595.5218,294.7488,7663.5090,7945.0234,7346.9483,7696.4500,7595.5218
52,8158.4258,8927.7551,-266.8560,8581.4878,9011.2561,8074.9249,8158.4258,8927.7551
53,7033.6572,6526.6441,211.0091,6804.1762,7109.9846,6450.3168,7033.6572,6526.6441
54,7848.0717,8012.4820,-164.8934,7936.6954,8114.5254,7746.0283,7848.0717,8012.4820
55,7751.2801,7890.7059,-170.4407,7827.4939,8005.1395,7636.8465,7751.2801,7890.7059
56,7781.6897,7735.1807,168.6093,7764.0342,7928.6406,7588.2298,7781.6897,7735.1807
57,7704.7254,8098.5531,217.1476,7917.9345,8194.7743,7608.5042,7704.7254,8098.5531
58,7839.9339,8015.7433,-212.9723,7937.8762,8158.2392,7697.4380,7839.9339,8015.7433
59,7938.0398,7936.3574,-7.1588,7937.2084,7944.4067,7929.9906,7938.0398,7936.3574
60,5882.5815,6679.7807,171.8428,6326.0154,6715.2451,5847.1171,5882.5815,6679.7807
61,7840.1960,8327.8392,-142.5393,8098.8049,8366.4471,7801.5881,7840.1960,8327.8392
62,4804.1501,4786.0216,430.8805,4852.8413,5226.0617,4364.1100,4804.1501,4786.0216
63,6750.0101,6269.0801,446.9156,6568.6261,7017.0458,6002.0444,6750.0101,6269.0801
64,6568.2120,7201.6514,276.6995,6923.3595,7305.4956,6464.3679,6568.2120,7201.6514
65,7819.2348,7781.2530,88.9105,7801.8333,7891.1600,7709.3279,7819.2348,7781.2530
66,7868.3038,8633.3027,-179.2891,8283.1821,8673.2372,7828.3693,7868.3038,8633.3027
67,3631.7060,5896.7956,-61.8996,5153.4021,5898.4859,3630.0157,3631.7060,5896.7956
68,7167.8841,7714.2185,148.5148,7460.5144,7751.9805,7130.1221,7167.8841,7714.2185
69,7939.8972,8122.2458,-236.2937,8043.0437,8284.3450,7777.7980,7939.8972,8122.2458
70,6704.0318,6551.7573,344.5156,6656.0085,6980.7229,6275.0661,6704.0318,6551.7573
71,7335.3102,7193.4645,163.2259,7270.9244,7442.3557,7086.4190,7335.3102,7193.4645
72,7783.3218,7905.3998,-161.2182,7850.0412,8016.7472,7671.9744,7783.3218,7905.3998
73,8003.3505,8267.9892,-58.4458,8139.5268,8280.3223,7991.0174,8003.3505,8267.9892
74,6817.1398,6115.6066,375.2068,6527.2838,6980.0047,5952.7417,6817.1398,6115.6066
75,7232.7964,6401.4051,278.7206,6871.9958,7317.5886,6316.6130,7232.7964,6401.4051
76,7864.5799,7855.6805,41.4357,7860.4616,7901.8041,7818.4563,7864.5799,7855.6805
77,8021.4612,8229.5584,-127.0741,8130.4878,8289.7473,7961.2723,8021.4612,8229.5584
78,7998.5703,7939.1546,20.0434,7969.1042,8004.6995,7933.0254,7998.5703,7939.1546
79,7878.9612,8444.3871,-90.6171,8177.8567,8458.5547,7864.7936,7878.9612,8444.3871
80,4972.1694,4901.7158,618.3808,5052.1589,5556.3259,4317.5593,4972.1694,4901.7158
81,6653.4287,6346.7241,379.1807,6538.5685,6909.0934,6091.0593,6653.4287,6346.7241
82,7644.7915,7953.6375,249.6224,7815.7674,8092.7410,7505.6880,7644.7915,7953.6375
83,7873.5582,8049.6498,-92.9977,7964.6933,8089.6690,7833.5390,7873.5582,8049.6498
84,7858.8265,8035.6787,-121.2096,7951.5003,8097.2891,7797.2161,7858.8265,8035.6787
85,7692.1826,7976.7269,-288.8940,7854.2845,8156.4813,7512.4282,7692.1826,7976.7269
86,6828.7369,6329.0939,-644.1639,6686.8679,7269.8263,5888.0045,6828.7369,6329.0939
87,7537.3325,7934.6329,348.1739,7767.0773,8136.8405,7335.1249,7537.3325,7934.6329
88,7787.5864,8284.2694,-218.5970,8056.3336,8366.7725,7705.0833,7787.5864,8284.2694
89,8107.6324,8307.3844,-133.7513,8212.5993,8374.4354,8040.5814,8107.6324,8307.3844
90,8214.9051,8314.8772,-75.6658,8266.3836,8355.5770,8174.2053,8214.9051,8314.8772
91,7852.3855,8258.7698,124.9665,8066.1665,8294.1226,7817.0327,7852.3855,8258.7698
92,8173.0514,8704.2976,-75.1437,8452.2088,8714.7219,8162.6271,8173.0514,8704.2976
93,7181.9575,7311.9856,262.8580,7262.1319,7517.7504,6976.1928,7181.9575,7311.9856
94,6284.1219,6889.0238,-10.8494,6607.3992,6889.2183,6283.9274,6284.1219,6889.0238
95,6280.3821,5466.4895,333.1708,5943.6582,6399.3712,5347.5004,6280.3821,5466.4895
96,6530.5938,7557.7179,-160.1658,7105.5139,7582.1140,6506.1976,6530.5938,7557.7179
97,7888.9665,8127.1968,-101.4057,8012.6641,8164.5154,7851.6478,7888.9665,8127.1968
98,4830.9801,6314.1283,-271.2752,5737.9376,6362.1885,4782.9199,4830.9801,6314.1283
99,6440.0541,6300.3326,301.9651,6392.7735,6680.1343,6060.2523,6440.0541,6300.3326
100,7655.6820,7930.1754,161.5393,7801.5725,8004.8995,7580.9580,7655.6820,7930.1754
101,7792.2685,7778.9055,-1.9257,7785.5963,7792.5405,7778.6335,7792.2685,7778.9055
102,7857.8232,7824.6469,-0.2917,7841.2877,7857.8258,7824.6444,7857.8232,7824.6469
103,7064.9634,7291.7500,170.7495,7187.1306,7383.3285,6973.3850,7064.9634,7291.7500
104,7804.3765,7535.0937,219.7937,7682.7176,7927.4900,7411.9802,7804.3765,7535.0937
105,7827.1830,7682.2182,200.0894,7763.4560,7967.5138,7541.8874,7827.1830,7682.2182
106,6556.2254,5492.7241,588.0794,6179.0035,6817.3153,5231.6342,6556.2254,5492.7241
107,7752.7933,7997.0476,-369.4759,7903.7115,8264.0573,7485.7837,7752.7933,7997.0476
108,7706.1558,8081.8344,254.0579,7912.9416,8209.9524,7578.0377,7706.1558,8081.8344
109,6457.4831,6059.1067,591.4214,6350.9544,6882.3584,5634.2315,6457.4831,6059.1067
110,7842.1977,8004.1284,-115.3154,7926.9207,8064.0638,7782.2622,7842.1977,8004.1284
111,7715.3623,7664.8346,228.1248,7700.3670,7919.6179,7460.5790,7715.3623,7664.8346
112,7238.9366,7224.1230,464.6340,7276.1832,7696.2229,6766.8367,7238.9366,7224.1230
113,8095.4083,8476.2894,41.9767,8292.7306,8480.8608,8090.8370,8095.4083,8476.2894
114,8294.9161,8691.0197,-21.2772,8499.9727,8692.1593,8293.7765,8294.9161,8691.0197
115,7264.8616,6421.4394,658.1967,6975.8081,7624.8558,6061.4453,7264.8616,6421.4394
116,7952.5893,8609.3971,-261.1152,8312.8178,8700.5529,7861.4336,7952.5893,8609.3971
117,7795.0058,7792.8862,-42.3004,7794.2906,7836.2597,7751.6323,7795.0058,7792.8862
118,7865.4675,7915.1053,-66.5817,7891.2462,7961.3434,7819.2293,7865.4675,7915.1053
119,7983.5834,7854.1962,59.7904,7920.3596,8006.9816,7830.7981,7983.5834,7854.1962
120,8104.8575,8194.5764,-87.3992,8151.4930,8247.9564,8051.4775,8104.8575,8194.5764
121,6214.4568,6942.2779,-398.7601,6644.4893,7118.2197,6038.5150,6214.4568,6942.2779
122,8122.7607,8523.6171,-130.7895,8333.5050,8562.5158,8083.8620,8122.7607,8523.6171
123,6513.6677,6004.1543,360.2294,6305.3918,6700.1209,5817.7011,6513.6677,6004.1543
124,7846.2265,8060.7675,-123.7289,7958.5528,8117.2524,7789.7417,7846.2265,8060.7675
125,5233.5086,4200.2945,1078.9076,5151.8865,5913.1142,3520.6890,5233.5086,4200.2945
126,7876.9830,8331.2372,-296.2396,8129.8607,8477.3990,7730.8211,7876.9830,8331.2372
127,7758.0203,8131.6262,68.6564,7952.2980,8143.8435,7745.8030,7758.0203,8131.6262
128,7627.1401,7970.8172,265.7914,7818.2216,8115.4808,7482.4766,7627.1401,7970.8172
129,7331.6839,7833.5678,-294.9191,7612.2311,7969.8585,7195.3932,7331.6839,7833.5678
130,7878.6463,8184.5634,-63.3139,8036.7214,8197.1494,7866.0604,7878.6463,8184.5634
131,5997.5491,5506.9687,799.3921,5931.7845,6588.4378,4916.0801,5997.5491,5506.9687
132,5396.1296,6306.5997,-34.2791,5904.5500,6307.8885,5394.8408,5396.1296,6306.5997
133,5792.5147,6372.2756,83.0974,6104.7800,6383.9509,5780.8394,5792.5147,6372.2756
134,7871.4350,7801.2835,84.6039,7837.9647,7927.9460,7744.7726,7871.4350,7801.2835
135,7722.1617,7676.8937,218.3464,7708.9097,7919.0441,7480.0113,7722.1617,7676.8937
136,7760.3464,7582.7485,269.5632,7687.2810,7955.3600,7387.7349,7760.3464,7582.7485
137,7817.8951,7733.1164,63.6240,7776.6332,7851.9574,7699.0541,7817.8951,7733.1164
138,7847.0631,8490.0778,-139.0672,8191.0722,8518.8656,7818.2753,7847.0631,8490.0778
139,7616.6586,8128.2142,91.7160,7886.4921,8144.1607,7600.7121,7616.6586,8128.2142
140,5159.7807,6500.6402,-227.1529,5957.7326,6538.0766,5122.3443,5159.7807,6500.6402
141,6603.8467,7564.6607,-142.7959,7137.2400,7585.4338,6583.0736,6603.8467,7564.6607
142,7938.8219,8228.1200,-126.1286,8090.3027,8275.3870,7891.5549,7938.8219,8228.1200
143,4394.8021,6117.9714,-40.0787,5464.5590,6118.9031,4393.8704,4394.8021,6117.9714
144,8377.8674,8269.1648,-275.4696,8337.7115,8604.2964,8042.7359,8377.8674,8269.1648
145,8067.8791,8448.2310,-57.2663,8265.2171,8456.6661,8059.4441,8067.8791,8448.2310
146,8131.3455,8791.6461,-235.1234,8490.5688,8866.8133,8056.1783,8131.3455,8791.6461
147,8055.9790,8344.2201,-13.9950,8203.9340,8344.8980,8055.3011,8055.9790,8344.2201
148,7872.5656,8144.2168,-96.6114,8013.5932,8175.0716,7841.7108,7872.5656,8144.2168
149,7859.2580,8043.1231,-268.5231,7966.3730,8235.0149,7667.3662,7859.2580,8043.1231
150,7664.9307,7943.8948,-285.5018,7823.7944,8122.1651,7486.6605,7664.9307,7943.8948
151,7871.4192,7974.3453,-88.2484,7924.8579,8025.0401,7820.7245,7871.4192,7974.3453
152,7724.9116,8323.4486,-38.9351,8041.1877,8325.9707,7722.3895,7724.9116,8323.4486
153,8058.4941,8509.0189,-7.2245,8292.9493,8509.1348,8058.3783,8058.4941,8509.0189
154,6488.5872,6701.7149,236.1647,6610.4014,6854.2449,6336.0572,6488.5872,6701.7149
155,6543.7283,6934.7025,290.4418,6766.4421,7089.3177,6389.1131,6543.7283,6934.7025
156,7746.1420,7823.9448,-168.9704,7790.8340,7958.4340,7611.6528,7746.1420,7823.9448
157,7860.4505,7832.5932,78.9550,7847.7506,7926.6961,7766.3476,7860.4505,7832.5932
158,7722.7341,8017.8116,-285.3271,7889.9134,8191.4881,7549.0576,7722.7341,8017.8116
159,6303.2426,6003.2781,530.1736,6226.8250,6704.2401,5602.2806,6303.2426,6003.2781
160,7548.2202,7681.5368,-149.5812,7620.1593,7778.6401,7451.1169,7548.2202,7681.5368
161,6620.1215,6535.7301,334.4418,6603.7871,6915.0190,6240.8326,6620.1215,6535.7301
162,7778.4778,8124.8105,193.7276,7964.3704,8211.4844,7691.8039,7778.4778,8124.8105
163,8004.1821,8282.7272,-395.4897,8175.7740,8562.7504,7724.1589,8004.1821,8282.7272
164,6360.9154,4603.6018,703.9709,5818.7626,6608.1417,4356.3755,6360.9154,4603.6018
165,5800.9312,4714.9125,453.7618,5398.8905,5965.5651,4550.2786,5800.9312,4714.9125
166,7814.6475,7747.4005,-10.1241,7781.2617,7816.1386,7745.9093,7814.6475,7747.4005
167,7899.8460,7883.1545,-2.4318,7891.5146,7900.1931,7882.8074,7899.8460,7883.1545
168,7418.5464,6977.0649,477.3278,7255.2127,7723.7033,6671.9080,7418.5464,6977.0649
169,7899.1689,7851.1698,32.4917,7875.4801,7915.5635,7834.7751,7899.1689,7851.1698
170,7401.1265,7583.3522,173.4544,7499.9210,7688.1678,7296.3108,7401.1265,7583.3522
171,7638.9696,7565.5395,301.1635,7620.3948,7905.6478,7298.8614,7638.9696,7565.5395
172,6064.0136,7159.8223,-210.2642,6689.5956,7198.7827,6025.0532,6064.0136,7159.8223
173,7351.7104,7861.3553,156.2669,7624.1329,7905.4539,7307.6118,7351.7104,7861.3553
174,7750.5281,8120.5842,192.7041,7949.0353,8202.7083,7668.4041,7750.5281,8120.5842
175,7930.2904,8124.4917,-99.8252,8031.0141,8166.6520,7888.1301,7930.2904,8124.4917
176,8026.4232,8120.8977,-51.0144,8074.5585,8143.1862,8004.1347,8026.4232,8120.8977
177,8082.0365,8608.8795,-121.3942,8360.5653,8635.5053,8055.4107,8082.0365,8608.8795
178,7855.6673,8598.4051,-160.9973,8256.8535,8631.8015,7822.2709,7855.6673,8598.4051
179,7830.6605,8121.4150,-111.7869,7982.3600,8159.4249,7792.6505,7830.6605,8121.4150
180,7795.4249,8167.0601,331.8847,8008.3867,8361.6050,7600.8800,7795.4249,8167.0601
181,7851.2223,8245.8312,-55.6957,8056.3562,8253.5415,7843.5120,7851.2223,8245.8312
182,7990.6643,8421.4011,-149.3825,8218.5807,8468.1370,7943.9283,7990.6643,8421.4011
183,8091.6549,7871.6062,-0.0690,7983.9052,8091.6549,7871.6062,8091.6549,7871.6062
184,8058.6700,7481.3040,8.6141,7786.0731,8058.7985,7481.1755,8058.6700,7481.3040
185,7670.1908,7906.9356,-284.8822,7806.8704,8097.0594,7480.0670,7670.1908,7906.9356
186,7813.1072,7979.4618,-145.9463,7901.6432,8064.2690,7728.3001,7813.1072,7979.4618
187,7868.7069,8061.7759,-130.8076,7970.2170,8127.8131,7802.6697,7868.7069,8061.7759
188,7675.8371,7840.6172,280.6190,7774.7472,8050.6911,7465.7633,7675.8371,7840.6172
189,5537.1936,6584.5163,304.9498,6151.0657,6666.8381,5454.8718,5537.1936,6584.5163
190,5084.9759,5410.4163,321.5692,5284.6919,5608.0912,4887.3010,5084.9759,5410.4163
191,7025.6237,6195.1132,-455.0795,6695.9371,7226.4320,5994.3050,7025.6237,6195.1132
192,6645.6789,6266.5762,338.0543,6490.9332,6843.6975,6068.5577,6645.6789,6266.5762
193,6407.8373,6149.4347,448.0637,6330.3738,6744.9557,5812.3163,6407.8373,6149.4347
194,7785.3480,8187.2125,-362.0676,8018.4208,8400.3657,7572.1948,7785.3480,8187.2125
195,7615.8257,7819.7435,-65.7703,7720.6452,7839.1162,7596.4530,7615.8257,7819.7435
196,7685.0351,8072.0835,-247.5455,7897.3342,8192.7732,7564.3454,7685.0351,8072.0835
197,7339.5591,7642.7371,52.3858,7496.2971,7651.5335,7330.7627,7339.5591,7642.7371
198,7750.4026,8056.0356,-118.8363,7910.3285,8096.8036,7709.6346,7750.4026,8056.0356
199,7910.2949,7811.8996,108.7367,7863.8147,7980.4458,7741.7487,7910.2949,7811.8996
200,7974.1510,7923.6310,66.8663,7949.8551,8020.3694,7877.4125,7974.1510,7923.6310
201,7699.1552,8097.0972,146.2323,7909.6977,8145.0540,7651.1984,7699.1552,8097.0972
202,7843.9118,7862.8162,-46.6237,7853.7963,7900.9362,7805.7918,7843.9118,7862.8162
203,7265.5345,6472.2669,217.7778,6913.4675,7321.3889,6416.4125,7265.5345,6472.2669
204,4353.1225,5859.1587,300.2534,5295.6810,5916.8122,4295.4690,4353.1225,5859.1587
205,5289.1334,5327.0984,-460.0951,5367.7032,5768.6025,4847.6293,5289.1334,5327.0984
206,7755.5866,7683.8707,221.2135,7729.4808,7943.8296,7495.6277,7755.5866,7683.8707
207,7820.3085,7511.0177,304.9443,7688.5050,8007.5786,7323.7476,7820.3085,7511.0177
208,7863.3453,7774.6117,121.4717,7822.1862,7948.2990,7689.6581,7863.3453,7774.6117
209,7842.4287,8395.4940,-512.7693,8181.4266,8701.5441,7536.3786,7842.4287,8395.4940
210,7822.5268,8198.8625,-225.9775,8026.8703,8304.7575,7716.6317,7822.5268,8198.8625
211,8007.4445,8227.4511,-73.2721,8120.6753,8249.6202,7985.2755,8007.4445,8227.4511
212,7918.0570,7953.4817,-3.6327,7935.8311,7953.8504,7917.6883,7918.0570,7953.4817
213,7957.7965,8593.1615,-147.3014,8297.6751,8625.6502,7925.3078,7957.7965,8593.1615
214,4351.7736,5810.3606,-427.2019,5287.7552,5926.2715,4235.8627,4351.7736,5810.3606
215,4830.4247,6368.5468,-288.6149,5777.4130,6420.9195,4778.0519,4830.4247,6368.5468
216,5479.5051,6312.5732,-240.9589,5954.6589,6377.2478,5414.8304,5479.5051,6312.5732
217,7805.3180,8596.1785,-183.8440,8235.4577,8636.8259,7764.6706,7805.3180,8596.1785
218,6087.4334,7015.6696,-12.8169,6600.7224,7015.8466,6087.2564,6087.4334,7015.6696
219,8130.9874,8340.4641,-73.2979,8238.7018,8363.5644,8107.8871,8130.9874,8340.4641
220,7938.5130,8544.4954,-153.8680,8262.4953,8581.3262,7901.6822,7938.5130,8544.4954
221,7417.0507,7298.1613,305.9525,7377.3835,7669.2798,7045.9321,7417.0507,7298.1613
222,7891.1077,8311.5264,-18.8480,8109.5603,8312.3697,7890.2644,7891.1077,8311.5264
223,7907.1398,8205.8705,-108.5223,8062.8491,8241.1320,7871.8782,7907.1398,8205.8705
224,4974.6517,4896.8853,387.3060,4981.6026,5325.0214,4546.5156,4974.6517,4896.8853
225,5327.9060,5851.0256,-173.5801,5615.8489,5903.3823,5275.5493,5327.9060,5851.0256
226,7849.4912,7972.9718,-89.8709,7913.4853,8020.2666,7802.1964,7849.4912,7972.9718
227,7901.7491,8129.7016,-109.5666,8020.4015,8173.8248,7857.6260,7901.7491,8129.7016
228,8047.8816,8275.0504,-70.0829,8164.7392,8294.9314,8028.0006,8047.8816,8275.0504
229,6803.5918,5778.4274,544.4720,6422.9567,7038.7998,5543.2193,6803.5918,5778.4274
230,7872.8379,8260.5612,136.5532,8077.1486,8303.8263,7829.5728,7872.8379,8260.5612
231,7746.9118,8059.6182,248.8316,7919.6394,8197.1417,7609.3883,7746.9118,8059.6182
232,7838.3174,7998.5049,-210.9096,7928.0470,8144.0167,7692.8056,7838.3174,7998.5049
233,7807.7173,7947.5542,-138.1200,7882.1978,8032.4444,7722.8271,7807.7173,7947.5542
234,7767.0245,7848.7390,-135.9898,7811.7543,7949.8765,7665.8869,7767.0245,7848.7390
235,8018.8781,7938.6610,76.9914,7980.1863,8065.5819,7891.9573,8018.8781,7938.6610
236,7906.0204,7730.1048,145.5101,7823.6073,7988.0913,7648.0339,7906.0204,7730.1048
237,6757.8072,6534.4885,223.2382,6660.1945,6895.7538,6396.5420,6757.8072,6534.4885
238,6754.4444,5421.6666,307.6024,6219.3649,6822.0129,5354.0982,6754.4444,5421.6666
239,7917.2707,7849.0746,70.0768,7884.3283,7961.1049,7805.2405,7917.2707,7849.0746
240,7886.9916,7765.8859,153.4895,7831.6550,7991.4408,7661.4367,7886.9916,7765.8859
241,7869.4339,7663.0815,168.0236,7773.7629,7963.4308,7569.0845,7869.4339,7663.0815
242,7788.3298,8097.1621,328.6905,7967.6131,8305.9013,7579.5906,7788.3298,8097.1621
243,7998.3686,8303.9197,-9.0911,8155.4534,8304.1900,7998.0984,7998.3686,8303.9197
244,7145.6909,6632.6069,188.6942,6911.1960,7207.6129,6570.6849,7145.6909,6632.6069
245,6523.5798,6497.7838,255.8680,6525.7859,6766.8746,6254.4889,6523.5798,6497.7838
246,6556.8648,6849.8575,200.6401,6717.1574,6951.7914,6454.9308,6556.8648,6849.8575
247,7234.6815,7274.2827,-412.6064,7289.6790,7667.5634,6841.4009,7234.6815,7274.2827
248,7671.6385,8079.1783,115.2092,7885.8381,8109.4924,7641.3244,7671.6385,8079.1783
249,7595.7973,7819.0593,199.6142,7717.6015,7936.1362,7478.7204,7595.7973,7819.0593
250,6825.0648,6039.2771,-476.9372,6520.6079,7050.0987,5814.2432,6825.0648,6039.2771
251,7620.2429,7829.3491,-553.8044,7786.2292,8288.3833,7161.2087,7620.2429,7829.3491
252,6918.8007,6553.9414,194.9739,6752.2278,7003.3830,6469.3591,6918.8007,6553.9414
253,7537.5345,8244.5692,44.5465,7915.1485,8247.3648,7534.7389,7537.5345,8244.5692
254,6899.8006,7341.7408,17.9578,7131.1167,7342.4693,6899.0721,6899.8006,7341.7408
255,7785.6284,7700.2510,168.2247,7748.7729,7916.4962,7569.3832,7785.6284,7700.2510
256,5261.5683,6308.2337,-303.5011,5879.0348,6389.8721,5179.9300,5261.5683,6308.2337
257,5089.1015,6670.8624,45.8821,6037.9615,6672.1922,5087.7717,5089.1015,6670.8624
258,4421.5233,6022.8644,-229.6807,5417.8213,6055.1563,4389.2313,4421.5233,6022.8644
259,7998.0049,8554.5622,17.4779,8290.3620,8555.1105,7997.4566,7998.0049,8554.5622
260,4350.3590,5678.0341,-70.1333,5145.7715,5681.7286,4346.6645,4350.3590,5678.0341
261,7955.3028,8304.7011,-180.4046,8141.6294,8381.1306,7878.8733,7955.3028,8304.7011
262,8004.6813,8216.6436,-110.6150,8115.0014,8263.8541,7957.4708,8004.6813,8216.6436
263,7969.3760,8024.3410,-46.5299,7997.4062,8050.8985,7942.8185,7969.3760,8024.3410
264,7967.2826,8637.1436,-194.0825,8329.2425,8689.3131,7915.1130,7967.2826,8637.1436
265,7749.2823,8406.9120,-254.3870,8110.1263,8493.8277,7662.3665,7749.2823,8406.9120
266,7854.4291,8027.8089,-97.4307,7944.3309,8071.5333,7810.7047,7854.4291,8027.8089
267,7908.1209,8059.1752,-88.4190,7986.1883,8099.9334,7867.3628,7908.1209,8059.1752
268,7734.8889,8232.0850,35.4780,7995.3263,8234.6038,7732.3701,7734.8889,8232.0850
269,7913.1445,8045.6653,-160.9991,7985.1009,8153.5059,7805.3039,7913.1445,8045.6653
270,7893.4842,8671.7678,-130.2045,8313.0648,8692.9728,7872.2791,7893.4842,8671.7678
271,7874.3735,8498.6747,-133.1438,8207.5985,8525.8842,7847.1641,7874.3735,8498.6747
272,7672.8528,8216.9376,48.9534,7959.3071,8221.3070,7668.4833,7672.8528,8216.9376
273,7467.5098,7830.1935,171.1815,7661.0375,7898.2269,7399.4765,7467.5098,7830.1935
274,7725.1796,6860.3421,174.6034,7337.3549,7759.1001,6826.4215,7725.1796,6860.3421
275,6107.3857,5183.8474,850.4000,5889.1611,6613.2998,4677.9333,6107.3857,5183.8474
276,8028.2698,8624.4244,-187.1461,8348.6333,8678.3041,7974.3901,8028.2698,8624.4244
277,8020.3131,8428.7201,69.3192,8232.9937,8440.1650,8008.8682,8020.3131,8428.7201
278,5521.3135,4404.4081,1031.5803,5362.6550,6135.9027,3789.8189,5521.3135,4404.4081
279,5341.8270,4623.8986,1108.6785,5376.1503,6148.2054,3817.5202,5341.8270,4623.8986
280,5339.9354,6193.1343,55.4759,5814.4749,6196.7263,5336.3434,5339.9354,6193.1343
281,6333.2580,6982.1962,-299.5857,6701.5241,7099.3511,6216.1031,6333.2580,6982.1962
282,7914.1037,7921.9053,30.4060,7918.1826,7948.6597,7887.3493,7914.1037,7921.9053
283,7987.9155,7985.6036,-4.7322,7986.7640,7991.6309,7981.8882,7987.9155,7985.6036
284,7823.6036,7766.7565,-39.2473,7795.6319,7843.6388,7746.7213,7823.6036,7766.7565
285,7802.5525,7784.6635,-33.2614,7793.8363,7828.0511,7759.1649,7802.5525,7784.6635
286,7757.6232,7865.0841,-148.8722,7816.1624,7969.6252,7653.0820,7757.6232,7865.0841
287,7816.9931,7994.4238,-160.6187,7912.0940,8089.1990,7722.2179,7816.9931,7994.4238
288,8111.2340,8679.5935,-206.9287,8417.4643,8746.9498,8043.8776,8111.2340,8679.5935
289,7784.9497,8324.1010,2.5706,8068.0488,8324.1133,7784.9375,7784.9497,8324.1010
290,6124.5780,6550.6602,190.0097,6356.8771,6623.0840,6052.1543,6124.5780,6550.6602
291,7811.5816,8024.3470,-243.6321,7931.3416,8183.8098,7652.1187,7811.5816,8024.3470
292,7495.6423,7810.6219,-379.9514,7686.2168,8064.4301,7241.8340,7495.6423,7810.6219
293,7892.5209,8240.7258,-64.1481,8073.0225,8252.1675,7881.0792,7892.5209,8240.7258
294,7931.3956,8203.5037,-77.1191,8071.9959,8223.8403,7911.0589,7931.3956,8203.5037
295,7838.6869,8341.2734,110.3705,8103.9354,8364.4431,7815.5171,7838.6869,8341.2734
296,7711.9674,7954.3929,276.2794,7850.5910,8134.8800,7531.4803,7711.9674,7954.3929
297,7654.1467,7937.7112,-318.3576,7819.2627,8144.4311,7447.4268,7654.1467,7937.7112
298,7819.9159,8032.9352,-251.7273,7940.5513,8199.7585,7653.0926,7819.9159,8032.9352
299,7814.1393,6961.5532,-225.4212,7434.9105,7870.0708,6905.6218,7814.1393,6961.5532
300,7825.7801,8264.8856,109.8853,8056.5635,8290.8491,7799.8167,7825.7801,8264.8856
301,7658.2449,7969.4557,172.7650,7824.2213,8046.3601,7581.3406,7658.2449,7969.4557
302,7961.1059,7840.3706,89.3921,7902.9470,8008.6048,7792.8717,7961.1059,7840.3706
303,7836.3720,7794.5271,115.1679,7818.0787,7932.5024,7698.3966,7836.3720,7794.5271
304,8048.6802,8190.9702,-266.3356,8133.8521,8395.4994,7844.1510,8048.6802,8190.9702
305,7575.8462,8306.6039,-191.1990,7973.2823,8353.6068,7528.8432,7575.8462,8306.6039
306,7769.8312,7779.7287,-113.2456,7777.2585,7888.1336,7661.4263,7769.8312,7779.7287
307,7771.6549,7668.5219,202.6066,7728.5762,7929.1542,7511.0225,7771.6549,7668.5219
308,5692.1585,5969.5421,207.1157,5846.8122,6080.1139,5581.5867,5692.1585,5969.5421
309,5732.7271,6390.6107,97.4339,6090.7239,6404.7376,5718.6003,5732.7271,6390.6107
310,6483.7265,6126.7561,406.1917,6351.8984,6748.9176,5861.5650,6483.7265,6126.7561
311,6392.0417,5811.1670,477.2811,6177.8660,6660.3092,5542.8995,6392.0417,5811.1670
312,6371.5684,6732.4310,406.1636,6597.0655,6996.4368,6107.5627,6371.5684,6732.4310
313,7897.6667,7798.0418,134.9338,7851.8075,7991.6889,7704.0195,7897.6667,7798.0418
314,8021.4531,7903.2714,60.0632,7963.6995,8046.6197,7878.1048,8021.4531,7903.2714
315,4577.6881,4927.2735,455.7676,4827.1009,5240.6166,4264.3450,4577.6881,4927.2735
316,5729.0874,5458.1161,483.5478,5660.8219,6095.7719,5091.4316,5729.0874,5458.1161
317,8253.5476,8390.7067,-298.1699,8338.9823,8628.0822,8016.1721,8253.5476,8390.7067
318,7788.2165,7714.2130,107.6268,7753.7209,7865.0245,7637.4050,7788.2165,7714.2130
319,5504.6266,6726.5721,-629.5405,6301.5381,6992.8730,5238.3257,5504.6266,6726.5721
320,8133.9097,8867.8845,-10.0309,8524.6462,8868.0216,8133.7726,8133.9097,8867.8845
321,8003.3473,8072.6424,-37.8219,8038.4858,8089.2877,7986.7021,8003.3473,8072.6424
322,8187.7840,8509.7041,60.5227,8354.0554,8520.7067,8176.7815,8187.7840,8509.7041
323,3885.2085,5412.0359,-445.9953,4894.3667,5532.7671,3764.4773,3885.2085,5412.0359
324,8112.0664,8541.8324,-96.2799,8336.9311,8562.4160,8091.4828,8112.0664,8541.8324
325,8081.0215,8365.2753,-290.9177,8242.2490,8546.9279,7899.3689,8081.0215,8365.2753
326,3773.8571,5505.8459,-358.6524,4915.6846,5577.1763,3702.5267,3773.8571,5505.8459
327,7894.2429,8206.3132,-117.1086,8057.3668,8245.3713,7855.1847,7894.2429,8206.3132
328,8072.4968,8343.5988,-163.4423,8216.2833,8420.3858,7995.7098,8072.4968,8343.5988
329,5766.5772,6937.4710,-93.1278,6434.4753,6944.8317,5759.2164,5766.5772,6937.4710
330,7702.2987,8406.9614,-91.4509,8079.2677,8418.6364,7690.6237,7702.2987,8406.9614
331,7725.8961,8239.9079,29.4028,7995.4659,8241.5843,7724.2197,7725.8961,8239.9079
332,4789.0050,6085.2216,-548.9558,5632.6185,6286.4641,4587.7624,4789.0050,6085.2216
333,7601.6345,7929.8519,-0.9412,7770.9437,7929.8546,7601.6318,7601.6345,7929.8519
334,7942.3280,8132.8626,-102.2943,8041.2411,8177.3808,7897.8098,7942.3280,8132.8626
335,7908.8683,7986.8811,-72.0169,7949.1406,8029.7767,7865.9727,7908.8683,7986.8811
336,7674.5615,8475.6429,-70.7505,8105.7752,8481.8435,7668.3609,7674.5615,8475.6429
337,7814.9062,8604.9605,-140.2305,8241.9742,8629.1124,7790.7543,7814.9062,8604.9605
338,7824.1881,7942.8213,-101.6830,7886.1410,8001.2242,7765.7852,7824.1881,7942.8213
339,7791.6298,7841.5512,-122.9321,7819.6095,7942.0311,7691.1499,7791.6298,7841.5512
340,6622.4120,6270.1643,417.7120,6493.9310,6899.6124,5992.9639,6622.4120,6270.1643
341,6402.9176,5491.1318,183.2241,6007.6061,6438.3590,5455.6904,6402.9176,5491.1318
342,6417.3126,5294.0029,602.5868,6026.9751,6679.4096,5031.9059,6417.3126,5294.0029
343,6752.7953,6292.1198,402.3838,6571.7089,6986.1042,6058.8110,6752.7953,6292.1198
344,7821.1251,7993.5086,-177.7497,7914.7161,8104.8617,7709.7720,7821.1251,7993.5086
345,7900.0746,8122.3396,-98.4450,8015.3331,8159.6721,7862.7421,7900.0746,8122.3396
346,5903.7733,5054.0870,879.9464,5734.3760,6456.0675,4501.7928,5903.7733,5054.0870
347,6420.7999,6165.6880,375.4761,6330.6143,6689.7951,5896.6928,6420.7999,6165.6880
348,7961.5751,8107.6772,-181.7536,8041.7865,8230.5108,7838.7415,7961.5751,8107.6772
349,8268.2114,8843.1213,-122.6219,8572.7723,8868.1827,8243.1499,8268.2114,8843.1213
350,7938.0617,8333.0112,90.2329,8144.2230,8352.6499,7918.4230,7938.0617,8333.0112
351,7789.4191,8222.7319,158.8439,8019.5860,8274.7228,7737.4282,7789.4191,8222.7319
352,5793.7467,6462.9496,75.3579,6157.0741,6471.3305,5785.3658,5793.7467,6462.9496
353,6698.5946,6444.8025,447.8790,6620.9755,7037.2070,6106.1900,6698.5946,6444.8025
354,4772.7797,4690.0804,515.4472,4815.4561,5248.5332,4214.3269,4772.7797,4690.0804
355,6540.5146,6074.2352,428.7099,6363.7581,6795.3772,5819.3726,6540.5146,6074.2352
356,7756.0544,8079.1104,-194.2669,7929.6661,8170.2302,7664.9346,7756.0544,8079.1104
357,7728.4233,7967.1335,-262.5447,7863.6602,8136.1798,7559.3770,7728.4233,7967.1335
358,7772.4573,7948.6641,-236.6775,7872.7218,8113.1046,7608.0167,7772.4573,7948.6641
359,7604.1077,7964.5238,310.4261,7809.1030,8143.2577,7425.3738,7604.1077,7964.5238
360,7519.2428,7872.4264,421.8505,7736.4913,8153.1556,7238.5135,7519.2428,7872.4264
361,7838.8593,7855.4754,-36.5894,7847.4364,7884.6881,7809.6465,7838.8593,7855.4754
362,7765.0340,8242.0569,73.4293,8015.2092,8253.1042,7753.9867,7765.0340,8242.0569
363,7716.7620,8057.6764,135.8209,7896.2482,8105.1710,7669.2674,7716.7620,8057.6764
364,8014.9537,7672.3838,-90.2798,7850.8348,8037.2894,7650.0481,8014.9537,7672.3838
365,7909.1981,7887.4383,62.5684,7899.0841,7961.8255,7834.8108,7909.1981,7887.4383
366,7890.2267,7842.2170,101.8719,7868.3104,7970.8838,7761.5599,7890.2267,7842.2170
367,5072.2338,6645.4275,20.4403,6015.2601,6645.6931,5071.9683,5072.2338,6645.4275
368,7168.7236,7682.0173,-424.3869,7474.8941,7921.3259,6929.4149,7168.7236,7682.0173
369,6974.8520,6254.9489,253.0584,6658.6574,7054.9046,6174.8963,6974.8520,6254.9489
370,6214.9738,7230.5271,-24.2679,6780.1661,7231.1067,6214.3942,6214.9738,7230.5271
371,7646.7842,8378.0414,-131.8582,8040.6450,8401.0912,7623.7345,7646.7842,8378.0414
372,7816.3494,7978.1642,-157.3102,7903.1983,8074.1537,7720.3599,7816.3494,7978.1642
373,7712.2776,7861.5596,-226.6462,7797.8792,8025.5391,7548.2980,7712.2776,7861.5596
374,8134.4583,6772.6500,429.2099,7582.8111,8258.4465,6648.6619,8134.4583,6772.6500
375,7865.7239,8188.5870,-94.2564,8033.6827,8214.0896,7840.2212,7865.7239,8188.5870
376,7840.5120,8039.7861,-120.7865,7944.7793,8096.7278,7783.5702,7840.5120,8039.7861
377,7517.8126,7728.9452,185.6130,7632.3453,7836.9121,7409.8457,7517.8126,7728.9452
378,7575.9606,7916.0752,168.2971,7757.0950,7985.2738,7506.7620,7575.9606,7916.0752
379,7739.7562,8018.1308,-266.1150,7896.0954,8179.2605,7578.6265,7739.7562,8018.1308
380,7702.6542,8093.2816,-23.7883,7905.3170,8094.7249,7701.2109,7702.6542,8093.2816
381,7749.9719,7797.3315,-69.9804,7774.7048,7847.5299,7699.7735,7749.9719,7797.3315
382,7820.7952,7896.4165,-92.1153,7860.4981,7958.1793,7759.0323,7820.7952,7896.4165
383,6465.8820,5287.1235,-89.8420,5966.5403,6472.6902,5280.3153,6465.8820,5287.1235
384,7930.1222,7894.9520,30.7479,7912.7750,7947.9585,7877.1158,7930.1222,7894.9520
385,8000.8755,8102.0374,-24.5853,8052.0457,8107.6958,7995.2171,8000.8755,8102.0374
386,6413.2745,6181.6192,497.1462,6359.2097,6807.9078,5786.9860,6413.2745,6181.6192
387,7804.9707,8073.2420,-222.7837,7951.8730,8199.1543,7679.0584,7804.9707,8073.2420
388,7994.1910,8641.4931,-410.8522,8367.0273,8840.8617,7794.8224,7994.1910,8641.4931
389,7891.1558,7375.5866,151.6712,7650.9298,7932.4649,7334.2775,7891.1558,7375.5866
390,8095.4918,8306.5088,-83.2677,8204.3039,8335.4084,8066.5921,8095.4918,8306.5088
391,8156.8637,8515.0323,-141.3839,8345.3107,8564.1159,8107.7800,8156.8637,8515.0323
392,5219.6834,6551.5825,-203.6736,6007.9606,6582.0321,5189.2338,5219.6834,6551.5825
393,8054.7574,8376.3775,94.0728,8221.9023,8401.8725,8029.2625,8054.7574,8376.3775
394,7766.9533,7365.7112,6.8806,7574.3166,7767.0713,7365.5932,7766.9533,7365.7112
395,5679.7291,6560.2520,47.8594,6167.8721,6562.8456,5677.1354,5679.7291,6560.2520
396,8124.6689,8329.1666,-143.7809,8232.5913,8403.3484,8050.4871,8124.6689,8329.1666
397,8101.1980,8446.8616,-213.5477,8287.7011,8548.7541,7999.3055,8101.1980,8446.8616
398,8085.3121,8611.5080,-17.7079,8360.8942,8612.1033,8084.7168,8085.3121,8611.5080
399,7997.4411,8569.9437,-57.8364,8299.1213,8575.7281,7991.6567,7997.4411,8569.9437
400,7870.2178,7889.3155,3.2831,7879.7861,7889.8641,7869.6692,7870.2178,7889.3155
401,7874.9375,7925.4478,-36.9794,7900.5734,7944.9732,7855.4121,7874.9375,7925.4478
402,8112.6434,8461.5971,-136.9045,8296.0181,8508.8972,8065.3433,8112.6434,8461.5971
403,8003.5985,7778.4140,-17.2054,7893.4719,8004.9055,7777.1070,8003.5985,7778.4140
404,7856.7569,8549.3276,-134.7246,8228.2498,8574.6123,7831.4723,7856.7569,8549.3276
405,5420.4771,6259.4903,-274.3452,5904.1649,6341.2332,5338.7342,5420.4771,6259.4903
406,4020.7832,5661.2040,122.2355,5049.5820,5670.2623,4011.7249,4020.7832,5661.2040
407,4706.1930,6051.2056,-11.2853,5503.4155,6051.3003,4706.0984,4706.1930,6051.2056
408,5532.7538,6443.6060,-409.1461,6081.3435,6600.4000,5375.9598,5532.7538,6443.6060
409,8209.7211,8625.0747,-134.8498,8428.3171,8665.0147,8169.7811,8209.7211,8625.0747
410,8421.9684,8942.4693,-309.3471,8710.4077,9086.4785,8277.9592,8421.9684,8942.4693
411,7911.3761,8415.0609,-140.1318,8178.4669,8451.4225,7875.0146,7911.3761,8415.0609
412,7872.3253,8282.9456,-147.5244,8089.4957,8330.4510,7824.8199,7872.3253,8282.9456
413,7916.0801,8296.6373,-121.1427,8115.7683,8331.9280,7880.7894,7916.0801,8296.6373
414,7869.9704,8109.6980,-94.1391,7994.1941,8142.2465,7837.4219,7869.9704,8109.6980
415,7825.3335,7889.4222,-80.7867,7858.8197,7944.2878,7770.4679,7825.3335,7889.4222
416,7890.8273,8046.3722,-88.7116,7971.2193,8086.5756,7850.6239,7890.8273,8046.3722
417,7989.0539,8143.9772,-79.1239,8068.7952,8177.2445,7955.7867,7989.0539,8143.9772
418,7280.2625,7707.1370,180.3936,7509.3161,7773.1587,7214.2408,7280.2625,7707.1370
419,7643.8023,8266.2133,-24.8171,7973.3646,8267.2012,7642.8143,7643.8023,8266.2133
420,7878.1283,8064.5644,-133.0135,7976.3092,8133.7723,7808.9204,7878.1283,8064.5644
421,7835.5515,8001.2933,-181.9374,7925.9901,8118.3444,7718.5004,7835.5515,8001.2933
422,8013.7011,7630.4168,42.3621,7829.4425,8018.3273,7625.7906,8013.7011,7630.4168
423,8376.5390,7557.8681,-44.2368,7999.0543,8378.9224,7555.4847,8376.5390,7557.8681
424,7833.8650,8119.2337,-201.3192,7987.9913,8223.3048,7729.7939,7833.8650,8119.2337
425,7840.4642,7997.4448,-113.1156,7922.5443,8056.6349,7781.2741,7840.4642,7997.4448
426,7800.2205,7915.0630,-125.0198,7861.2540,7995.2177,7720.0657,7800.2205,7915.0630
427,6052.2012,5153.0420,860.4490,5849.5172,6573.4431,4631.8001,6052.2012,5153.0420
428,6010.9546,5823.7164,626.6682,6018.2465,6550.9580,5283.7129,6010.9546,5823.7164
429,7691.9235,8151.2811,100.1176,7933.4804,8172.1535,7671.0511,7691.9235,8151.2811
430,7700.8851,8344.3152,-32.0052,8042.1196,8345.9033,7699.2971,7700.8851,8344.3152
431,6597.2345,6379.2370,352.1374,6519.5742,6856.8568,6119.6147,6597.2345,6379.2370
432,5916.8296,4996.8523,889.9911,5726.0924,6458.6761,4455.0058,5916.8296,4996.8523
433,5902.5588,6777.7228,150.6666,6390.6119,6802.9349,5877.3467,5902.5588,6777.7228
434,5840.9934,6521.9733,152.5125,6215.1683,6554.5698,5808.3969,5840.9934,6521.9733
435,7853.7819,8150.8103,-321.2402,8025.7397,8356.2053,7648.3869,7853.7819,8150.8103
436,7985.2459,8108.0220,-256.4333,8059.5842,8310.3128,7782.9551,7985.2459,8108.0220
437,7774.2170,8184.4317,183.4022,7993.5432,8254.4704,7704.1783,7774.2170,8184.4317
438,7756.3064,8184.3905,128.6333,7982.0760,8220.0694,7720.6276,7756.3064,8184.3905
439,7742.6102,8142.9083,173.7957,7956.0177,8207.8339,7677.6845,7742.6102,8142.9083
440,6178.2489,6844.7141,-176.1634,6544.1289,6888.4132,6134.5498,6178.2489,6844.7141
441,7522.2062,7832.8184,-220.5056,7691.7113,7947.2208,7407.8038,7522.2062,7832.8184
442,6221.7501,4938.8098,487.7712,5752.1942,6386.1364,4774.4235,6221.7501,4938.8098
443,6854.7754,5844.3207,400.7043,6447.0316,6994.3881,5704.7081,6854.7754,5844.3207
444,7657.7264,8134.3682,-180.9135,7913.0362,8195.2571,7596.8375,7657.7264,8134.3682
445,7870.0043,8203.5275,-92.7052,8043.5575,8227.5634,7845.9684,7870.0043,8203.5275
446,7019.9548,6338.7165,555.2586,6773.9593,7330.7445,6027.9267,7019.9548,6338.7165
447,5014.1722,5210.5421,396.8928,5161.1712,5521.2143,4703.5000,5014.1722,5210.5421
448,7611.2142,8161.8013,-157.1065,7905.5936,8203.4761,7569.5393,7611.2142,8161.8013
449,8152.2997,8210.5593,262.4959,8194.2081,8445.5367,7917.3223,8152.2997,8210.5593
450,7847.3056,7775.5906,154.3868,7816.2705,7969.9443,7652.9519,7847.3056,7775.5906
451,7747.7335,7934.0264,-228.9676,7852.5605,8088.0690,7593.6910,7747.7335,7934.0264
452,7771.8734,7934.1475,-207.1540,7862.4590,8075.4874,7630.5335,7771.8734,7934.1475
453,7865.6991,8127.6941,-104.6771,8001.9691,8164.3798,7829.0135,7865.6991,8127.6941
454,4218.3816,4467.9256,525.8063,4442.8711,4883.5611,3802.7461,4218.3816,4467.9256
455,7680.5493,8205.6334,-6.5104,7956.1053,8205.7141,7680.4686,7680.5493,8205.6334
456,7883.3657,7658.6572,-68.5184,7774.3536,7902.6103,7639.4127,7883.3657,7658.6572
457,7611.4854,7891.0841,-334.7458,7776.7095,8114.0499,7388.5195,7611.4854,7891.0841
458,7747.2151,8005.8464,-316.9981,7898.8207,8218.8908,7534.1708,7747.2151,8005.8464
459,6999.0123,7068.8798,315.8392,7055.4462,7351.7113,6716.1808,6999.0123,7068.8798
460,8039.3228,8508.7456,-360.6905,8307.5389,8704.3679,7843.7005,8039.3228,8508.7456
461,7713.9748,7905.1433,-195.1605,7818.6242,8026.8698,7592.2483,7713.9748,7905.1433
462,7803.7304,7760.9960,124.6876,7785.4472,7908.8684,7655.8580,7803.7304,7760.9960
463,7834.5670,7832.9514,-58.4177,7834.4127,7892.1825,7775.3359,7834.5670,7832.9514
464,7738.9409,7635.0941,-119.0209,7690.3071,7816.8713,7557.1637,7738.9409,7635.0941
465,6954.9738,6363.4406,225.0653,6690.2494,7030.8687,6287.5457,6954.9738,6363.4406
466,7877.8296,8346.5894,102.0894,8124.2853,8367.8581,7856.5609,7877.8296,8346.5894
467,7833.2474,8305.8884,139.6017,8083.5595,8344.0420,7795.0938,7833.2474,8305.8884
468,8169.2787,8460.7534,-399.7475,8347.6107,8740.5010,7889.5311,8169.2787,8460.7534
469,7810.6291,8218.1586,-321.3719,8041.4494,8394.9197,7633.8680,7810.6291,8218.1586
470,7730.9362,7833.0150,-193.8615,7789.7180,7982.4433,7581.5079,7730.9362,7833.0150
471,7776.1067,7923.9293,-180.4543,7857.2809,8045.0222,7655.0138,7776.1067,7923.9293
472,5467.6455,6836.7647,-38.0944,6265.7678,6837.8238,5466.5864,5467.6455,6836.7647
473,5835.6588,6604.9124,-57.1200,6256.6409,6609.1307,5831.4406,5835.6588,6604.9124
474,8010.9598,8308.3120,-148.0198,8167.7232,8369.4321,7949.8398,8010.9598,8308.3120
475,4334.0669,5562.9807,-360.7636,5100.0991,5661.0599,4235.9878,4334.0669,5562.9807
476,7606.8685,8173.4062,-30.9134,7905.5587,8175.0880,7605.1866,7606.8685,8173.4062
477,7534.4251,7646.5350,-108.4251,7593.4236,7712.5381,7468.4220,7534.4251,7646.5350
478,5895.4805,7330.5940,183.8768,6736.3459,7353.7790,5872.2954,5895.4805,7330.5940
479,6212.3123,7763.5065,67.3813,7116.8217,7766.4280,6209.3909,6212.3123,7763.5065
480,7979.1870,8719.1250,-172.5995,8379.0458,8757.4055,7940.9065,7979.1870,8719.1250
481,8049.4808,8165.0334,-57.3291,8108.4827,8188.6495,8025.8647,8049.4808,8165.0334
482,7958.4742,8051.7035,-43.6100,8005.8524,8068.9227,7941.2550,7958.4742,8051.7035
483,5122.5249,6298.5444,173.3845,5808.4128,6323.5744,5097.4950,5122.5249,6298.5444
484,5575.8404,6503.9784,-291.7420,6114.0760,6588.0639,5491.7548,5575.8404,6503.9784
485,7838.9963,8388.8860,-18.1692,8127.9650,8389.4857,7838.3966,7838.9963,8388.8860
486,7846.2840,8542.6401,-180.1911,8222.5482,8586.5039,7802.4202,7846.2840,8542.6401
487,8153.1572,8586.4122,-177.3893,8383.8225,8649.7747,8089.7947,8153.1572,8586.4122
488,8381.2391,8187.8703,-285.4307,8300.9820,8585.9159,7983.1936,8381.2391,8187.8703
489,7902.6561,8015.7832,-65.4339,7960.6294,8045.7126,7872.7267,7902.6561,8015.7832
490,7912.1185,7984.3681,-38.3419,7948.7670,8000.9225,7895.5640,7912.1185,7984.3681
491,8206.7217,8582.7558,-133.6340,8404.2409,8625.4083,8164.0692,8206.7217,8582.7558
492,5272.9748,6249.7894,-337.7141,5852.4611,6355.1771,5167.5871,5272.9748,6249.7894
493,5116.0122,4838.9276,430.0743,5038.6189,5429.3083,4525.6315,5116.0122,4838.9276
494,6194.9022,6589.3540,-104.0390,6403.7855,6615.1128,6169.1435,6194.9022,6589.3540
495,7311.3117,7193.8467,246.2168,7265.8187,7505.7041,6999.4543,7311.3117,7193.8467
496,8082.3066,8537.6497,-197.4610,8326.3565,8611.3504,8008.6060,8082.3066,8537.6497
497,7931.5245,8551.7982,-176.7428,8264.8200,8598.6247,7884.6979,7931.5245,8551.7982
498,8306.5635,8395.9277,-164.6506,8356.4718,8521.8513,8180.6398,8306.5635,8395.9277
499,8000.9305,8236.2430,-47.3985,8121.5589,8245.4316,7991.7419,8000.9305,8236.2430
500,7888.1123,8163.5571,-83.3399,8030.6763,8186.8099,7864.8596,7888.1123,8163.5571
501,7895.5287,8192.7660,-111.3182,8050.5742,8229.8333,7858.4614,7895.5287,8192.7660
502,7822.2804,8264.3032,57.1143,8053.0037,8271.5638,7815.0199,7822.2804,8264.3032
503,7768.3980,8135.5972,129.0839,7961.4936,8176.4335,7727.5618,7768.3980,8135.5972
504,6168.4903,5167.2040,846.2986,5918.1995,6651.1400,4684.5543,6168.4903,5167.2040
505,6161.9178,5560.1426,389.0204,5922.6080,6352.8333,5369.2271,6161.9178,5560.1426
506,4932.2393,6374.2767,32.4058,5789.8256,6375.0046,4931.5114,4932.2393,6374.2767
507,6498.7454,7533.8685,-182.6907,7080.4167,7565.1656,6467.4483,6498.7454,7533.8685
508,7892.7283,8342.1724,-294.5924,8142.7793,8487.9698,7746.9309,7892.7283,8342.1724
509,7366.6678,7536.9816,-276.5316,7468.6582,7741.1713,7162.4781,7366.6678,7536.9816
510,4453.4121,4519.0911,245.8371,4506.7723,4734.2725,4238.2308,4453.4121,4519.0911
511,7655.1614,8256.7561,-137.4178,7976.5511,8286.6590,7625.2584,7655.1614,8256.7561
512,7990.9091,8402.1929,-204.4786,8211.9272,8486.5511,7906.5508,7990.9091,8402.1929
513,8037.0519,8047.2811,-37.0977,8042.4281,8079.6151,8004.7179,8037.0519,8047.2811
514,8092.4404,8061.9532,-2.0138,8077.2407,8092.5729,8061.8208,8092.4404,8061.9532
515,7619.3242,8260.1432,-18.5971,7959.1705,8260.6824,7618.7850,7619.3242,8260.1432
516,7340.9762,8471.0882,-81.3545,7967.6261,8476.9147,7335.1497,7340.9762,8471.0882
517,5307.3428,6134.8688,107.4759,5768.8218,6148.5995,5293.6121,5307.3428,6134.8688
518,7761.1373,8101.1097,172.9425,7942.2373,8173.6197,7688.6273,7761.1373,8101.1097
519,7694.2572,8041.8224,213.3860,7882.4649,8143.2379,7592.8417,7694.2572,8041.8224
520,7909.6940,8410.6451,104.0959,8173.6827,8431.4148,7888.9243,7909.6940,8410.6451
521,7796.0668,8153.1116,152.5143,7984.9524,8209.3888,7739.7896,7796.0668,8153.1116
522,7789.3665,8206.7489,25.2692,8006.3411,8208.2731,7787.8423,7789.3665,8206.7489
523,6160.6113,7130.1943,431.4861,6739.8062,7294.4044,5996.4012,6160.6113,7130.1943
524,6568.4981,6855.7949,355.6135,6744.9387,7095.6772,6328.6158,6568.4981,6855.7949
525,8013.9757,8855.1636,-134.0051,8469.1520,8875.9953,7993.1440,8013.9757,8855.1636
526,7880.2580,7595.4522,110.1532,7744.1358,7917.8893,7557.8209,7880.2580,7595.4522
527,7808.8509,7487.5712,236.5485,7664.2295,7934.1487,7362.2734,7808.8509,7487.5712
528,7812.3690,7919.7299,-121.2399,7869.4013,7998.6417,7733.4572,7812.3690,7919.7299
529,7738.7543,7803.7813,-156.2425,7776.1822,7930.8574,7611.6782,7738.7543,7803.7813
530,7921.5034,8091.2659,-146.9611,8011.7790,8176.0973,7836.6720,7921.5034,8091.2659
531,7860.5806,8080.0446,-132.4061,7975.8762,8142.2791,7798.3461,7860.5806,8080.0446
532,5429.9851,4685.7919,907.9370,5335.7898,6039.1150,4076.6620,5429.9851,4685.7919
533,6640.2998,6069.0402,339.3687,6400.9451,6798.2413,5911.0987,6640.2998,6069.0402
534,7962.9224,8180.3239,-111.9992,8076.1488,8227.6990,7915.5473,7962.9224,8180.3239
535,7951.8493,8243.7586,-142.7436,8105.5206,8301.9570,7893.6508,7951.8493,8243.7586
536,8040.1524,8083.7600,-33.8117,8062.2573,8102.1885,8021.7239,8040.1524,8083.7600
537,8088.7737,8077.6824,-25.9000,8083.3582,8109.7151,8056.7410,8088.7737,8077.6824
538,7600.9262,7885.2073,142.5487,7750.9131,7944.3727,7541.7608,7600.9262,7885.2073
539,7667.3650,8079.5627,117.4789,7884.1783,8110.6938,7636.2340,7667.3650,8079.5627
540,7815.8487,7737.7241,37.9707,7777.3588,7831.2625,7722.3104,7815.8487,7737.7241
541,7838.6893,7841.5832,2.4923,7840.1379,7843.0182,7837.2544,7838.6893,7841.5832
542,7719.1683,8049.4783,271.7424,7903.5381,8202.3172,7566.3295,7719.1683,8049.4783
543,7801.6140,8318.8625,0.2625,8072.6761,8318.8626,7801.6138,7801.6140,8318.8625
544,7770.0245,8484.1556,-94.2654,8152.2229,8496.3890,7757.7910,7770.0245,8484.1556
545,5158.3691,6169.9732,-228.0212,5745.1130,6218.9949,5109.3474,5158.3691,6169.9732
546,3921.7595,5859.0933,-228.6503,5185.3698,5885.7135,3895.1393,3921.7595,5859.0933
547,5908.3489,6608.3574,-488.1242,6344.2327,6858.9930,5657.7133,5908.3489,6608.3574
548,5142.8114,6214.4901,-545.7483,5831.1208,6443.4808,4913.8207,5142.8114,6214.4901
549,6425.8487,7396.6772,-7.0486,6962.2256,7396.7284,6425.7975,6425.8487,7396.6772
550,8106.3801,8417.4038,-23.2664,8266.3798,8419.1346,8104.6493,8106.3801,8417.4038
551,8038.5464,8228.1872,-78.4078,8136.1583,8256.4062,8010.3274,8038.5464,8228.1872
552,5224.1272,6525.6441,313.4305,6006.6178,6597.1911,5152.5801,5224.1272,6525.6441
553,4553.7966,6461.2008,-160.2192,5756.5785,6474.5653,4540.4321,4553.7966,6461.2008
554,7836.3017,8568.7989,-240.4615,8237.5792,8640.6824,7764.4181,7836.3017,8568.7989
555,8073.2537,8520.2296,-72.2108,8306.7085,8531.6060,8061.8773,8073.2537,8520.2296
556,8143.5503,8548.6243,-114.3616,8355.8047,8578.6809,8113.4936,8143.5503,8548.6243
557,4704.6520,6063.8585,-64.9747,5512.5722,6066.9575,4701.5531,4704.6520,6063.8585
558,5179.8567,6489.0742,-211.4234,5954.8824,6522.3699,5146.5611,5179.8567,6489.0742
559,6048.7039,7323.9726,-8.7157,6776.9521,7324.0322,6048.6443,6048.7039,7323.9726
560,6217.1093,7458.9971,-22.1174,6922.2217,7459.3909,6216.7156,6217.1093,7458.9971
561,5883.1992,7154.2141,-28.9883,6611.1774,7154.8749,5882.5384,5883.1992,7154.2141
562,7918.8961,8389.9289,-212.9644,8172.9376,8471.9370,7836.8880,7918.8961,8389.9289
563,7891.4074,8186.3022,-58.3894,8043.5463,8197.4425,7880.2671,7891.4074,8186.3022
564,8166.7738,8258.9397,-112.7632,8215.5665,8334.6729,8091.0406,8166.7738,8258.9397
565,7961.4966,8024.7282,-12.5344,7993.3295,8027.1223,7959.1026,7961.4966,8024.7282
566,7945.8779,8080.8515,-75.0501,8015.2713,8114.2953,7912.4341,7945.8779,8080.8515
567,7835.2735,8599.4755,-146.5357,8247.8885,8626.6102,7808.1388,7835.2735,8599.4755
568,7824.6352,8589.5615,-121.5787,8236.4823,8608.4205,7805.7762,7824.6352,8589.5615
569,7842.1464,7913.8145,-70.0765,7879.1599,7956.6875,7799.2734,7842.1464,7913.8145
570,7869.5426,8036.8096,-103.8594,7956.5290,8086.5228,7819.8294,7869.5426,8036.8096
571,8356.7841,8425.3042,-147.8258,8395.1594,8542.7881,8239.3002,8356.7841,8425.3042
572,7989.4380,8070.3956,-31.7100,8030.4107,8081.3373,7978.4964,7989.4380,8070.3956
573,7710.1744,8054.8635,230.1770,7898.2376,8170.0674,7594.9705,7710.1744,8054.8635
574,7731.0199,8058.8087,216.2530,7908.8907,8166.2567,7623.5719,7731.0199,8058.8087
575,8165.6830,8337.8936,45.6887,8253.5153,8349.2643,8154.3123,8165.6830,8337.8936
576,5835.0175,7188.5708,-348.3959,6643.9207,7272.9816,5750.6067,5835.0175,7188.5708
577,7954.2028,8585.2544,-161.4747,8292.4848,8624.1727,7915.2845,7954.2028,8585.2544
578,7964.1905,8695.7833,-185.1504,8360.2000,8739.9719,7920.0019,7964.1905,8695.7833
579,6196.3749,5268.8209,746.6190,5931.2955,6611.5342,4853.6616,6196.3749,5268.8209
580,7589.0270,8225.9859,-137.5728,7930.3041,8254.4292,7560.5836,7589.0270,8225.9859
581,7462.9729,7104.2032,240.8247,7302.1354,7583.8803,6983.2958,7462.9729,7104.2032
582,8163.9340,8585.3442,-128.6408,8385.5480,8621.5097,8127.7685,8163.9340,8585.3442
583,8212.6641,8233.6110,-97.2453,8224.8824,8320.9452,8125.3298,8212.6641,8233.6110
584,8018.6792,8213.0908,-94.3054,8119.2744,8251.3194,7980.4506,8018.6792,8213.0908
585,7823.8092,8259.0665,-98.7632,8052.0849,8280.4282,7802.4475,7823.8092,8259.0665
586,7875.6402,8205.8922,-86.9818,8047.2615,8227.4007,7854.1317,7875.6402,8205.8922
587,8339.7840,8435.5460,52.0373,8388.5592,8458.3790,8316.9510,8339.7840,8435.5460
588,7982.3392,8375.0732,-142.1453,8189.4769,8421.1218,7936.2907,7982.3392,8375.0732
589,7833.6369,7780.9907,47.5578,7807.8815,7861.6705,7752.9571,7833.6369,7780.9907
590,7811.2876,7771.3532,33.8977,7791.6184,7830.6618,7751.9790,7811.2876,7771.3532
591,7867.4873,8107.2110,218.7356,7999.0239,8236.7728,7737.9256,7867.4873,8107.2110
592,8112.3725,8841.2925,-16.8551,8500.3550,8841.6820,8111.9830,8112.3725,8841.2925
593,7715.3078,7862.9466,82.8200,7791.4972,7900.0707,7678.1838,7715.3078,7862.9466
594,7979.1765,8333.7311,-154.2237,8166.6012,8391.4266,7921.4811,7979.1765,8333.7311
595,8052.8124,8322.8324,-132.3933,8194.3702,8376.9142,7998.7307,8052.8124,8322.8324
596,7870.5801,8095.0312,-110.5636,7987.4678,8140.3458,7825.2655,7870.5801,8095.0312
597,7837.9525,8227.4589,111.6576,8042.1110,8257.1967,7808.2146,7837.9525,8227.4589
598,7817.0520,8175.8803,158.3935,8007.2033,8235.7943,7757.1381,7817.0520,8175.8803
599,7925.0677,7959.0564,-40.8897,7942.4324,7986.3428,7897.7814,7925.0677,7959.0564
600,7876.7994,7887.1486,-29.8151,7882.1483,7912.2348,7851.7132,7876.7994,7887.1486
601,7777.5165,7880.8259,-145.2714,7833.7244,7983.3529,7674.9896,7777.5165,7880.8259
602,7808.7930,7956.0181,-135.1378,7886.9107,8036.2920,7728.5191,7808.7930,7956.0181
603,7959.2675,7890.0174,50.5555,7925.3531,7985.9184,7863.3664,7959.2675,7890.0174
604,7964.1214,7942.6100,17.9443,7953.4482,7974.2866,7932.4448,7964.1214,7942.6100
605,6449.4254,6891.4680,-35.5229,6681.7061,6894.3044,6446.5890,6449.4254,6891.4680
606,5460.3064,6458.0456,229.5751,6034.6090,6508.3350,5410.0170,5460.3064,6458.0456
607,6073.8245,5548.0634,640.2490,5933.3081,6503.0603,5118.8276,6073.8245,5548.0634
608,6597.5214,6213.3624,502.9173,6472.9550,6943.7915,5867.0922,6597.5214,6213.3624
609,6404.8431,6066.0677,530.9497,6309.7308,6792.7702,5678.1406,6404.8431,6066.0677
610,7397.3870,8156.4728,56.6685,7805.2823,8160.6800,7393.1798,7397.3870,8156.4728
611,8136.9822,8642.6005,-135.1860,8404.4727,8676.4754,8103.1073,8136.9822,8642.6005
612,7637.8152,7977.8113,173.9453,7819.1698,8051.0340,7564.5925,7637.8152,7977.8113
613,6501.5074,7610.7461,-248.3038,7134.1921,7663.7923,6448.4612,6501.5074,7610.7461
614,8150.6576,8898.0601,-95.2163,8550.4883,8909.9996,8138.7181,8150.6576,8898.0601
615,6680.0009,6912.2691,-168.0694,6805.3401,7000.4251,6591.8448,6680.0009,6912.2691
616,5430.4530,6073.1782,-135.9433,5783.4804,6100.7490,5402.8822,5430.4530,6073.1782
617,7909.3584,8363.3599,26.7465,8145.9852,8364.9302,7907.7881,7909.3584,8363.3599
618,7821.6498,8354.6534,-30.3093,8101.4827,8356.3714,7819.9318,7821.6498,8354.6534
619,6402.8230,7346.4426,-18.5709,6923.1080,7346.8079,6402.4577,6402.8230,7346.4426
620,4221.5172,5843.6006,-188.3504,5235.1163,5865.1840,4199.9338,4221.5172,5843.6006
621,7859.4645,8281.5788,-44.5363,8079.1649,8286.2266,7854.8168,7859.4645,8281.5788
622,7763.9509,8088.5224,-239.5719,7942.0666,8215.6004,7636.8729,7763.9509,8088.5224
623,6166.2893,7357.1345,-167.4008,6846.0500,7380.2190,6143.2047,6166.2893,7357.1345
624,8008.9255,8244.1205,-155.0881,8133.5122,8321.1546,7931.8913,8008.9255,8244.1205
625,6513.3741,7601.4755,-146.3799,7124.5701,7620.8236,6494.0259,6513.3741,7601.4755
626,8276.5855,8414.3544,-89.6827,8347.7681,8458.5543,8232.3856,8276.5855,8414.3544
627,5440.2274,6391.6223,-276.7322,5992.2260,6466.2600,5365.5897,5440.2274,6391.6223
628,5501.2665,6451.0235,-212.9760,6043.7500,6496.5951,5455.6948,5501.2665,6451.0235
629,5002.9180,6684.3179,193.4666,6031.6240,6706.2915,4980.9443,5002.9180,6684.3179
630,5703.7592,6921.8125,-310.0919,6422.8091,6996.2114,5629.3603,5703.7592,6921.8125
631,7969.1103,8704.0410,-182.0923,8366.7831,8746.6834,7926.4679,7969.1103,8704.0410
632,8307.5687,8940.4447,-304.4579,8657.4808,9063.1281,8184.8853,8307.5687,8940.4447
633,6708.4098,7721.5806,-79.4957,7269.4567,7727.7801,6702.2103,6708.4098,7721.5806
634,5533.2099,6150.8137,-40.4103,5866.8626,6153.4465,5530.5771,5533.2099,6150.8137
635,7807.9049,8468.0866,-118.6693,8160.6435,8488.7697,7787.2218,7807.9049,8468.0866
636,7806.4267,8472.2270,-115.9852,8162.1974,8491.8535,7786.8002,7806.4267,8472.2270
637,7707.5988,8010.1265,181.7809,7869.5297,8095.3475,7622.3778,7707.5988,8010.1265
638,8039.3219,8236.7471,-43.1905,8140.1741,8245.7824,8030.2866,8039.3219,8236.7471
639,8003.6937,8135.3806,-47.2595,8070.7581,8150.5854,7988.4889,8003.6937,8135.3806
640,8018.7338,8205.5168,-87.4960,8115.1531,8240.1000,7984.1506,8018.7338,8205.5168
641,7915.9138,8150.2691,-101.4426,8037.5756,8188.0792,7878.1037,7915.9138,8150.2691
642,7942.5832,8045.3203,-73.4077,7995.4578,8083.5476,7904.3558,7942.5832,8045.3203
643,7998.6341,8120.2524,-83.9932,8061.4442,8163.1380,7955.7484,7998.6341,8120.2524
644,7781.6682,8529.1337,-197.6181,8188.2081,8578.1646,7732.6373,7781.6682,8529.1337
645,7874.8783,7988.7088,-78.1072,7933.5597,8028.4377,7835.1494,7874.8783,7988.7088
646,7868.8628,7945.7229,-55.7252,7908.1620,7974.9845,7839.6012,7868.8628,7945.7229
647,7945.2667,8514.5378,-358.4641,8268.0005,8687.6292,7772.1753,7945.2667,8514.5378
648,8082.8102,8466.2313,-72.1226,8282.1227,8479.3490,8069.6925,8082.8102,8466.2313
649,8027.1663,8476.1953,-62.2600,8261.5425,8484.6681,8018.6935,8027.1663,8476.1953
650,7796.7396,7709.2557,204.2097,7761.4314,7961.8395,7544.1557,7796.7396,7709.2557
651,7846.5731,7758.7450,160.9625,7808.0087,7969.5044,7635.8137,7846.5731,7758.7450
652,5775.2611,7226.2976,-62.3442,6622.0029,7228.9713,5772.5874,5775.2611,7226.2976
653,3649.4531,5405.3298,-233.6972,4793.0620,5435.9013,3618.8816,3649.4531,5405.3298
654,6620.0351,5956.7705,525.9524,6379.9551,6910.1792,5666.6263,6620.0351,5956.7705
655,7880.2883,8671.1046,-152.0174,8308.1600,8699.3200,7852.0729,7880.2883,8671.1046
656,5986.6988,6940.9417,-241.3028,6529.8230,6998.4902,5929.1504,5986.6988,6940.9417
657,6127.8090,7075.5255,-248.0030,6666.3447,7136.5009,6066.8336,6127.8090,7075.5255
658,8100.0611,8250.5643,-73.7982,8177.3507,8280.7118,8069.9136,8100.0611,8250.5643
659,8058.4556,8459.6474,-84.4614,8267.6507,8476.7036,8041.3994,8058.4556,8459.6474
660,5633.7613,6599.3521,-347.3501,6202.7007,6711.3201,5521.7933,5633.7613,6599.3521
661,5934.3802,6677.1886,-439.0913,6383.9755,6880.8864,5730.6824,5934.3802,6677.1886
662,7733.9563,8284.2760,21.8771,8023.3731,8285.1443,7733.0880,7733.9563,8284.2760
663,7794.0220,8404.6883,-62.8875,8117.3335,8411.0973,7787.6130,7794.0220,8404.6883
664,8221.1940,8725.7080,-172.2316,8489.9507,8778.8971,8168.0048,8221.1940,8725.7080
665,6541.6065,7700.2437,-79.0697,7192.5767,7705.6148,6536.2354,6541.6065,7700.2437
666,8170.7124,8709.3250,-159.8168,8457.4297,8753.1757,8126.8617,8170.7124,8709.3250
667,7959.9060,8641.0821,-248.1193,8332.5201,8721.8768,7879.1113,7959.9060,8641.0821
668,6770.7236,6097.3293,613.4399,6547.1915,7133.7932,5734.2597,6770.7236,6097.3293
669,7224.5393,7131.0997,303.0810,7197.4450,7484.4802,6871.1587,7224.5393,7131.0997
670,7611.6228,7988.1038,289.7741,7822.7922,8145.4115,7454.3152,7611.6228,7988.1038
671,5523.4121,6817.7138,-61.0156,6272.4340,6820.5838,5520.5421,5523.4121,6817.7138
672,5467.5262,6431.6381,-81.6263,6009.5466,6438.5001,5460.6642,5467.5262,6431.6381
673,6471.3590,5285.1415,712.8556,6093.7385,6805.5803,4950.9201,6471.3590,5285.1415
674,6491.8649,6330.6211,566.0326,6487.2733,6982.9884,5839.4976,6491.8649,6330.6211
675,6638.6270,7217.4696,3.2658,6946.1629,7217.4880,6638.6086,6638.6270,7217.4696
676,4446.0082,6048.7242,-102.0578,5430.7111,6055.1969,4439.5355,4446.0082,6048.7242
677,7869.7548,8392.7455,106.1029,8145.9279,8413.4516,7849.0487,7869.7548,8392.7455
678,5507.8984,6905.7776,6.4481,6323.8052,6905.8073,5507.8687,5507.8984,6905.7776
679,8007.3428,8051.4107,-26.0601,8029.5943,8063.5033,7995.2501,8007.3428,8051.4107
680,8015.5810,8091.0763,-53.5874,8054.1289,8118.8763,7987.7810,8015.5810,8091.0763
681,7786.8566,7858.8941,-108.1962,7825.3684,7936.9094,7708.8413,7786.8566,7858.8941
682,7964.0531,7990.2005,9.6956,7977.1766,7993.4034,7960.8502,7964.0531,7990.2005
683,7979.6211,7962.5053,30.5702,7971.2528,8002.8087,7939.3177,7979.6211,7962.5053
684,8082.6843,8219.7897,-124.8604,8154.9698,8293.6785,8008.7954,8082.6843,8219.7897
685,8124.6252,8140.1933,15.8524,8132.4668,8150.0697,8114.7489,8124.6252,8140.1933
686,3770.7651,2984.5316,467.2990,3539.3836,3988.3113,2766.9854,3770.7651,2984.5316
687,5669.1991,4177.7224,795.5053,5273.2655,6013.8526,3833.0689,5669.1991,4177.7224
688,7953.9141,8497.0487,-73.0919,8239.8919,8506.7131,7944.2497,7953.9141,8497.0487
689,7927.1808,8421.4040,12.9835,8185.5210,8421.7448,7926.8400,7927.1808,8421.4040
690,8083.3210,8269.0128,-67.7982,8178.5913,8291.1319,8061.2019,8083.3210,8269.0128
691,8060.9821,8195.8754,-88.4498,8130.7116,8239.6601,8017.1974,8060.9821,8195.8754
692,7784.2288,8373.7167,-120.9739,8097.7976,8397.5770,7760.3685,7784.2288,8373.7167
693,8372.0665,8579.6663,-146.5560,8481.5724,8655.4579,8296.2750,8372.0665,8579.6663
694,8194.6178,8486.5863,-183.3072,8350.4720,8574.9371,8106.2670,8194.6178,8486.5863
695,7748.5811,7753.1144,-101.3937,7752.8381,7852.2668,7649.4287,7748.5811,7753.1144
696,7885.4826,8485.6619,-86.5170,8203.4267,8497.8846,7873.2600,7885.4826,8485.6619
697,8286.9205,8642.1186,-192.0777,8476.6383,8726.1209,8202.9182,8286.9205,8642.1186
698,8403.0900,8523.3329,-211.1686,8471.7512,8682.7718,8243.6510,8403.0900,8523.3329
699,5801.4464,6803.1822,-561.5110,6435.6550,7054.7525,5549.8761,5801.4464,6803.1822
700,5419.7636,6368.3291,-256.6709,5967.6004,6433.3275,5354.7653,5419.7636,6368.3291
701,6075.5208,7530.5814,335.0934,6943.0734,7604.0429,6002.0593,6075.5208,7530.5814
702,7896.0955,8572.3639,-191.9501,8261.7236,8623.0479,7845.4115,7896.0955,8572.3639
703,7452.9675,7551.3384,-225.3457,7512.7823,7732.8039,7271.5020,7452.9675,7551.3384
704,6514.7127,7567.8415,-125.7417,7103.4376,7582.6467,6499.9075,6514.7127,7567.8415
705,5412.8406,6283.1933,-260.3446,5913.6094,6355.1242,5340.9097,5412.8406,6283.1933
706,7487.4259,8119.7910,-219.7524,7832.0554,8188.6571,7418.5597,7487.4259,8119.7910
707,7836.5629,8621.8199,-188.9272,8263.7245,8664.9099,7793.4729,7836.5629,8621.8199
708,8096.4645,8640.1189,43.5210,8381.8648,8643.5808,8093.0026,8096.4645,8640.1189
709,8024.1776,8635.0976,-151.9769,8350.5731,8670.8161,7988.4590,8024.1776,8635.0976
710,7752.3336,8075.7383,-284.4828,7934.3052,8241.2639,7586.8080,7752.3336,8075.7383
711,7815.2573,8473.3539,-110.6343,8166.4712,8491.4551,7797.1561,7815.2573,8473.3539
712,7765.9919,8385.6603,-48.2457,8094.0683,8389.3941,7762.2581,7765.9919,8385.6603
713,7889.8828,8155.6709,-256.8296,8038.3963,8311.9520,7733.6018,7889.8828,8155.6709
714,6760.8245,6102.3004,360.4056,6486.9032,6919.7281,5943.3968,6760.8245,6102.3004
715,7815.9224,8265.0141,-264.1585,8062.8612,8387.1677,7693.7688,7815.9224,8265.0141
716,7870.5114,8276.9405,-273.0924,8095.2256,8414.1310,7733.3209,7870.5114,8276.9405
717,7988.8384,8709.2946,-99.3275,8374.1150,8722.7378,7975.3952,7988.8384,8709.2946
718,3818.1921,5643.3496,-158.1712,4995.3625,5656.9555,3804.5861,3818.1921,5643.3496
719,8250.3492,8516.4566,-405.2939,8415.8983,8809.9781,7956.8277,8250.3492,8516.4566
720,7701.5656,7737.9123,-615.2710,7793.0119,8335.2782,7104.1996,7701.5656,7737.9123
721,6061.1433,7043.4786,-115.7044,6610.3463,7056.9229,6047.6990,6061.1433,7043.4786
722,4462.6660,6307.1199,-70.6658,5618.1456,6309.8233,4459.9626,4462.6660,6307.1199
723,8030.0114,8248.0076,-328.0725,8161.0056,8484.7148,7793.3042,8030.0114,8248.0076
724,7824.4886,7903.5161,-168.5367,7869.7160,8037.1091,7690.8955,7824.4886,7903.5161
725,7659.7781,7731.5776,-331.7181,7717.3463,8029.3329,7362.0229,7659.7781,7731.5776
726,7629.1174,7835.4081,-431.0838,7770.2834,8175.5146,7289.0109,7629.1174,7835.4081
727,5352.4284,6254.1926,-50.5360,5856.2752,6257.0159,5349.6052,5352.4284,6254.1926
728,6858.6590,7614.1830,42.9704,7266.3224,7616.6191,6856.2229,6858.6590,7614.1830
729,7787.8628,7820.3171,-100.1651,7806.0687,7905.5610,7702.6189,7787.8628,7820.3171
730,7813.3223,7841.6445,-70.6906,7828.4794,7899.5784,7755.3884,7813.3223,7841.6445
731,8072.6544,8006.1238,-293.7867,8055.6830,8335.0531,7743.7251,8072.6544,8006.1238
732,7551.2179,7876.2516,-540.9941,7775.5362,8278.6120,7148.8575,7551.2179,7876.2516
733,7698.3465,8010.6488,203.5590,7867.0574,8111.0506,7597.9447,7698.3465,8010.6488
734,7800.9136,7763.4483,-60.5192,7782.9545,7845.5330,7718.8289,7800.9136,7763.4483
