stripe -0.3095826937 -0.4128829312 0.1121418258 1
stripe -0.08031389635 0.379606299 0.2035131062 1
stripe -0.1039030133 0.4296090208 0.1662908833 1
stripe -0.1632089885 -0.4830891594 0.1056978054 -1
stripe -0.1933936396 -0.4821703937 0.09151980958 1
stripe -0.0751082751 0.4460644802 0.1499182954 -1
stripe -0.06443123917 0.4873746146 0.1051565617 1
stripe -0.07329124677 0.4691972854 0.1250138996 -1
stripe -0.219210124 -0.4859545573 0.07086920375 1
stripe -0.3892698115 0.309092026 0.1367643833 1
stripe -0.01759839198 -0.5567446635 0.0129097526 -1
stripe -0.0460933126 0.5210427 0.06402940635 1
stripe -0.2527752771 0.1923873375 0.3123490917 1
stripe -0.1601052604 0.3704787271 0.2146076646 1
stripe -0.04579849917 0.116793568 0.3159842229 -1
stripe -0.3429577292 0.3396414323 0.1518063594 -1
stripe -0.3604222187 -0.3638349906 0.12376095 -1
stripe -0.05312076458 -0.4923215656 0.09503850135 -1
stripe -0.06128242458 -0.5276926281 0.0509673401 -1
stripe -0.09779578333 -0.542100026 0.02408973906 1
stripe -0.09247059063 -0.2595549698 0.3130002531 1
stripe -0.08391525052 -0.4498937625 0.1511044812 1
stripe -0.2737241021 -0.3450669458 0.2354484833 1
stripe -0.09297147708 -0.4808860375 0.1159694112 1
stripe -0.07087577198 -0.5135838219 0.07093144865 -1
stripe -0.06768201833 -0.4880635375 0.1047963204 1
stripe -0.09121596146 -0.5075938125 0.07898348917 -1
stripe -0.2743270542 -0.4134957802 0.146776776 -1
stripe -0.1617226927 -0.3763583854 0.2438384271 -1
stripe -0.1463501396 -0.4513319927 0.156195174 -1
stripe -0.03501980083 -0.5458885354 0.02740503792 -1
stripe -0.04983587042 -0.5351085333 0.04097663021 1
stripe -0.02895868146 -0.5227309073 0.04763138948 1
stripe -0.3101607062 -0.4421210729 0.06043827219 -1
stripe -0.1706904167 0.3026735333 0.2594095667 1
stripe -0.1505367542 0.2849615802 0.2692607885 -1
stripe -0.06097554604 -0.2774898083 0.2824825437 1
stripe -0.06940092 -0.3434160167 0.2442925031 1
stripe -0.06506607552 -0.436957449 0.1615609708 -1
stripe -0.08826673271 -0.4271776302 0.1795082021 1
stripe -0.1001641619 -0.3652321083 0.2439614198 -1
stripe -0.06361784938 -0.3857497083 0.2078952698 -1
stripe -0.05018664844 0.1733280375 0.2975300719 1
stripe -0.2964712698 0.450531399 0.06175606938 1
stripe -0.1168372833 -0.4104844375 0.2065346677 1
stripe -0.1265166979 -0.2948748062 0.3058509146 -1
stripe -0.3255214385 0.2066194573 0.272526526 1
stripe -0.0555786599 0.5009408062 0.08954698125 -1
stripe -0.08432521583 0.5289999375 0.055334045 1
stripe -0.0004416094792 0.56650375 0.007601977187 1
stripe -0.02163886448 0.55347325 0.02439399156 1
stripe -0.03577036781 0.54603955 0.03448357927 1
stripe -0.03842002469 0.54018085 0.0403122549 1
stripe 0.05421694135 0.08609726865 0.3358235833 1
stripe 0.3095826937 -0.4128829312 0.1121418258 1
stripe 0.08281493333 0.3774532823 0.2056289313 1
stripe 0.1190292067 0.4173955104 0.1787361417 -1
stripe 0.07741192937 0.4459133937 0.1501029 1
stripe 0.1423573904 0.2876784281 0.267195676 1
stripe 0.1632089885 -0.4830891594 0.1056978054 1
stripe 0.1933936396 -0.4821703937 0.09151980958 -1
stripe 0.06972591927 0.4808379135 0.1123790921 1
stripe 0.0789317974 0.4636813698 0.1311539746 -1
stripe 0.219210124 -0.4859545573 0.07086920375 1
stripe 0.3892698115 0.309092026 0.1367643833 1
stripe 0.0140885951 -0.560956126 0.006713071354 -1
stripe 0.02998610542 -0.5508173917 0.02065560417 1
stripe 0.04210338031 0.5372650062 0.04466614865 -1
stripe 0.2538451417 0.1930211 0.3117493083 -1
stripe 0.3429577292 0.3396414323 0.1518063594 -1
stripe 0.3604222188 -0.3638349906 0.12376095 -1
stripe 0.05312076458 -0.4923215656 0.09503850135 -1
stripe 0.09779578333 -0.542100026 0.02408973906 1
stripe 0.09679610625 -0.2692997271 0.3097865187 1
stripe 0.05581794427 0.1624304604 0.3043816927 1
stripe 0.2737241021 -0.3450669458 0.2354484833 -1
stripe 0.1022247229 -0.4722876625 0.1291484988 -1
stripe 0.08743569427 -0.4846877937 0.1101018937 1
stripe 0.07011157177 -0.5212410938 0.06076196542 -1
stripe 0.06846626042 -0.4886232469 0.1040571005 -1
stripe 0.09200354385 -0.5095230187 0.07642615208 -1
stripe 0.05891064583 0.4963719958 0.09514251833 -1
stripe 0.2743270542 -0.4134957802 0.146776776 1
stripe 0.1617226927 -0.3763583854 0.2438384271 -1
stripe 0.1473021135 -0.4517063698 0.1553809229 -1
stripe 0.04512166646 -0.540150676 0.03515088948 1
stripe 0.05926427833 -0.5303443167 0.04765333917 1
stripe 0.02895868146 -0.5227309073 0.04763138948 -1
stripe 0.3101607063 -0.4421210729 0.06043827219 1
stripe 0.1768982042 0.3004110365 0.2603741948 1
stripe 0.09379970438 -0.3628458083 0.2428917344 1
stripe 0.07586193073 -0.3155907854 0.2688996969 -1
stripe 0.06328140958 -0.4377097427 0.1601804146 1
stripe 0.08326125667 -0.4330079354 0.1710382792 -1
stripe 0.06681739625 -0.3868366167 0.2082474646 1
stripe 0.08955143562 -0.3777638833 0.2270920104 1
stripe 0.2964712698 0.450531399 0.06175606938 1
stripe 0.1152023677 -0.4114414531 0.2054402646 -1
stripe 0.1236592021 -0.2949955625 0.3053561417 -1
stripe 0.1396798552 0.3494778365 0.2308213729 -1
stripe 0.3255214385 0.2066194573 0.272526526 1
stripe 0.05159153615 0.513760575 0.07392300375 -1
stripe 0.08432521583 0.5289999375 0.055334045 -1
stripe 0.009273799062 0.56326765 0.0126647449 1
stripe 0.02826300667 0.55073285 0.02846733948 1
stripe 0.03753680573 0.54464035 0.03615918594 -1
