0 215 2297
1 0 1403
1 303 921
2 1 905
3 1 1442
3 2 914
4 3 2374
5 4 2392
6 5 2412
7 6 2430
8 7 2449
9 8 2468
10 9 2486
11 10 2504
12 11 2524
13 12 2542
14 13 2554
15 14 2558
16 15 2558
17 260 1056
18 17 1034
19 18 1008
20 19 984
21 20 309
22 20 653
22 21 296
23 22 634
23 304 286
24 23 307
25 23 585
25 24 295
26 25 860
27 26 355
28 26 118
28 27 346
28 306 353
29 28 285
30 31 1630
31 37 1604
32 30 1668
33 32 1710
34 33 1757
35 34 729
36 34 1071
36 35 749
37 223 1581
38 36 1114
38 307 771
39 38 616
40 38 1310
40 39 636
41 40 1987
42 41 2019
43 42 2049
44 45 2988
45 46 3007
46 47 3025
47 48 3043
48 49 3065
49 50 3082
50 51 3106
51 52 3127
52 53 3136
53 54 3139
54 55 3127
55 56 3108
56 57 3086
57 58 3066
58 59 3048
59 77 3031
60 61 2817
61 62 2775
62 64 2737
63 60 2863
64 65 2700
65 66 1243
65 68 1418
66 68 1223
67 63 2906
68 69 2607
69 70 2569
70 71 2528
71 72 2490
72 73 2455
73 85 2421
74 67 1612
74 308 1362
75 74 3012
76 75 3033
77 78 3015
78 79 3000
79 80 2981
80 81 2963
81 82 2946
82 83 2928
83 84 2912
84 218 2896
85 86 2394
86 87 2376
87 88 1283
87 309 1091
88 89 2403
89 90 1125
89 91 1301
90 91 1131
91 92 2453
92 113 2471
93 94 2337
94 95 1363
94 310 991
95 96 2382
96 97 2402
97 98 2419
98 99 2436
99 100 936
99 101 572
99 311 946
100 101 944
101 102 2492
102 103 2511
103 104 2530
104 105 1117
104 106 1438
105 106 1136
106 150 1543
106 318 1059
107 16 2559
108 107 2559
109 108 1885
110 109 673
110 261 1898
111 110 2558
112 111 1601
112 244 915
113 112 2495
114 115 3162
115 117 3158
116 114 3149
117 119 3132
118 116 3131
119 120 3105
120 124 3086
121 118 3112
122 121 3091
123 122 3069
124 76 3057
125 93 2318
126 125 2303
127 126 2302
128 127 2302
129 128 984
130 131 2864
131 132 2882
132 134 2902
133 130 2848
134 135 2919
135 136 2938
136 137 2958
137 138 2976
138 139 2994
139 140 3014
140 141 3032
141 123 3050
142 133 2829
143 144 2672
144 145 2688
145 147 2700
146 143 1556
146 187 1093
147 148 2720
148 149 2738
149 151 2748
150 146 2634
151 152 2765
152 153 2793
153 154 2830
154 155 2869
155 156 2909
156 44 2951
157 257 795
157 258 525
158 157 1344
159 158 831
159 312 543
160 159 1389
161 160 1392
162 161 548
163 161 838
163 162 550
164 163 850
164 313 539
165 164 1386
166 165 1383
167 166 1380
168 167 1089
169 167 138
169 168 405
170 171 2019
171 172 2051
172 173 2091
173 174 2122
174 175 2156
175 176 947
175 177 305
175 315 933
176 177 965
177 178 2256
178 179 771
178 180 576
178 316 931
179 180 777
180 181 2291
181 182 2292
182 183 1062
182 299 607
182 342 621
183 184 2298
184 185 2295
185 186 2296
186 128 589
186 129 588
186 278 1126
187 143 1099
188 191 1873
189 188 727
190 188 1111
190 189 710
191 200 1909
192 190 1792
193 192 727
194 192 275
194 193 711
194 320 708
195 194 1406
196 194 255
196 195 1388
197 196 1619
198 197 124
198 216 496
199 197 467
199 198 610
199 323 491
200 170 550
200 201 1294
200 217 99
201 170 620
201 217 347
201 324 347
202 43 2090
203 202 1368
203 321 761
204 203 2142
205 204 729
205 275 1401
206 205 2143
207 206 2156
208 207 2165
209 208 2172
210 209 2181
211 210 2194
212 211 1505
213 211 346
213 212 464
214 212 583
214 213 827
214 322 823
215 214 2269
216 197 502
217 170 452
218 219 2879
219 220 2863
220 221 2846
221 222 2827
222 262 2817
223 224 1555
224 225 1534
225 226 976
225 325 533
226 227 1485
227 228 1464
228 229 532
228 230 906
229 230 524
230 231 1409
231 232 1386
232 233 1360
233 168 272
233 169 541
233 314 539
234 199 1546
235 234 1513
236 235 1473
237 236 1429
238 237 1387
239 238 866
239 326 456
240 239 1280
241 240 441
242 240 798
242 241 424
243 242 167
243 276 271
244 111 930
245 266 296
245 267 382
245 329 301
246 245 1011
247 246 405
248 246 641
248 247 421
249 248 1098
250 249 702
250 330 442
251 250 1170
252 251 1188
253 252 1209
254 253 480
255 253 746
255 254 491
256 255 762
256 331 501
257 256 1292
258 257 512
259 243 419
259 276 31
260 259 435
260 276 206
260 332 433
261 108 675
261 109 1220
262 263 2816
263 265 2816
264 142 2817
265 264 2816
266 267 274
267 268 889
268 269 499
268 333 335
269 270 313
269 271 449
270 271 287
271 272 276
271 273 144
271 334 279
272 273 260
273 274 376
273 335 268
274 279 256
274 280 325
275 204 1417
276 242 724
276 277 54
277 242 54
278 128 727
278 129 393
279 280 234
280 281 511
281 282 464
282 283 224
282 337 193
283 284 181
283 301 156
284 301 115
285 286 77
286 287 138
286 338 61
287 288 128
287 289 215
288 289 154
289 290 421
290 291 294
290 339 165
291 292 187
291 293 338
292 293 208
293 294 380
293 300 107
293 343 101
294 295 417
294 340 230
295 296 246
295 297 457
296 297 265
297 298 497
297 341 257
298 28 534
298 29 278
299 183 608
300 294 121
301 302 84
303 0 914
304 22 297
305 26 285
306 26 78
306 305 272
307 36 753
308 67 1336
309 88 1100
310 95 1002
311 101 955
312 158 532
313 163 537
314 167 142
314 168 398
315 177 951
316 180 163
316 317 772
317 180 775
318 150 1073
319 192 703
320 192 43
320 319 681
321 202 750
322 211 349
322 212 458
323 197 497
324 170 355
325 226 523
326 238 476
327 242 233
327 276 55
328 276 33
328 327 161
328 336 235
329 267 281
330 249 428
331 255 488
332 276 31
332 328 412
333 269 311
334 273 263
335 274 248
336 276 130
336 327 111
337 283 170
338 287 123
339 291 190
340 295 250
341 298 277
342 183 622
343 294 116
