0 2 252
1 0 259
2 3 246
3 4 241
4 5 235
5 315 227
6 1 263
7 8 161
8 9 143
9 10 125
10 11 108
11 12 91
12 13 74
13 20 122
14 15 171
14 316 42
15 16 212
16 17 205
17 18 198
18 19 191
19 7 176
20 21 59
22 23 472
22 24 110
23 24 470
24 25 582
25 26 582
26 27 580
27 28 578
28 29 578
29 30 574
30 337 573
31 33 638
32 31 638
33 34 487
33 38 149
34 37 314
34 38 172
35 32 638
36 35 641
37 38 312
38 39 638
39 360 638
40 41 470
40 42 183
41 42 468
42 36 648
43 44 295
44 45 806
45 46 579
45 49 53
45 50 160
46 48 473
46 49 101
47 43 296
47 44 519
48 49 469
49 50 612
50 369 764
51 52 345
52 53 551
53 54 832
54 56 830
55 51 352
55 52 212
55 53 282
56 57 830
57 58 828
58 47 824
59 385 721
59 387 125
60 59 860
61 60 492
62 60 372
62 61 494
63 62 873
64 63 207
65 63 385
65 64 210
66 73 139
67 66 143
67 73 605
68 67 606
69 67 149
69 68 616
69 73 155
70 69 937
71 70 688
72 71 453
73 392 672
73 393 222
74 70 258
74 71 243
74 72 454
75 74 636
76 74 322
76 75 634
77 76 350
78 412 298
78 421 631
79 78 912
80 79 907
81 80 485
82 80 282
82 81 484
83 82 707
84 80 142
84 82 59
84 83 706
85 84 606
86 84 304
86 85 605
87 91 642
88 87 634
88 91 363
89 88 651
90 88 218
90 89 642
91 435 710
91 436 306
92 88 112
92 90 852
93 92 962
94 93 959
95 94 784
96 430 650
97 96 369
98 96 277
98 97 366
98 430 316
99 98 840
100 99 558
101 98 106
101 99 272
101 100 384
101 105 170
102 101 764
103 102 361
104 102 241
104 103 362
105 100 170
106 107 284
106 108 396
107 108 282
108 109 641
108 113 224
109 110 358
109 111 175
109 112 68
109 113 36
110 111 361
111 112 536
112 113 608
113 114 884
114 115 459
114 116 289
114 118 75
114 119 59
115 116 462
116 117 564
116 118 187
117 118 566
118 119 831
119 120 430
119 121 465
120 121 428
121 122 894
122 123 394
122 442 324
122 750 178
123 124 321
123 440 120
123 441 60
123 442 61
124 440 319
125 126 462
125 127 139
125 128 311
126 127 254
126 133 215
127 128 613
128 129 698
128 131 224
129 130 378
129 131 319
130 131 199
130 674 182
131 132 832
131 451 91
132 451 215
132 454 613
133 127 218
134 125 781
135 134 283
136 125 119
136 134 493
136 135 287
137 136 394
138 136 229
138 137 397
139 136 279
139 138 625
140 153 208
141 140 209
141 153 130
142 141 198
143 141 151
143 142 201
143 149 58
143 153 28
144 143 438
144 149 186
145 144 307
146 144 329
146 145 311
146 149 276
147 146 581
148 147 279
149 150 398
149 152 271
149 154 209
150 152 400
151 149 119
152 154 676
153 149 237
153 151 120
154 155 890
155 156 740
155 457 110
155 459 43
156 459 186
156 461 18
156 481 378
156 482 161
157 158 171
157 159 226
157 160 182
158 159 171
159 160 392
160 161 681
161 162 723
162 163 298
162 164 228
162 165 370
163 164 298
164 165 531
165 166 361
165 477 559
166 477 367
167 168 161
167 768 65
168 170 229
169 167 237
170 171 225
171 684 221
172 169 249
173 172 262
174 175 567
175 176 558
176 177 549
177 178 539
178 179 531
179 180 523
180 181 513
181 182 503
182 183 491
183 184 484
184 185 476
185 186 472
186 187 469
187 188 469
188 189 468
189 190 463
190 191 455
191 192 450
192 193 448
193 517 448
194 195 722
195 196 735
196 197 743
197 198 737
198 199 531
198 200 195
199 200 512
200 201 691
201 545 671
202 203 452
202 204 191
203 204 446
204 205 630
205 206 620
206 207 260
206 208 349
207 208 256
208 209 410
208 525 184
209 525 402
210 524 560
211 210 548
212 211 538
213 212 531
214 213 524
215 214 422
216 214 101
216 215 427
217 218 518
218 219 726
219 221 276
219 222 321
219 223 336
220 217 523
220 218 217
220 219 215
221 222 274
222 223 592
223 224 921
224 237 914
225 220 703
226 227 743
226 229 239
227 228 370
227 229 362
228 229 363
229 230 233
229 231 728
230 231 234
231 232 582
231 233 383
232 233 580
233 234 686
233 235 284
234 235 694
235 236 888
235 576 100
236 576 82
236 597 526
236 600 281
237 238 402
237 239 82
237 240 163
237 241 260
238 239 399
239 240 478
240 241 633
241 242 894
242 243 699
242 244 193
243 244 699
244 245 895
245 569 894
246 248 471
246 645 11
246 732 91
247 246 406
247 649 105
248 250 509
248 642 39
249 247 473
250 293 573
251 249 448
252 247 14
252 249 15
252 251 440
253 255 465
254 253 466
254 255 73
254 257 423
255 257 538
256 254 387
257 262 959
258 256 286
259 254 572
259 256 102
259 258 286
260 259 760
260 636 197
261 260 757
261 629 4
261 635 8
261 637 26
261 645 22
261 667 36
262 263 853
262 623 104
263 623 853
264 226 847
265 264 529
266 226 143
266 264 329
266 265 538
267 266 728
268 267 627
269 268 475
270 266 289
270 267 107
270 268 151
270 269 473
271 270 1014
272 271 1006
273 272 918
274 275 344
274 276 162
274 277 123
274 278 55
274 281 312
275 276 338
276 277 495
277 278 610
278 279 544
278 281 113
279 280 487
279 281 48
280 281 476
281 282 600
281 504 348
282 504 600
283 274 732
284 274 254
284 283 722
285 284 612
286 285 568
287 284 363
287 285 37
287 286 562
288 287 385
289 287 554
289 288 380
289 785 12
289 786 15
290 289 955
290 628 24
290 670 28
291 290 994
292 290 15
292 291 971
292 628 3
293 624 548
293 643 16
293 699 6
293 766 11
293 767 32
294 247 11
294 252 456
294 649 8
295 294 129
296 297 147
296 299 461
296 302 334
297 299 147
298 296 948
299 301 298
299 302 304
300 298 576
301 302 298
302 491 283
302 508 643
303 300 197
304 300 107
304 303 198
305 306 739
306 307 906
306 311 55
307 308 861
307 311 36
308 309 212
308 310 144
308 311 503
309 310 37
309 752 173
310 311 357
311 312 683
311 314 266
312 313 261
312 314 417
313 314 261
314 298 129
314 492 66
314 498 743
315 14 217
316 15 47
317 318 300
318 319 283
319 6 275
320 317 317
321 320 333
322 321 350
323 324 339
324 325 319
325 326 304
326 327 291
327 173 276
328 347 399
329 328 402
330 329 396
331 330 401
332 331 413
333 332 434
334 333 456
335 334 475
336 335 494
337 338 573
338 339 574
339 340 573
340 341 574
341 342 573
342 343 574
343 344 574
344 345 575
345 658 572
346 322 372
347 346 387
348 336 512
349 348 529
350 349 538
351 350 540
352 351 540
353 352 544
354 353 550
355 354 558
356 22 591
357 356 601
358 357 611
359 358 620
360 361 638
361 362 637
362 363 638
363 359 423
363 377 212
364 365 648
365 366 648
366 367 651
367 40 151
367 368 497
368 40 497
369 370 756
370 371 623
370 372 118
371 372 607
372 373 352
372 729 359
373 374 274
373 375 239
373 739 171
374 375 165
374 728 259
375 364 191
375 376 463
376 364 457
377 359 203
378 55 857
379 378 865
380 379 225
380 394 660
381 380 894
382 381 202
382 395 542
383 381 144
383 382 747
384 379 582
385 386 624
385 387 89
386 387 625
387 388 574
387 389 273
388 389 577
389 390 853
390 391 854
391 400 859
392 393 317
392 737 282
392 738 67
393 63 287
393 65 602
394 379 63
394 384 589
395 381 543
396 383 893
397 396 887
398 397 879
399 398 507
400 398 362
400 399 507
401 76 608
401 77 349
402 401 951
403 402 940
404 403 932
405 404 315
405 407 95
405 414 533
406 405 946
407 404 612
408 406 951
409 408 511
409 423 451
410 409 863
411 409 102
411 410 860
412 411 951
413 86 596
413 426 206
414 407 525
415 86 105
415 413 804
416 415 545
416 425 376
417 416 923
418 417 537
419 417 51
419 418 539
420 417 98
420 419 311
420 424 280
421 412 25
421 422 612
422 412 616
423 408 446
424 419 280
425 415 375
426 86 206
427 417 240
427 420 699
428 427 179
428 439 331
428 448 327
428 754 133
429 428 242
429 437 747
430 431 668
430 706 310
431 432 988
432 433 308
432 434 246
432 703 432
433 434 735
434 94 173
434 95 160
434 438 649
435 436 222
435 447 486
436 429 1001
437 428 740
438 95 67
438 704 577
439 448 451
440 441 224
440 751 211
441 442 491
442 443 880
443 444 594
443 445 292
444 445 603
445 446 914
446 101 157
446 102 70
446 452 689
447 436 480
448 427 196
448 449 571
449 427 567
450 106 125
450 108 171
450 455 83
450 707 484
451 450 350
451 456 547
452 102 86
452 104 603
453 139 582
453 762 146
454 451 601
455 106 555
456 450 110
456 675 425
457 458 469
457 460 447
458 463 706
458 763 215
459 457 798
460 458 449
461 459 569
462 461 205
462 483 302
463 464 839
463 465 72
464 465 263
464 659 491
464 660 84
465 466 229
465 662 680
466 139 177
466 453 131
466 731 606
467 474 473
467 480 478
468 467 866
469 467 71
469 468 208
469 476 637
470 469 777
470 770 129
471 470 608
471 696 197
472 471 770
473 470 107
473 471 39
473 472 476
473 695 301
474 146 317
474 475 648
475 146 36
475 147 318
475 148 280
476 468 645
477 473 291
477 478 208
477 694 431
478 473 634
479 157 229
479 160 103
479 161 41
479 162 170
479 509 350
480 474 486
481 482 383
482 461 44
482 462 503
483 461 306
484 292 260
484 494 129
484 655 461
485 484 818
486 292 5
486 484 10
486 485 787
487 292 9
487 486 766
487 628 3
488 487 713
489 488 657
489 626 31
490 489 628
490 626 4
490 627 21
491 493 437
491 507 480
492 298 33
492 496 768
493 479 902
494 292 615
495 298 82
495 300 264
495 304 307
496 298 116
496 495 650
497 492 177
497 506 491
498 492 63
498 497 117
498 505 132
498 511 424
499 305 442
499 306 229
499 671 299
500 499 569
500 672 113
501 499 38
501 500 353
501 673 326
502 499 262
502 501 264
502 741 443
503 502 963
504 503 954
505 497 192
505 510 362
506 492 491
507 493 475
508 491 638
509 157 350
510 497 362
511 505 424
512 513 422
513 514 412
514 515 394
515 516 375
516 323 356
517 518 446
518 519 439
519 512 431
520 547 574
521 520 575
522 521 576
523 522 570
524 523 566
525 531 576
526 216 536
527 526 544
528 527 552
529 528 556
530 529 560
531 530 568
532 533 547
532 740 160
533 535 703
534 532 717
535 536 411
535 549 294
536 537 113
536 538 127
536 539 460
537 538 575
538 194 710
539 537 459
540 534 731
541 542 574
542 540 746
543 541 587
543 542 47
544 542 139
544 543 651
545 202 656
546 174 574
547 546 576
548 536 201
549 536 91
549 548 201
550 557 850
551 550 840
552 551 834
553 552 836
554 553 248
554 564 88
554 575 516
555 554 865
556 555 767
557 558 716
557 559 135
558 559 708
559 560 378
559 665 468
560 561 268
560 574 574
561 562 842
562 563 837
563 570 828
564 553 592
565 555 108
565 556 776
566 565 891
567 566 621
568 566 120
568 567 619
569 566 152
569 568 741
570 571 822
571 544 219
571 572 198
571 573 399
572 544 587
573 572 395
574 561 572
575 564 510
576 577 1026
577 578 294
577 596 551
577 598 187
578 579 1027
579 580 1022
580 581 1023
581 593 320
581 594 699
582 220 86
582 225 698
583 220 172
583 582 774
584 583 937
585 584 928
586 585 630
587 585 290
587 586 619
588 587 905
589 590 948
590 588 307
590 595 622
591 589 151
591 759 213
592 589 75
592 591 380
593 589 536
593 592 470
594 593 694
595 588 607
596 598 550
597 576 820
598 578 100
598 599 641
599 578 639
600 597 288
601 272 78
601 273 130
601 612 760
602 601 965
603 604 752
604 605 180
604 606 80
604 614 520
605 606 80
605 609 623
606 607 580
606 615 354
607 608 269
607 610 504
607 693 164
608 602 957
609 606 628
610 608 20
610 611 651
611 608 657
612 273 84
612 613 682
613 273 689
614 605 522
615 607 353
616 603 567
617 603 41
617 616 573
618 603 149
618 604 25
618 606 132
618 617 621
619 618 617
619 724 221
619 730 95
620 619 942
621 620 620
622 621 438
623 620 329
623 621 188
623 622 438
624 625 706
625 261 391
625 630 5
625 632 9
625 633 25
625 634 33
625 657 291
626 487 22
626 488 21
626 628 35
627 489 29
628 629 167
629 635 163
629 669 16
630 261 26
630 639 261
631 630 154
632 630 10
632 631 51
633 631 67
633 632 29
634 632 7
634 633 33
635 260 192
636 259 196
637 626 7
637 628 34
637 629 12
637 656 33
637 769 7
638 261 25
638 668 32
639 261 31
639 638 51
639 645 209
640 248 6
640 641 77
640 642 11
640 645 8
641 248 39
641 642 49
642 250 6
642 293 9
642 643 42
642 645 12
642 782 32
643 644 34
643 645 9
643 646 31
643 647 1
643 700 2
643 757 6
643 764 35
644 630 83
644 631 8
644 639 13
644 645 11
644 757 48
645 637 42
645 656 349
646 647 70
647 644 53
647 765 39
648 643 48
648 700 1
649 246 16
649 490 174
649 656 11
649 736 117
650 649 19
650 652 119
651 294 332
651 295 129
651 649 9
652 649 2
652 651 135
653 649 12
653 650 122
654 649 121
654 653 68
655 494 473
656 490 415
656 769 18
657 261 298
658 355 567
659 660 492
660 465 575
661 463 137
662 466 52
662 663 348
662 664 279
663 664 355
664 466 637
665 560 463
666 637 2
666 645 45
667 645 17
667 666 32
668 261 40
669 635 18
670 628 26
671 305 300
672 499 113
673 500 326
674 131 185
675 450 419
676 725 127
677 676 143
678 677 157
679 678 173
680 679 191
681 680 204
682 681 209
683 682 213
684 683 218
685 686 60
685 689 57
686 688 81
686 692 76
687 685 52
688 690 143
688 760 60
689 686 72
690 292 50
690 691 54
690 760 55
691 292 15
691 484 2
691 485 3
691 494 9
691 655 7
691 756 73
691 761 86
692 688 92
693 610 163
694 478 431
695 472 296
696 470 192
697 654 17
697 780 4
697 781 36
697 784 5
698 453 550
699 624 98
699 625 5
699 701 24
700 625 5
700 633 6
700 699 77
700 702 11
701 624 25
701 625 7
702 699 13
703 433 427
704 95 353
704 705 211
705 95 205
706 431 312
707 455 334
707 755 146
708 685 9
708 710 48
709 708 36
710 685 22
710 687 39
711 715 230
711 717 35
712 490 7
712 711 208
712 713 43
713 490 4
713 711 2
713 714 37
714 490 6
714 649 6
714 711 1
714 716 31
715 718 27
715 719 247
716 649 3
716 711 28
716 717 4
717 649 10
717 654 4
717 715 22
717 718 6
718 654 8
718 777 34
719 654 4
719 720 312
720 654 7
720 723 280
720 775 44
721 650 7
721 651 321
721 652 4
721 653 3
721 772 40
722 721 318
722 772 5
722 773 24
723 722 294
723 771 7
723 774 34
724 730 219
725 726 108
726 727 92
727 13 74
728 375 255
729 373 348
730 618 316
731 453 50
731 698 553
732 248 3
732 640 89
732 645 7
733 246 102
733 645 1
734 246 5
734 645 11
734 656 20
734 733 88
735 246 5
735 734 103
736 246 9
736 656 10
736 734 11
736 735 98
737 738 283
738 393 354
739 374 161
740 533 156
741 501 320
741 753 125
742 488 7
742 776 7
742 779 44
743 487 15
743 488 6
743 742 47
743 779 4
744 743 60
744 779 5
745 487 8
745 743 4
745 744 57
745 779 9
746 745 49
747 487 7
747 745 16
747 746 42
747 749 127
747 779 10
748 486 6
748 487 5
748 747 191
749 489 4
749 490 4
749 712 241
750 123 174
751 441 205
752 310 175
753 501 125
754 439 127
755 455 146
756 485 5
756 761 80
757 631 7
757 633 6
757 700 42
757 758 22
758 633 6
758 700 23
759 589 203
760 691 143
761 485 7
761 486 6
761 748 108
761 778 71
762 139 146
763 463 72
763 661 139
764 646 29
764 647 5
764 757 1
764 765 7
765 644 60
765 757 8
766 643 11
766 648 42
766 700 4
767 699 3
767 700 3
767 766 36
768 168 72
769 490 34
769 626 2
770 469 74
770 783 52
771 654 41
771 697 48
771 780 1
772 653 2
772 771 52
772 780 4
773 721 35
774 722 30
774 771 5
774 772 3
775 654 6
775 723 36
775 771 6
776 488 12
776 489 8
776 749 44
777 654 3
777 719 41
778 486 8
778 748 77
779 749 51
779 776 47
780 653 32
780 654 62
781 780 7
781 784 38
782 250 29
782 293 14
783 469 52
784 654 12
784 780 45
785 287 24
786 785 13
