stripe -0.4275153875 0.3185558387 0.0617545393 1
stripe 0.1408944946 0.4916697257 0.07012565465 1
stripe -0.2357014771 -0.3249915658 0.1282794252 -1
stripe -0.3130776987 -0.272528559 0.1405346471 1
stripe -0.3323576351 -0.3475303799 0.09820410516 -1
stripe -0.2826326228 -0.2765046855 0.1457757143 -1
stripe -0.3236341365 -0.1273188551 0.1767936548 -1
stripe -0.4251140692 -0.1906500657 0.119587459 -1
stripe -0.5222719001 -0.05352474268 0.08083988245 1
stripe -0.2396407357 -0.1732983304 0.1721813182 1
stripe -0.2417635403 -0.09098882989 0.1852410199 -1
stripe -0.3194481544 -0.05197254572 0.1845451069 1
stripe -0.321843613 -0.02078119004 0.1861523104 1
stripe -0.2915797346 -0.1229904989 0.1813820073 -1
stripe -0.3737513398 -0.004631731368 0.1710062514 -1
stripe -0.3908410159 0.05857168953 0.1630736987 -1
stripe -0.2329534034 0.1183570482 0.1961498611 -1
stripe -0.3745646861 0.1274375686 0.1631579002 -1
stripe -0.1495027621 0.1464375849 0.1943991436 -1
stripe -0.2095088052 0.1483664463 0.1951898113 1
stripe -0.1694177398 0.2664492232 0.1761456616 -1
stripe -0.2336486702 0.1872386728 0.1884469775 1
stripe -0.2381468241 0.2107946667 0.1828242888 -1
stripe -0.2077125941 0.2733979057 0.1688778158 -1
stripe -0.1319888989 0.3664754797 0.1440048121 -1
stripe -0.2955376021 0.2857497099 0.1473208797 1
stripe -0.07864193587 0.1542746719 0.1914641404 -1
stripe -0.110397509 0.1720153289 0.192988076 -1
stripe -0.06505449178 0.2974950267 0.1703837073 -1
stripe -0.04476200478 0.287843539 0.1728540469 1
stripe -0.09928029558 0.3033839389 0.1685205651 1
stripe 0.03431216305 0.2073557625 0.187534264 1
stripe 0.002380904703 0.2615653705 0.1787672102 1
stripe 0.002298567793 0.2392157484 0.1828412553 -1
stripe 0.06847334909 0.3742672906 0.1422380603 -1
stripe 0.02083805914 0.4412302592 0.1116333312 -1
stripe 0.2555286549 -0.3066204687 0.1352004781 1
stripe 0.3047793967 -0.259287809 0.1468685896 -1
stripe 0.2423056833 -0.1768265407 0.1720190886 -1
stripe 0.3150391511 -0.1264168941 0.1781537145 -1
stripe 0.3085704545 -0.1506793927 0.1743157301 -1
stripe 0.2201963852 0.0280217755 0.1960871853 1
stripe 0.2334254511 0.09647118083 0.1961697455 1
stripe 0.4113505564 0.2013949041 0.1239044651 1
stripe 0.1193703677 0.1315852419 0.1931603359 -1
stripe 0.1389160814 0.1260196859 0.1944980423 -1
stripe 0.1282675935 0.1147338367 0.1930940806 -1
stripe 0.1330438845 0.1229872958 0.1938743048 1
stripe 0.1299764413 0.1193608067 0.1934521698 -1
stripe 0.1935714079 0.1596234953 0.1940436528 1
stripe 0.2040734735 0.1692532552 0.1925955039 1
stripe 0.2088011376 0.1662128195 0.1929320203 -1
stripe 0.1913173546 0.1877444228 0.1903088319 -1
stripe 0.1989924365 0.1687107636 0.1927444596 -1
stripe 0.1924577628 0.1687221098 0.1928410077 -1
stripe 0.1804741581 0.1439816772 0.1955138808 -1
stripe 0.183313994 0.1426842039 0.1956826477 1
stripe 0.1802558762 0.150588225 0.1951095983 1
stripe 0.1735928499 0.1406188126 0.1954962462 -1
stripe 0.2432981093 0.2501471217 0.1708165755 -1
stripe 0.2193624374 0.2582068077 0.1718662701 1
stripe 0.2297182127 0.2465831532 0.173893236 1
stripe 0.2337627892 0.237446251 0.1760867064 1
stripe 0.2258689826 0.2499285017 0.1734371694 1
stripe 0.2371041185 0.2491589418 0.1720255225 -1
stripe 0.1165441354 0.2741655714 0.1768283024 1
stripe 0.25626408 0.3177890045 0.1428281677 -1
stripe 0.2573098397 0.3155166854 0.143572775 -1
stripe 0.2615414659 0.3186631215 0.1411525992 -1
stripe -0.1113952953 0.4909538782 0.07435456648 1
stripe -0.1069368455 0.4995942221 0.06838708852 -1
stripe -0.3159721252 -0.2004867935 0.1601541424 1
stripe 0.3277874825 0.1681203606 0.1697078459 1
stripe 0.2832795307 -0.2120123661 0.1618795116 -1
stripe 0.106943177 -0.5469828906 0.02492560737 1
stripe -0.2036318021 0.08668635724 0.1974553233 -1
stripe -0.2311178334 0.001132408254 0.1951587749 1
stripe -0.2795189532 -0.09071464123 0.1857355367 1
stripe 0.2460952711 -0.07561452811 0.1875730343 -1
stripe -0.03477838787 0.1745952775 0.1895807134 -1
stripe -0.07176063101 0.2089583749 0.1884573325 1
stripe 0.1518130172 0.1570569767 0.1942710808 -1
stripe 0.159523529 0.175191946 0.1926595137 -1
stripe 0.1616679663 0.1674442363 0.1934243978 -1
stripe 0.156506123 0.165187935 0.1935658815 -1
stripe -0.2339752906 -0.1264179944 0.1807127694 1
stripe 0.1120455447 0.09508902579 0.1916008874 -1
stripe 0.110945683 0.08423407655 0.1906345499 -1
stripe 0.1850923585 0.5216430848 0.04001302024 -1
stripe 0.3245221644 0.496487258 0.008116340459 -1
stripe 0.3327461326 0.4932660684 0.00730173899 -1
stripe 0.3128178704 0.4932030607 0.01307797486 1
stripe 0.4861782864 0.2312207266 0.0613759039 -1
stripe -0.4553358722 0.1497102991 0.116157641 -1
stripe -0.04757941119 0.5074494854 0.06957913633 -1
stripe 0.263772777 0.3377290995 0.1312849404 1
stripe 0.2583903757 0.3335760558 0.1348227194 1
stripe 0.2675682294 0.3413654076 0.1284621799 1
stripe -0.2304664276 0.4095787325 0.104553869 -1
stripe 0.4453219796 -0.2595076574 0.08444029031 1
stripe 0.3615073437 -0.1472462717 0.1617784115 -1
stripe 0.06672374322 0.3426169008 0.1551751386 1
stripe -0.3455542127 -0.165193121 0.1618697901 -1
stripe 0.1337535904 0.2996670002 0.1702290851 1
stripe -0.361176184 -0.1419564358 0.1638778439 1
stripe 0.2961696175 0.1591803844 0.1807206658 1
stripe -0.01791252228 0.2985202503 0.1699430719 -1
stripe -0.101870586 0.311729505 0.1658506586 -1
stripe 0.1942058537 0.1540208065 0.19460575 1
stripe 0.1956234978 0.1385792329 0.1960905948 -1
stripe 0.1901558305 0.1422480795 0.1958345929 1
stripe 0.2119468941 0.1962212259 0.1879913866 1
stripe 0.2046901161 0.1947971517 0.1885713696 -1
stripe 0.1962362683 0.1885581752 0.1900014098 1
stripe 0.1974333382 0.1933730775 0.1891513526 1
stripe 0.2101512893 0.1889988724 0.1892664725 -1
stripe 0.2091702552 0.178883045 0.190979378 -1
stripe 0.07571902615 0.2495782803 0.1822910831 1
stripe 0.1101365839 0.2407152678 0.1845084264 1
stripe -0.07076016496 0.1835005402 0.1910121996 -1
stripe -0.2224451303 0.2902084738 0.1611638876 -1
stripe 0.3600939208 0.4800104554 0.004437604957 -1
stripe 0.3375806982 0.4970538709 0.004034186325 1
stripe 0.3524045466 0.4788150731 0.007664954018 1
stripe 0.3244287285 0.3888989091 0.08201440424 -1
stripe 0.3285858861 0.3936049454 0.07718237396 -1
stripe 0.3027102699 0.3898318186 0.09080627002 1
stripe 0.3064248649 0.3858343549 0.09177690837 1
stripe 0.3168020298 0.371607041 0.09646127326 -1
stripe 0.3191018899 0.3783118091 0.09114392381 -1
stripe 0.32140175 0.3850165773 0.08582657436 1
stripe 0.3879588489 -0.07800111485 0.165016757 1
stripe 0.3985664522 -0.2582795546 0.1153437272 1
stripe -0.2008293277 0.3266057279 0.1524011167 -1
stripe -0.3776165383 -0.2710041323 0.118814629 1
stripe 0.4038682511 0.2457870987 0.1112443964 1
stripe -0.1226605984 0.4000750656 0.1280352237 1
stripe -0.09312207748 0.4095165183 0.124703755 1
stripe -0.001266398312 0.4652075519 0.09928180898 1
stripe 0.2830027336 0.09156010129 0.1915163935 -1
stripe 0.3341215333 0.09705341159 0.1805466146 1
stripe 0.1755729268 0.03301085648 0.1920858395 1
stripe 0.2238487291 0.2328302985 0.1786369113 1
stripe 0.2793058629 0.2659505904 0.15975201 -1
stripe 0.2770637752 0.2607434541 0.1621370579 1
stripe -0.2558855393 -0.2393318849 0.1556481753 1
stripe -0.0658001611 0.2739681403 0.1765961793 -1
stripe 0.2678330606 0.04244495385 0.1958277411 1
stripe 0.04140299248 0.1849893937 0.1893860899 1
stripe 0.0398970327 0.1648826413 0.1903323146 -1
stripe 0.03282342269 0.2260229078 0.1853749615 -1
stripe -0.2009632143 -0.3691520635 0.1093842929 -1
stripe -0.1442886879 0.2574232007 0.1800926666 -1
stripe 0.0772439319 0.510873355 0.06296620456 -1
stripe -0.5497655893 -0.01453807031 0.05740556912 -1
stripe -0.4198770927 -0.03382869631 0.1522227312 -1
stripe -0.07920776059 0.4722277305 0.0895578259 -1
stripe -0.08854550123 0.4513695488 0.1014515861 1
stripe -0.05311704931 0.5333539918 0.04876130051 -1
stripe 0.3933273256 0.1308826936 0.1541661434 1
stripe -0.3728433854 -0.377928483 0.06160839244 1
stripe 0.134571656 0.3803029408 0.1373371566 -1
stripe 0.1174850685 0.4312677433 0.1115125977 -1
stripe -0.3700069164 -0.09698001761 0.1701953914 1
stripe -0.3220180608 -0.071522468 0.182754759 1
stripe -0.3193086013 -0.0931599678 0.1817763464 -1
stripe 0.1378205784 0.2210789975 0.1874117798 1
stripe 0.1791570218 0.28172679 0.1702986912 -1
stripe 0.2735338838 0.2548852951 0.164912777 1
stripe 0.2635231198 0.2391291155 0.1712343255 -1
stripe 0.2706736655 0.2503835295 0.1667189337 -1
stripe 0.2665256436 0.2452307412 0.1689157616 1
stripe 0.1889343386 0.07358436426 0.1974218252 -1
stripe 0.1994717618 0.08454936184 0.1974034502 1
stripe 0.3098460715 0.4305461111 0.05887381756 1
stripe 0.3098167349 0.4372245825 0.05392991262 -1
stripe 0.3118635565 0.4331875915 0.05593447201 -1
stripe 0.3206255492 0.4401816924 0.04649324459 1
stripe 0.315849632 0.449601338 0.04181593936 -1
stripe 0.3117755465 0.4532230056 0.04110275721 1
stripe 0.3124773781 0.4474250277 0.0450668803 1
stripe 0.311814662 0.4443183771 0.04769463046 -1
stripe 0.3125067148 0.4407465563 0.05001078523 -1
stripe -0.2386528657 0.3627099314 0.127265299 -1
stripe 0.3933098801 -0.2123699614 0.1314402005 1
stripe 0.2413764195 -0.2567662808 0.1505230538 -1
stripe 0.4947630465 -0.03764875117 0.1058185448 -1
stripe -0.1555528258 0.303193314 0.1671788705 1
stripe -0.069056085 0.2384606289 0.1837586823 -1
stripe -0.3714508892 0.2508132921 0.1282771193 -1
stripe -0.3554925037 0.266459475 0.1304554306 1
stripe 0.2730109704 0.1296077352 0.1894881272 -1
stripe 0.2708169911 -0.2219672821 0.1601164552 1
stripe 0.1687045836 0.3654206302 0.1408949495 -1
stripe 0.2794606847 0.3562397075 0.1179000521 -1
stripe 0.3070581916 -0.02772893004 0.1881779358 -1
stripe 0.04603535193 0.2437882678 0.1824233452 -1
stripe -0.1829121519 0.115518552 0.1970040518 1
stripe 0.2251933205 -0.1393762616 0.1762588089 1
stripe 0.2028710373 -0.007506851573 0.1916747695 -1
stripe 0.02314190114 0.527908052 0.05650899939 1
stripe -0.288714122 0.4393634324 0.06235688863 -1
stripe -0.09745185882 0.3825071206 0.1379134357 1
stripe 0.2168419731 0.3912879452 0.119138084 -1
stripe -0.03485433028 0.4649558185 0.09739607557 -1
stripe -0.3754715243 0.1486254651 0.1569840967 -1
stripe 0.4381934559 0.2692587345 0.07902725615 1
stripe -0.06684308623 0.3134431814 0.165567218 -1
stripe 0.3142813891 0.4675903482 0.0291191062 -1
stripe 0.3228423595 0.4664709115 0.02572062503 -1
stripe 0.3080346436 0.4853924947 0.01904863495 -1
stripe 0.3127819449 0.4700729015 0.02802488747 1
stripe 0.3096585721 0.4789739748 0.02298965185 -1
stripe 0.3105327785 0.4737967315 0.02638355937 1
stripe 0.3671407985 -0.1825398896 0.150093019 -1
stripe 0.3331694423 -0.07147648441 0.1807507941 1
stripe -0.3114812778 0.07369397875 0.1889072737 1
stripe 0.3866914933 0.3031353814 0.0990443582 1
stripe 0.04335807241 0.336321914 0.1581545261 -1
stripe 0.2740841815 0.1477198182 0.1872884035 -1
stripe -0.3176634982 0.04415972748 0.1893582406 -1
stripe 0.2703310941 -0.07533684854 0.1879377924 1
stripe 0.2967607237 0.2120267541 0.1703726876 -1
stripe -0.2880493589 -0.06781740688 0.188392515 1
stripe 0.09295959243 0.280568899 0.1750074861 -1
stripe 0.08592855558 0.2606737316 0.1799035718 1
stripe 0.3232670327 0.2403365386 0.1536345184 -1
stripe 0.2018770128 0.2224402248 0.1835789848 -1
stripe 0.2012101523 0.2129248011 0.1853741063 1
stripe 0.202262219 0.217462594 0.1844861033 1
stripe 0.2004024647 0.1961628503 0.1885203477 -1
stripe 0.1990356054 0.2002259518 0.1878256723 -1
stripe 0.2000876721 0.2047637447 0.1869376692 1
stripe 0.2011397388 0.2093015375 0.1860496662 -1
stripe -0.1521008746 0.1786456055 0.192539004 1
stripe 0.2845531174 0.06846004523 0.1929401802 1
stripe 0.3489248722 0.4624534753 0.01713336546 -1
stripe 0.3518050437 0.4716206677 0.01138698348 1
stripe -0.181481425 0.4756957466 0.07794960417 -1
stripe 0.06768554263 0.5325399935 0.04758447843 -1
stripe -0.4235179126 0.02571399696 0.1474670128 1
stripe -0.1294819021 0.5292540453 0.04205022317 -1
stripe -0.5015887835 0.1330060625 0.08113360638 -1
stripe 0.2479633366 0.003832489717 0.1958990703 -1
stripe -0.3202972971 0.08835392174 0.18551107 1
stripe -0.3392807767 0.08312507237 0.181181139 1
stripe 0.2227599854 0.2730264937 0.1667028914 -1
stripe 0.2191306409 0.2671675322 0.1691037171 1
stripe 0.2337294938 0.2863976893 0.1608258743 -1
stripe 0.2300458327 0.2833425204 0.16234306 -1
stripe 0.2326826621 0.2760333245 0.1642770699 1
stripe 0.2276805863 0.2766327535 0.1648272506 1
stripe 0.2124607818 0.2272966318 0.1813100682 -1
stripe 0.2235711527 0.2144637369 0.1833687102 -1
stripe 0.227905574 0.2095880369 0.1841384822 1
stripe 0.2236258189 0.2090411177 0.1847463322 -1
stripe 0.2203340034 0.2167648571 0.1831357868 -1
stripe -0.4413079073 -0.2231746254 0.1012489299 -1
stripe 0.2645098654 0.2968484666 0.1500155509 -1
stripe 0.2613725861 0.3036654237 0.147781729 -1
stripe 0.2581204126 0.309079919 0.146178587 -1
stripe 0.257189547 0.3127546999 0.1448032999 -1
stripe 0.2561437872 0.315027019 0.1440586925 1
stripe 0.2515011715 0.3185064476 0.1436029827 -1
stripe 0.2474447389 0.3141037095 0.1464145997 1
stripe 0.2422393647 0.2956763524 0.1555330151 1
stripe 0.2415382874 0.3021560572 0.1528963683 -1
stripe 0.2373669607 0.2963508572 0.156338665 1
stripe 0.2457096142 0.3079612572 0.1494540715 -1
stripe -0.06257075281 0.3712456183 0.1437562915 -1
stripe 0.2671392237 -0.1103335706 0.1835739494 1
stripe -0.2017463328 0.00256426938 0.192980643 -1
stripe 0.2885965426 0.03330083496 0.1940942919 -1
stripe 0.008073413628 0.3175901832 0.1644106029 1
stripe 0.02958212816 0.3198570193 0.1637101437 1
stripe 0.2730708898 0.1675512306 0.1853165483 1
stripe -0.2812631441 -0.1845868717 0.1692202923 1
stripe 0.02002187228 0.3760717909 0.1430310023 1
stripe 0.1400352977 0.3321747333 0.1574948119 1
stripe -0.2663039937 0.01484167044 0.1966032085 -1
stripe -0.1144362899 0.2063247161 0.189865781 -1
stripe -0.2333970225 -0.2557360564 0.1499134435 1
stripe 0.230740898 0.2145522367 0.182541828 -1
stripe 0.2344817392 0.213639644 0.1823159229 -1
stripe 0.2329360057 0.2135911481 0.1825172047 -1
stripe 0.2320396466 0.2125330679 0.1828951451 -1
stripe 0.2488873101 0.2182114357 0.1793951892 -1
stripe 0.2522257619 0.220376092 0.1784380268 -1
stripe 0.2584086958 0.2205700753 0.1776328997 -1
stripe 0.2369238318 0.21474622 0.1817367008 -1
stripe 0.244899484 0.2170563638 0.1801756931 -1
stripe 0.2402622836 0.2169108763 0.1807795384 -1
stripe 0.1676099847 0.1515132512 0.1947705646 -1
stripe 0.1537233858 0.1373005748 0.1952720818 1
stripe 0.1575925251 0.1419955504 0.1950982778 -1
stripe 0.1602577356 0.1459833154 0.1949436187 1
stripe 0.2839368333 0.2698253083 0.1571728864 -1
stripe 0.2952966901 0.2809176532 0.1495068086 1
stripe 0.2896498857 0.2746491985 0.1536497784 -1
stripe 0.3460552202 0.2278568708 0.1473312571 -1
stripe -0.3400066904 0.01979852883 0.1836378202 -1
stripe -0.3268172145 0.01601822036 0.1866977941 -1
stripe -0.4624793896 -0.2753096819 0.06135833108 1
stripe -0.5045580516 0.2062938151 0.05975414789 -1
stripe -0.4877136275 -0.0463959331 0.1108135029 1
stripe -0.2943781838 0.3656523873 0.107538642 1
stripe 0.4730844982 -0.2438608041 0.0711278428 1
stripe 0.236040997 0.2902411005 0.1590124328 1
stripe 0.4229443471 0.01390697592 0.1485837257 -1
stripe 0.3046704779 -0.009269898234 0.1903327877 1
stripe 0.2967769367 0.007017930852 0.1930263359 -1
stripe 0.05015264102 0.4667804372 0.09510454396 1
stripe 0.06834279793 0.4631799459 0.09590340219 1
stripe 0.08668873459 0.4362894793 0.1106061612 -1
stripe -0.2822171189 0.1920013353 0.1788282711 1
stripe -0.3035757113 0.158207084 0.1786923011 -1
stripe 0.2066411643 -0.3549837979 0.1142636882 1
stripe -0.01506052768 0.4395661192 0.113151401 1
stripe 0.3321214287 0.05933839075 0.1860658154 1
stripe -0.2621615873 0.4365912309 0.07648441521 -1
stripe -0.007327556843 0.3411972424 0.1564879461 -1
stripe -0.1231246702 0.2924664865 0.1716877315 -1
stripe -0.1270402353 0.2643898775 0.1792522911 1
stripe -0.1420212048 0.2769793334 0.1761797322 -1
stripe -0.2883335849 -0.2357428502 0.1549484829 -1
stripe 0.1838056414 0.1819290313 0.1912173858 -1
stripe 0.1648744677 0.1730003441 0.1928709947 1
stripe -0.01820647483 0.4062684178 0.1294418704 1
stripe 0.1477622303 0.2894513476 0.1727663313 1
stripe -0.2794420704 0.328073085 0.1321420941 1
stripe 0.254488914 -0.2875606883 0.1419722661 -1
stripe 0.2534429232 -0.3287114234 0.1262073368 1
stripe -0.1391336477 0.3376841999 0.1557271353 1
stripe -0.1897426953 0.2104875908 0.1865022949 1
stripe -0.2292482285 0.04152193704 0.1968198263 -1
stripe -0.1878000548 0.04862220601 0.1960716049 -1
stripe -0.1203153535 0.1500750364 0.1931103269 -1
stripe 0.2413039338 0.06963708942 0.1963511802 1
stripe 0.1247285975 0.1357621507 0.1935445962 -1
stripe 0.1508829844 0.1335534261 0.1953661718 1
stripe 0.1449696093 0.1336955686 0.1949605824 1
stripe 0.1423638024 0.1503486227 0.1944911514 -1
stripe 0.1393601016 0.1348837667 0.1945573774 -1
stripe 0.1340194879 0.1421223202 0.194066486 1
stripe 0.1250101962 0.1068001101 0.1924934049 1
stripe 0.1224088201 0.1056407485 0.1923862587 -1
stripe 0.1160536588 0.1176774664 0.1924335839 1
stripe 0.1133336596 0.1045700074 0.1920742852 -1
stripe 0.1159646915 0.1087163934 0.1922444695 -1
stripe 0.1069340145 0.1121261888 0.1920270532 1
stripe 0.1133929712 0.1105440562 0.1922003614 1
stripe 0.3504391449 0.2713978757 0.1323460564 -1
stripe -0.4557535437 -0.06041785935 0.1319123174 -1
stripe -0.2792608378 0.09282153504 0.1918736445 1
stripe -0.217146288 0.2452039113 0.1754848541 1
stripe -0.2278366747 0.227627282 0.1795812814 -1
stripe 0.1968579426 0.5120045754 0.04602246922 -1
stripe 0.4855053282 0.0946531139 0.09984167742 -1
stripe 0.4382956984 0.1147349887 0.1323622378 -1
stripe 0.1190351889 0.2944309103 0.1714931599 1
stripe -0.3427031189 0.3103688005 0.1213731676 1
stripe 0.1476915783 0.5070962322 0.0573277475 -1
stripe 0.08664398051 0.4054693704 0.1270093528 1
stripe 0.2720783508 0.2933452949 0.1497213235 -1
stripe -0.3834917247 0.3432414637 0.08371629582 -1
stripe -0.01967306717 0.2237861138 0.18554753 -1
stripe -0.02356713729 0.2019936632 0.188215094 -1
stripe 0.1516312715 0.3593756414 0.145974628 1
stripe -0.1741847067 0.1904568852 0.1911124755 1
stripe -0.2485216844 0.1807500307 0.1888585932 1
stripe -0.2574684949 0.1600286535 0.1893434447 1
stripe -0.3163925099 -0.183633469 0.1642684005 1
stripe 0.1658513148 0.08343050947 0.1956662371 1
stripe -0.4442697192 0.2477473319 0.08533012495 -1
stripe 0.2895920643 0.354801982 0.11531355 1
stripe 0.292898067 0.3502088065 0.1168021337 1
stripe 0.3072144755 0.3398529434 0.1178134023 -1
stripe 0.3110504722 0.3553802644 0.1076517012 -1
stripe 0.3088584741 0.3465075096 0.1134583876 1
stripe -0.1232144662 0.1104319011 0.1925501861 -1
stripe -0.287041232 0.1129014113 0.1886980943 -1
stripe -0.2998160273 0.1139619651 0.1862542629 -1
stripe -0.1169356024 0.2346286252 0.1853934669 -1
stripe -0.1491563809 0.2213985256 0.1867467221 1
stripe -0.4077460728 -0.2833179955 0.09607698147 1
stripe -0.1951343958 0.5071931457 0.05045973207 -1
stripe 0.02116277644 0.293608889 0.1713733496 -1
stripe -0.184709295 0.4012454388 0.1218102413 -1
stripe 0.4978629102 0.1303611208 0.08474534222 -1
stripe 0.3012888959 0.3940681268 0.08861112408 -1
stripe 0.3040302837 0.4024348991 0.08159848116 1
stripe 0.3058424754 0.3959543804 0.0853468962 -1
stripe 0.3061130507 0.3981932836 0.08366838098 -1
stripe 0.3060774157 0.4122155433 0.07389587164 -1
stripe 0.3061948859 0.4203461247 0.06817035936 1
stripe 0.3089719086 0.4146906374 0.07093022577 -1
stripe 0.3066185663 0.4166933497 0.07053884119 -1
stripe 0.3052656899 0.4054988337 0.07893141732 1
stripe 0.3048420095 0.4091516087 0.07656293548 -1
stripe 0.3010924409 0.3852863945 0.09425254259 -1
stripe 0.2944463616 0.3769926801 0.1011864934 1
stripe 0.3001989375 0.3829381038 0.09587705182 -1
stripe 0.2980906659 0.3796905298 0.09842279414 1
stripe 0.2899788444 0.3652512263 0.1093090396 1
stripe 0.292087116 0.3684988003 0.1067632972 1
stripe 0.2900491351 0.358555913 0.1130433772 1
stripe 0.2894066057 0.361453928 0.1116368249 1
stripe 0.3165933502 0.3663985245 0.09954164829 1
stripe 0.2938741228 0.3731953818 0.1035142788 1
stripe 0.3507362492 0.4396314515 0.03195998154 1
stripe 0.3513497244 0.4537922448 0.02102555358 -1
stripe 0.2466166426 -0.1254216816 0.1810232938 -1
stripe -0.3479543254 -0.2445423659 0.1417352085 1
stripe 0.1195679933 0.4758098448 0.08402736749 1
stripe 0.1505903484 0.4340918927 0.1073248813 1
stripe -0.08849630838 0.375968948 0.1410563827 1
stripe -0.3574334135 0.2138437684 0.1463288221 -1
stripe -0.1641713813 0.08899506112 0.19628044 1
stripe 0.3727611744 0.3063904811 0.1059894371 1
stripe -0.2002563796 0.3658265167 0.1354107441 1
stripe -0.1901772215 0.2568243419 0.1763816082 1
stripe -0.1958958575 0.24596188 0.1782815823 -1
stripe 0.4314118661 -0.07038641845 0.1459771016 1
stripe -0.2663013637 0.2365547701 0.1714455802 -1
stripe -0.2941800921 0.2610795691 0.157067953 1
stripe 0.3443809884 0.02308587532 0.181932155 -1
stripe 0.3783106282 -0.05325174627 0.1688788607 1
stripe 0.2402939324 -0.2199440835 0.1606590642 1
stripe 0.1600257975 0.3099389846 0.1644784457 -1
stripe 0.4611201683 0.02570836644 0.12517792 -1
stripe -0.3841749715 0.3707303107 0.06447987701 1
stripe 0.3414007773 0.4235271358 0.04892077382 -1
stripe 0.3368571984 0.4140742669 0.05838702743 -1
stripe 0.3525791404 0.4182963719 0.0473629261 -1
stripe 0.3400398555 0.4163607384 0.05506314182 1
stripe 0.3448138411 0.4197904455 0.0500773134 1
stripe -0.1079740997 0.338352235 0.1560808159 1
stripe -0.4013566164 0.2579197809 0.1080009984 1
stripe 0.3104814055 0.3294170959 0.122559639 1
stripe 0.3054815283 0.3322544179 0.1225645553 1
stripe 0.3014959035 0.3314232348 0.1241417119 1
stripe 0.2893290402 0.331213907 0.1277721219 -1
stripe 0.2875462168 0.3285140941 0.12966176 1
stripe 0.2911118635 0.3339137199 0.1258824837 1
stripe 0.2973002897 0.3328762731 0.1246178087 1
stripe 0.2939089394 0.3329450277 0.1255650859 1
stripe -0.2106983 -0.03706719964 0.1901428231 -1
stripe -0.09538904856 0.4240512413 0.1171378827 -1
stripe -0.2426685362 0.3285599525 0.141412948 -1
stripe 0.03793981058 0.2893154292 0.1725258547 -1
stripe 0.06240848133 0.2771068433 0.1757583069 -1
stripe 0.04883070376 0.2794179326 0.1751478035 -1
stripe 0.3542392769 -0.3364748973 0.0946296826 1
stripe 0.1433952749 0.4491323829 0.09859758368 -1
stripe 0.5292754037 0.04365667297 0.06967081129 1
stripe 0.3832590735 0.3864554943 0.05648651502 1
stripe 0.2904902386 -0.06253079061 0.1891783526 1
stripe 0.3026207934 -0.04087712073 0.1881613967 -1
stripe 0.300002036 -0.09297960515 0.1851605432 -1
stripe 0.2593915885 0.2328186498 0.1737806859 -1
stripe 0.2408275337 0.2430560558 0.1733435287 1
stripe 0.2384437037 0.2398808382 0.1746610614 1
stripe 0.2438371119 0.2354099636 0.175245958 1
stripe 0.2404500892 0.2347834433 0.1759293477 1
stripe -0.2747985224 0.137146549 0.188371297 1
stripe -0.05728679181 0.5717917135 0.02044299928 1
stripe -0.2634972421 0.2793914912 0.1574525404 -1
stripe 0.2741470669 0.1089400152 0.1914253757 -1
stripe 0.2625779858 0.1050907553 0.193282133 1
stripe -0.2596895953 -0.3010703629 0.1370977061 1
stripe -0.246646982 -0.291688598 0.1401877841 -1
stripe 0.2064854434 0.4284372727 0.1020928311 -1
stripe 0.3038611412 -0.1903016033 0.1656626078 -1
stripe -0.42597074 0.1089042841 0.1405947525 1
stripe -0.2624373734 0.04866848606 0.1956905431 1
stripe -0.2559431195 0.06538466737 0.1961114282 1
stripe 0.007801077484 0.4153619831 0.1251365406 1
stripe 0.3732830764 0.1039845925 0.1677159521 1
stripe -0.2436847963 0.4827125731 0.05164420566 -1
stripe 0.3486920235 0.4308484165 0.03969672671 1
stripe -0.0686046693 -0.5611413047 0.02010312851 -1
stripe -0.462723334 -0.001265829836 0.125911565 -1
stripe 0.2744957668 0.3436849254 0.1254515604 1
stripe 0.2756209249 0.3464198423 0.1237766004 1
stripe 0.2534107895 0.3259694526 0.1398756833 1
stripe 0.2819362457 0.3226454941 0.134166558 -1
stripe 0.2822888357 0.3262971739 0.1322280181 -1
stripe -0.1475873512 0.4438162812 0.1015917484 -1
stripe -0.3259988079 0.4293866542 0.0520296103 1
stripe 0.3069053292 0.4258878057 0.06381911816 1
stripe 0.3109598569 0.4267184523 0.06123636368 1
stripe 0.3338411227 0.4115274002 0.0617846859 1
stripe 0.3304387517 0.4058606823 0.06773296402 1
stripe 0.3125681536 0.4560587406 0.03858954995 1
stripe 0.3164306345 0.4638298601 0.03085287567 1
stripe 0.3142183132 0.461594753 0.03362040687 1
stripe 0.3141306738 0.4595717825 0.03518246801 -1
stripe 0.3881629681 0.04516372799 0.1652798231 1
stripe 0.07157145363 0.1256933026 0.1910670477 1
stripe 0.07412427276 0.1191782998 0.191118566 1
