0 2 255
1 0 260
2 3 249
3 4 243
4 314 238
5 1 266
6 7 160
7 8 142
8 9 124
9 10 105
10 11 90
11 12 74
12 20 118
13 14 218
14 15 181
14 315 30
15 16 212
16 17 204
17 18 197
18 19 188
19 6 177
20 21 51
22 23 586
23 24 586
24 25 586
25 26 479
25 27 102
26 27 476
27 28 578
28 29 574
29 30 574
30 335 573
31 32 638
32 34 638
33 31 638
34 35 638
35 37 317
35 38 180
35 357 139
36 33 641
37 38 315
38 357 496
39 40 654
40 36 163
40 41 485
41 36 479
42 43 803
43 45 646
43 47 148
44 42 492
45 46 446
45 47 195
46 47 445
47 48 780
48 49 575
48 369 196
49 369 569
50 51 840
51 53 833
52 50 850
53 54 611
53 55 218
54 55 613
55 56 830
56 42 321
56 44 91
56 57 412
57 44 411
58 383 854
59 58 579
60 59 492
61 58 281
61 59 92
61 60 496
62 61 205
63 61 672
63 62 210
64 63 890
65 391 673
65 392 62
66 65 140
67 65 605
67 66 148
67 392 158
68 67 613
69 67 314
69 68 620
70 69 639
71 70 448
72 69 45
72 70 198
72 71 451
73 69 260
73 72 696
74 73 959
75 74 958
76 75 348
77 410 928
78 77 919
79 78 912
80 79 910
81 80 453
82 80 256
82 81 452
83 82 616
84 80 55
84 82 93
84 83 613
85 80 149
85 84 761
86 87 658
87 95 1012
88 86 650
88 87 341
89 88 981
90 89 857
91 89 112
91 90 849
92 91 959
93 92 623
94 93 210
95 426 305
95 432 187
95 433 43
95 442 485
96 427 195
96 706 456
97 96 644
97 427 319
98 97 411
99 97 433
99 98 408
100 99 192
101 97 108
101 99 644
101 100 192
102 101 774
103 102 348
104 102 273
104 103 348
105 104 534
106 107 291
106 108 294
106 111 160
107 108 289
108 109 524
108 111 58
109 110 378
109 111 146
110 111 380
111 112 718
111 114 148
112 113 631
112 114 87
113 114 636
114 115 886
115 116 562
115 117 267
115 121 57
116 117 567
117 118 456
117 120 69
117 121 304
118 119 422
118 120 35
119 120 423
120 121 522
121 122 691
121 750 189
122 123 565
122 124 311
123 124 564
124 436 573
124 690 302
125 126 472
126 127 722
127 128 916
128 129 917
129 130 182
129 131 241
129 132 98
129 449 200
129 670 191
130 131 380
131 132 625
132 449 718
133 125 468
133 126 178
134 126 64
134 127 64
134 133 642
135 134 223
136 134 303
136 135 225
137 134 68
137 136 529
138 137 418
139 127 124
139 134 177
139 137 178
139 138 421
140 150 229
140 152 131
141 140 328
142 141 298
143 140 34
143 141 37
143 142 303
143 150 59
144 143 217
145 143 224
145 144 220
145 150 184
146 145 618
147 146 579
148 149 402
149 151 220
149 153 454
150 148 402
150 149 267
150 153 206
151 153 224
152 150 129
153 154 739
153 457 154
154 155 569
154 457 174
155 457 31
155 458 49
155 478 489
156 157 168
157 158 393
157 159 185
158 159 390
159 160 681
160 161 296
160 162 427
161 162 296
162 163 528
162 164 370
163 164 534
164 165 426
164 474 218
164 475 276
165 474 71
165 691 365
166 168 161
166 771 63
167 166 237
168 170 230
169 167 246
170 171 225
171 679 221
172 169 261
173 172 275
174 175 569
175 176 559
176 177 551
177 178 541
178 179 531
179 180 523
180 181 515
181 182 502
182 183 494
183 184 484
184 185 476
185 186 472
186 187 470
187 188 469
188 189 468
189 190 463
190 191 455
191 192 451
192 193 449
193 518 448
194 195 727
195 196 739
196 197 745
197 198 554
197 199 185
198 199 535
199 200 700
200 201 684
201 526 669
202 203 309
203 204 257
203 205 197
203 206 185
204 205 255
205 206 443
206 207 619
207 208 608
208 209 412
208 527 189
209 527 407
210 525 566
211 210 556
212 211 548
213 212 540
214 213 530
215 214 524
216 215 426
217 215 102
217 216 432
218 219 617
219 220 533
219 223 413
220 222 274
220 223 252
221 218 624
221 219 108
222 223 273
223 224 650
223 237 275
224 237 644
225 219 56
225 221 734
226 227 701
227 228 818
228 229 365
228 231 206
228 232 395
229 230 228
229 231 134
230 231 226
231 232 564
232 233 962
233 234 873
233 235 98
234 235 879
235 236 707
235 575 178
235 594 103
236 594 206
236 595 209
236 596 298
237 238 474
237 240 441
238 239 402
238 240 68
239 240 399
240 241 900
241 242 628
241 243 266
242 243 627
243 244 895
244 245 703
244 567 188
245 567 703
246 248 472
246 635 9
246 652 13
246 728 93
247 246 424
247 646 117
248 250 508
248 640 41
249 247 408
249 732 65
250 294 575
251 249 449
252 249 14
252 251 440
252 732 13
253 252 458
253 732 13
254 256 275
254 258 154
254 263 51
254 264 39
255 254 519
255 264 441
256 258 274
257 255 610
258 263 428
259 257 388
260 255 347
260 257 219
260 259 387
261 260 958
262 261 753
262 634 198
263 264 479
264 620 103
264 621 855
265 226 711
265 227 45
266 227 79
266 228 150
266 265 764
267 266 531
268 266 479
268 267 541
269 268 1024
270 269 477
271 269 543
271 270 477
272 271 622
273 271 390
273 272 617
274 273 704
275 276 612
276 277 634
277 278 504
277 279 54
277 280 107
277 283 325
278 279 493
279 280 538
280 281 627
280 283 13
281 282 275
281 283 345
282 283 270
283 504 503
283 510 451
284 275 606
284 276 20
284 277 99
285 277 256
285 284 721
286 285 468
287 285 513
287 286 460
288 287 378
289 287 202
289 288 375
290 287 362
290 289 568
290 785 12
290 786 14
291 290 955
291 626 22
291 667 29
292 291 553
293 291 438
293 292 549
294 622 278
294 641 18
294 653 272
294 699 6
294 766 7
294 767 34
295 296 145
295 298 797
296 298 145
297 295 576
298 300 302
298 301 297
298 489 276
298 508 61
299 297 297
300 301 301
301 508 591
302 299 199
303 295 206
303 297 277
303 299 98
303 302 201
304 305 292
305 306 224
305 307 132
305 308 558
305 310 48
306 307 224
307 308 356
308 309 698
308 310 34
308 751 175
309 310 866
310 311 255
310 312 430
310 313 260
311 312 256
312 313 681
313 490 122
313 491 65
313 497 747
314 13 228
315 15 35
316 317 300
317 318 287
318 5 275
319 316 317
320 319 332
321 320 353
322 323 338
323 324 319
324 325 304
325 173 290
326 344 398
327 326 401
328 327 396
329 328 401
330 329 413
331 330 434
332 331 456
333 332 475
334 333 494
335 336 574
336 337 574
337 338 573
338 339 574
339 340 573
340 341 575
341 342 575
342 654 574
343 321 371
344 343 386
345 334 512
346 345 528
347 346 537
348 347 541
349 348 540
350 349 543
351 350 550
352 351 557
353 22 591
354 353 599
355 354 607
356 355 617
357 358 638
358 359 638
359 360 638
360 361 637
361 356 423
361 375 212
362 364 658
363 362 654
364 365 462
364 366 198
365 366 455
366 39 158
366 367 492
367 39 493
368 363 654
369 370 629
369 371 125
370 371 335
370 738 282
371 372 454
371 373 249
372 373 440
373 374 380
373 698 292
374 368 656
375 356 204
376 52 268
376 382 593
377 376 872
378 377 482
378 399 407
379 378 896
380 379 316
380 393 578
381 380 751
382 52 587
383 384 642
383 385 76
383 386 126
384 385 640
385 386 716
386 387 851
387 388 574
387 389 283
388 389 568
389 390 855
390 398 861
391 392 673
392 64 545
392 735 284
392 736 67
393 379 580
394 380 139
394 381 751
395 394 542
396 394 348
396 395 542
397 396 880
398 397 869
399 377 399
400 75 604
400 76 346
401 400 943
402 401 933
403 402 307
403 406 624
404 403 932
405 404 398
405 411 551
406 402 619
407 405 954
408 407 393
408 422 465
409 407 105
409 408 861
410 409 294
410 420 611
410 421 35
411 404 540
412 85 607
412 423 203
413 85 105
413 412 419
413 419 391
414 413 920
415 414 527
416 414 74
416 415 525
417 414 326
417 416 599
418 417 684
419 412 392
420 421 615
421 409 658
422 407 459
423 85 204
424 417 170
424 445 769
425 424 384
425 443 472
425 444 109
426 425 241
426 434 742
427 428 981
428 429 735
428 430 249
429 430 735
430 431 984
431 92 174
431 435 209
431 704 598
432 433 658
433 426 691
434 425 599
434 753 139
435 92 157
435 93 416
435 94 214
436 437 880
437 438 591
437 439 295
438 439 408
438 760 191
439 440 498
439 441 183
439 446 222
440 441 503
441 446 689
442 432 480
443 444 463
444 424 570
445 417 65
445 418 414
445 689 281
446 101 161
446 102 145
446 104 80
446 105 536
447 106 233
447 111 103
447 452 534
448 447 164
448 451 591
449 447 136
449 448 769
450 139 904
451 447 578
452 106 48
452 707 60
452 740 270
452 755 149
453 454 743
453 770 172
454 456 911
455 453 515
455 480 288
456 459 574
456 461 264
456 462 72
457 453 110
457 455 434
457 481 361
458 457 544
459 460 430
459 461 77
459 656 75
460 656 433
461 462 846
462 463 275
462 657 639
463 450 221
463 697 691
464 145 22
464 146 57
464 147 592
464 150 274
465 472 475
465 477 212
465 479 267
466 465 825
466 783 39
467 465 71
467 466 205
467 473 643
468 467 736
468 693 179
469 468 806
470 469 484
470 692 290
471 468 106
471 469 39
471 470 779
472 464 964
473 466 651
474 475 653
475 471 930
476 157 231
476 159 103
476 160 41
476 162 169
476 509 350
477 472 487
478 458 490
479 477 272
480 453 284
481 455 366
482 493 589
482 494 245
483 482 821
483 494 10
484 483 795
484 494 8
485 484 758
486 484 7
486 485 714
486 494 9
486 626 1
487 486 659
487 624 33
487 626 2
488 487 629
488 625 30
488 626 12
489 492 437
489 507 477
490 295 159
490 303 774
491 490 131
491 496 185
491 506 492
492 476 899
493 494 602
494 291 12
494 293 895
494 626 2
495 490 658
496 490 14
496 495 662
497 491 189
497 505 135
497 512 422
498 304 292
498 305 449
499 498 715
500 499 577
500 668 107
501 305 226
501 498 23
501 499 28
501 500 339
501 669 344
502 501 974
503 502 834
503 752 133
504 503 959
505 491 192
505 511 363
506 496 493
507 492 473
508 489 649
509 156 168
509 157 181
510 504 449
511 491 363
512 505 422
513 514 422
514 515 412
515 516 394
516 517 375
517 322 355
518 519 446
519 520 439
520 513 431
521 547 576
522 521 574
523 522 576
524 523 574
525 524 572
526 202 317
526 203 341
527 542 584
528 217 539
529 528 547
530 529 554
531 530 560
532 531 570
533 534 543
534 536 702
535 533 542
535 534 160
536 537 703
537 538 602
537 539 98
538 539 604
539 540 705
540 194 553
540 764 160
541 535 555
541 739 170
542 532 576
543 544 485
543 545 114
544 545 475
545 541 741
546 543 612
546 545 163
547 174 577
548 555 231
548 661 487
548 662 129
549 548 840
550 549 837
551 550 839
552 551 846
553 552 749
554 552 107
554 553 755
555 556 724
555 557 123
556 557 719
557 558 845
558 559 423
558 573 420
559 560 842
560 561 237
560 568 601
561 569 829
562 554 873
563 562 56
563 574 569
564 562 262
564 563 631
565 564 894
566 565 738
567 565 154
567 566 737
568 561 597
569 570 821
570 571 455
570 572 358
571 546 794
572 571 354
573 559 417
574 562 563
575 576 1026
576 577 1031
577 578 295
577 597 647
577 598 91
578 579 1022
579 580 613
579 593 404
580 592 1013
581 219 167
581 225 788
582 581 953
583 582 673
584 582 273
584 583 666
585 584 617
586 584 310
586 585 608
587 586 531
587 733 381
588 590 942
589 588 654
590 587 923
591 588 303
591 589 463
591 759 217
592 591 1003
593 580 400
594 575 841
595 594 528
596 595 308
597 598 643
598 578 728
599 273 135
599 611 760
600 273 80
600 599 892
601 600 967
602 603 145
602 615 286
602 663 327
603 604 782
604 605 703
604 606 222
605 606 75
605 608 268
605 614 363
606 607 946
607 601 270
607 609 516
607 688 163
608 606 636
609 601 26
609 610 654
610 601 661
611 273 69
611 274 697
612 603 51
612 613 521
613 603 520
614 608 363
615 603 27
615 612 576
616 602 766
616 603 25
616 604 132
617 616 934
618 617 389
618 724 226
619 617 327
619 618 621
620 619 957
621 620 853
622 623 685
622 629 4
622 631 31
622 633 33
623 262 748
623 627 6
623 628 9
623 635 47
623 664 38
624 486 37
624 626 2
625 487 31
625 626 4
626 627 163
627 628 167
627 666 16
628 262 193
629 623 24
629 637 250
630 629 150
631 629 8
631 630 109
632 631 24
633 631 20
633 632 18
634 261 196
635 626 25
635 627 13
635 652 330
635 769 37
636 623 27
636 665 30
637 623 30
637 635 202
637 636 49
638 248 6
638 635 6
638 639 76
638 640 11
639 248 39
639 640 50
640 250 6
640 294 11
640 635 12
640 641 44
640 782 31
641 635 10
641 642 36
641 643 15
641 644 60
641 701 3
642 629 79
642 630 6
642 635 15
642 637 13
642 757 41
643 642 110
643 701 7
643 757 8
644 643 40
644 765 25
645 641 50
645 701 5
646 246 9
646 652 27
646 731 108
647 646 8
647 649 122
647 652 16
648 247 6
648 253 335
648 646 3
648 732 5
648 734 126
649 646 2
649 648 138
650 647 125
650 652 13
651 650 75
651 652 121
652 488 594
652 772 15
653 622 279
654 655 571
655 352 566
656 461 506
657 463 30
657 658 358
657 660 250
658 659 172
658 660 192
659 660 175
660 463 316
660 754 299
661 662 483
662 555 611
663 615 326
664 635 18
664 768 28
665 623 39
666 628 17
667 626 26
668 499 107
669 500 344
670 130 193
671 725 122
672 671 139
673 672 156
674 673 174
675 674 191
676 675 202
677 676 208
678 677 213
679 678 217
680 681 133
681 683 82
681 687 76
682 680 13
682 684 41
683 685 143
683 761 60
684 680 54
685 293 51
685 686 54
685 761 56
686 293 15
686 482 2
686 483 6
686 493 6
686 494 10
686 756 69
686 762 85
687 683 92
688 609 162
689 418 281
690 436 299
691 474 366
692 469 285
693 467 49
693 773 127
694 650 33
694 651 67
695 651 18
695 694 2
695 781 37
695 784 7
696 651 46
696 694 1
696 695 50
697 450 470
697 763 213
698 374 285
699 622 148
700 622 6
700 699 84
700 702 24
701 622 3
701 631 6
701 700 65
701 703 9
702 622 8
702 699 24
703 700 11
704 435 589
705 427 337
706 427 121
706 705 337
707 106 471
708 680 11
708 710 50
709 708 40
710 680 23
710 682 42
711 488 5
711 652 6
711 712 213
711 714 32
712 715 231
712 717 34
713 488 6
713 711 43
714 652 5
714 716 32
715 718 30
715 719 249
716 652 3
716 712 29
716 717 5
717 651 4
717 652 10
717 715 21
717 718 6
718 651 7
718 719 4
718 778 32
719 651 9
719 720 313
720 651 7
720 696 6
720 723 280
720 777 37
721 647 7
721 648 322
721 649 5
721 650 5
721 774 39
722 721 320
722 774 6
722 775 24
723 696 9
723 722 295
723 776 35
724 617 226
725 726 106
726 727 89
727 12 69
728 248 3
728 635 7
728 638 91
729 246 101
730 246 14
730 652 9
730 729 85
731 246 7
731 652 9
731 730 103
732 247 112
733 586 377
734 253 124
735 736 282
736 64 348
737 371 196
738 371 65
738 737 207
739 535 158
740 707 415
741 486 13
741 487 8
741 749 44
742 486 9
742 741 7
742 780 44
743 485 7
743 486 7
743 742 50
743 780 2
744 485 6
744 743 56
744 780 4
745 485 7
745 744 62
745 780 9
746 745 50
747 485 8
747 745 15
747 746 44
747 749 128
747 780 11
748 484 7
748 485 5
748 747 193
749 487 6
749 488 2
749 711 199
749 713 39
750 122 186
751 309 176
752 502 134
753 425 132
754 463 302
755 740 148
756 483 1
756 762 79
757 630 7
757 701 28
757 758 27
758 630 5
758 631 6
758 701 22
759 589 209
760 439 193
761 686 145
762 483 7
762 484 8
762 748 107
762 779 68
763 450 212
764 194 159
765 643 50
766 641 6
766 645 44
766 700 4
766 701 1
767 699 2
767 700 4
767 766 39
768 635 43
769 488 6
769 626 4
769 652 36
770 454 170
771 168 71
772 488 21
773 467 126
774 650 1
774 694 5
774 696 50
775 721 36
776 696 5
776 722 31
776 774 3
777 696 8
777 723 38
778 719 44
779 484 7
779 748 74
780 741 47
780 749 52
781 694 10
781 784 39
782 250 28
782 294 14
783 465 40
784 651 13
784 694 47
785 287 25
786 785 13
