stripe -0.1910702 -0.3809868774 0.1036859602 -1
stripe -0.2292879913 -0.3308843194 0.1260280656 -1
stripe -0.2772589289 -0.2887389983 0.1416957841 1
stripe -0.3152442506 -0.267598914 0.1415807415 1
stripe -0.331085433 -0.3484105877 0.09828406805 1
stripe -0.3285524584 -0.1340448785 0.1743711593 -1
stripe -0.4153789151 -0.1757530017 0.1291809382 -1
stripe -0.5223303747 -0.05492102952 0.08042394013 1
stripe -0.2383108313 -0.1685359407 0.1730535325 1
stripe -0.2430468456 -0.09069060612 0.1853385608 -1
stripe -0.318247363 -0.02736897625 0.1864421458 1
stripe -0.3712432037 0.0004031370046 0.1719986672 -1
stripe -0.404869349 0.06687162444 0.1562358762 1
stripe -0.4207166558 0.1017220723 0.1444751257 1
stripe -0.2324051304 0.1236992219 0.1958802867 1
stripe -0.294912627 0.1017666049 0.1885759055 1
stripe -0.2951102741 0.1555644044 0.1816266005 -1
stripe -0.1910111087 0.2240568564 0.1838847861 -1
stripe -0.151023288 0.1575836111 0.1940895719 1
stripe -0.2083594085 0.1492609734 0.1951402584 1
stripe -0.1528126448 0.2682581609 0.1773527702 -1
stripe -0.1780403014 0.2577755851 0.1771674836 -1
stripe -0.2336486702 0.1872386728 0.1884469775 1
stripe -0.2329535683 0.2115184739 0.1829206322 1
stripe -0.2105663254 0.2657094784 0.1708709812 -1
stripe -0.2860126819 0.228422119 0.1697722648 1
stripe -0.2955984498 0.2905836472 0.145174115 1
stripe -0.07961228987 0.1529482681 0.1915057755 -1
stripe -0.111047787 0.1734649055 0.1930172195 -1
stripe -0.04272979746 0.2860826167 0.1733235723 1
stripe -0.09275602239 0.2976805679 0.1703960774 -1
stripe -0.128162407 0.4792060007 0.08055667051 1
stripe 0.03314606011 0.2029905158 0.1880195184 1
stripe 0.002380904703 0.2615653705 0.1787672102 1
stripe 0.002298567793 0.2392157484 0.1828412553 -1
stripe 0.06858278904 0.3755088473 0.1416618588 -1
stripe 0.02083805914 0.4412302592 0.1116333312 -1
stripe 0.3105399603 -0.1316091702 0.1778870734 1
stripe 0.4113121927 -0.21676121 0.1207488799 -1
stripe 0.4390342757 0.1074961154 0.1326383079 -1
stripe 0.2252747606 0.02724937194 0.1961746533 1
stripe 0.2363337747 0.09774439068 0.1959185318 -1
stripe 0.4058428754 0.20093885 0.1272718019 1
stripe 0.3944085116 0.1263965233 0.1548036375 1
stripe 0.1193703677 0.1315852419 0.1931603359 -1
stripe 0.1402746768 0.125019205 0.1945620881 -1
stripe 0.1282675935 0.1147338367 0.1930940806 -1
stripe 0.1344024798 0.1219868149 0.1939383506 1
stripe 0.1313350367 0.1183603258 0.1935162156 -1
stripe 0.1935714079 0.1596234953 0.1940436528 1
stripe 0.2040734735 0.1692532552 0.1925955039 1
stripe 0.2088011376 0.1662128195 0.1929320203 -1
stripe 0.1866164536 0.1808611601 0.1913018462 -1
stripe 0.1913173546 0.1877444228 0.1903088319 -1
stripe 0.1989924365 0.1687107636 0.1927444596 -1
stripe 0.1924577628 0.1687221098 0.1928410077 -1
stripe 0.170753014 0.1419162859 0.1953274794 1
stripe 0.1804741581 0.1439816772 0.1955138808 -1
stripe 0.183313994 0.1426842039 0.1956826477 1
stripe 0.1802558762 0.150588225 0.1951095983 1
stripe 0.2432981093 0.2501471217 0.1708165755 -1
stripe 0.2206715603 0.2563194844 0.1722499461 1
stripe 0.2325318049 0.2370169529 0.176397992 -1
stripe 0.2297963513 0.2442665318 0.1745881975 1
stripe 0.2270999669 0.2503577998 0.1731258839 -1
stripe 0.2371041185 0.2491589418 0.1720255225 -1
stripe 0.1205521412 0.2806514489 0.1752188895 -1
stripe 0.25626408 0.3177890045 0.1428281677 -1
stripe 0.2573098397 0.3155166854 0.143572775 -1
stripe 0.2615414659 0.3186631215 0.1411525992 -1
stripe -0.1002064449 0.4937069106 0.07330341854 -1
stripe 0.4062841485 0.2335636911 0.1145366219 1
stripe -0.1399632326 0.4128488737 0.1203218009 -1
stripe -0.3693264319 0.1192845383 0.1662786212 1
stripe 0.3249450984 0.1706343901 0.1700999848 -1
stripe -0.2048168083 0.08573411654 0.197438797 -1
stripe -0.2315256493 0.003919864781 0.1952787041 1
stripe 0.04323301162 0.275890264 0.1758537984 -1
stripe -0.2772227314 -0.08776870106 0.1861539055 1
stripe 0.2435048918 -0.07688880029 0.1872900072 -1
stripe -0.03477838787 0.1745952775 0.1895807134 -1
stripe -0.0709258401 0.2101640378 0.188291071 1
stripe 0.1508521298 0.1563474595 0.1943248737 -1
stripe 0.159523529 0.175191946 0.1926595137 -1
stripe 0.1616679663 0.1674442363 0.1934243978 -1
stripe 0.156506123 0.165187935 0.1935658815 -1
stripe -0.2339752906 -0.1264179944 0.1807127694 1
stripe 0.1120455447 0.09508902579 0.1916008874 -1
stripe 0.110945683 0.08423407655 0.1906345499 -1
stripe -0.2266856596 0.03411403418 0.1964271888 1
stripe 0.1885546737 0.5229334931 0.03843369118 -1
stripe 0.3245221644 0.496487258 0.008116340459 -1
stripe 0.3327461326 0.4932660684 0.00730173899 -1
stripe 0.3128178704 0.4932030607 0.01307797486 1
stripe 0.4883062858 0.2305948517 0.05999975163 1
stripe 0.2354983324 -0.1795242755 0.1705024628 1
stripe -0.4245846042 0.3086088945 0.06943518653 1
stripe -0.05059775431 0.5137600899 0.06429649517 1
stripe 0.2640835543 0.3390305179 0.1305885787 1
stripe 0.2571142043 0.3343607386 0.1348413763 -1
stripe 0.2694659556 0.3431835616 0.1270507997 1
stripe 0.06921855779 0.3430114165 0.1549655416 -1
stripe -0.2805048836 0.2057374011 0.1768242956 1
stripe 0.2936473315 0.1530812554 0.182584179 1
stripe -0.0122237255 0.2923543956 0.171776441 -1
stripe -0.103033852 0.3128177157 0.1654583722 1
stripe 0.1942058537 0.1540208065 0.19460575 1
stripe 0.1956234978 0.1385792329 0.1960905948 -1
stripe 0.1901558305 0.1422480795 0.1958345929 1
stripe 0.2119468941 0.1962212259 0.1879913866 1
stripe 0.2046901161 0.1947971517 0.1885713696 -1
stripe 0.1962362683 0.1885581752 0.1900014098 1
stripe 0.1974333382 0.1933730775 0.1891513526 1
stripe 0.2101512893 0.1889988724 0.1892664725 -1
stripe 0.2091702552 0.178883045 0.190979378 -1
stripe 0.07571902615 0.2495782803 0.1822910831 1
stripe 0.1101365839 0.2407152678 0.1845084264 1
stripe -0.1843854726 0.05292966038 0.1960584838 -1
stripe -0.07076016496 0.1835005402 0.1910121996 -1
stripe -0.22800308 0.2872250918 0.1611320513 -1
stripe 0.3600939208 0.4800104554 0.004437604957 -1
stripe 0.3375806982 0.4970538709 0.004034186325 1
stripe 0.3524045466 0.4788150731 0.007664954018 1
stripe 0.3244287285 0.3888989091 0.08201440424 -1
stripe 0.3285858861 0.3936049454 0.07718237396 -1
stripe 0.3027102699 0.3898318186 0.09080627002 1
stripe 0.3064248649 0.3858343549 0.09177690837 1
stripe 0.3168020298 0.371607041 0.09646127326 -1
stripe 0.3191018899 0.3783118091 0.09114392381 -1
stripe 0.3202715709 0.3841928728 0.08684643451 1
stripe 0.3940391205 -0.07566041903 0.1627305883 1
stripe -0.09455558532 0.4093648257 0.1247130648 -1
stripe -3.439407254e-05 0.4659055887 0.09882715422 1
stripe 0.281634825 0.08373696295 0.1923023065 -1
stripe 0.3311648623 0.1024451236 0.1804379454 -1
stripe 0.1768762575 0.03370929323 0.1923412488 1
stripe 0.2793058629 0.2659505904 0.15975201 -1
stripe 0.2770637752 0.2607434541 0.1621370579 1
stripe -0.2501610343 0.2437424324 0.1717812766 -1
stripe -0.2482955816 -0.2335112753 0.1572519491 1
stripe -0.06443763524 0.2889599229 0.1726953086 1
stripe -0.06497136689 0.2750469198 0.1763192577 -1
stripe 0.2642714614 0.04549898106 0.1959451409 -1
stripe 0.03692541287 0.1624292387 0.1903296948 1
stripe 0.02900219854 0.224389455 0.1856073566 -1
stripe 0.2935403523 -0.1727087203 0.1709100517 -1
stripe 0.286195462 -0.1994378148 0.164739076 1
stripe 0.2265054366 -0.1439236996 0.1756474509 -1
stripe -0.1254860323 0.5265355806 0.04477216412 -1
stripe -0.1464786068 0.2420091824 0.1831295329 1
stripe -0.3941544059 0.2489264514 0.1157416527 1
stripe 0.07719679123 0.5096900948 0.06382352059 -1
stripe -0.5497655893 -0.01453807031 0.05740556912 -1
stripe -0.4211077529 -0.03305764581 0.1516915914 -1
stripe -0.09825473371 0.4495661346 0.1017313594 -1
stripe 0.343232605 -0.1307827217 0.1716119101 -1
stripe -0.3716240053 -0.3788717476 0.06179419238 -1
stripe 0.1268440947 0.4277817955 0.1128124483 -1
stripe -0.3220894914 -0.06654043658 0.1830733096 1
stripe 0.1378205784 0.2210789975 0.1874117798 1
stripe 0.1717238168 0.2945685846 0.1676077994 1
stripe -0.3074231725 0.06397161222 0.1904761599 1
stripe 0.2735338838 0.2548852951 0.164912777 1
stripe 0.2635231198 0.2391291155 0.1712343255 -1
stripe 0.2706736655 0.2503835295 0.1667189337 -1
stripe 0.2665256436 0.2452307412 0.1689157616 1
stripe 0.2023330281 0.08600049932 0.1973929958 -1
stripe 0.1890650863 0.07505586836 0.197426379 1
stripe 0.3098460715 0.4305461111 0.05887381756 1
stripe 0.3098167349 0.4372245825 0.05392991262 -1
stripe 0.3118635565 0.4331875915 0.05593447201 -1
stripe 0.3206255492 0.4401816924 0.04649324459 1
stripe 0.315849632 0.449601338 0.04181593936 -1
stripe 0.3117755465 0.4532230056 0.04110275721 1
stripe 0.3124773781 0.4474250277 0.0450668803 1
stripe 0.311814662 0.4443183771 0.04769463046 -1
stripe 0.3118342198 0.4398660629 0.05099056708 1
stripe -0.2405556894 0.3642521209 0.1260579058 1
stripe 0.3887540698 -0.1903117759 0.1388720919 1
stripe 0.3216727326 -0.2320793867 0.1508894177 -1
stripe 0.2221228611 -0.2498509164 0.1492005021 -1
stripe 0.260037103 -0.2378096407 0.1560343327 -1
stripe 0.4958921633 -0.04010414507 0.1050109292 -1
stripe -0.1701523801 0.3007014748 0.165867464 1
stripe -0.069056085 0.2384606289 0.1837586823 -1
stripe -0.3636958668 0.2686617092 0.125419125 1
stripe 0.2740027492 0.123442458 0.190109572 -1
stripe 0.2654297414 0.1884701314 0.1833077936 -1
stripe 0.2550406866 -0.2214924132 0.1603170879 -1
stripe 0.1614432667 0.3615579065 0.1437037615 1
stripe 0.2843597668 0.05385517732 0.1938104831 1
stripe 0.2794606847 0.3562397075 0.1179000521 -1
stripe 0.1928691882 0.3649495927 0.1375191327 -1
stripe 0.3013082811 -0.01973621147 0.1898579784 1
stripe 0.04287726805 0.2408995827 0.1828819004 -1
stripe -0.1842572031 0.116087153 0.1970324264 -1
stripe -0.3453978101 -0.1522741013 0.1655456747 -1
stripe 0.2040599796 -0.005274076015 0.1920583683 -1
stripe 0.02314190114 0.527908052 0.05650899939 1
stripe -0.2172743076 0.4822913669 0.06342322969 -1
stripe -0.09596372611 0.3826772111 0.1379062198 1
stripe 0.2176605494 0.3944513686 0.1171245909 1
stripe 0.1915851527 0.448590273 0.09396360395 1
stripe -0.3743842753 0.1524710394 0.1563773981 1
stripe 0.4334989444 0.2730564469 0.08075538542 1
stripe -0.06561257093 0.3152418689 0.1649796997 -1
stripe 0.3150311112 0.4663490715 0.02966621557 -1
stripe 0.3228423595 0.4664709115 0.02572062503 -1
stripe 0.3080346436 0.4853924947 0.01904863495 -1
stripe 0.3120322228 0.4713141782 0.0274777781 1
stripe 0.3096585721 0.4789739748 0.02298965185 -1
stripe 0.3105327785 0.4737967315 0.02638355937 1
stripe -0.2607233295 0.1572376496 0.1890433657 1
stripe 0.4017006711 0.2877326117 0.09620186904 -1
stripe 0.04298888141 0.3376306227 0.1576513673 1
stripe 0.2766948547 0.1448692177 0.1870355457 1
stripe -0.3168864586 0.03746439951 0.1894342353 -1
stripe 0.2754916027 -0.07445154929 0.1880343724 -1
stripe 0.307308405 0.2143617927 0.1670335267 1
stripe -0.313906284 -0.06146253653 0.1847286796 1
stripe -0.2903493605 -0.06910708391 0.1879547455 -1
stripe 0.09182404618 0.2761309346 0.1761840911 1
stripe 0.08551576431 0.261946328 0.1796073408 1
stripe 0.3225301604 0.2259618758 0.1579314964 -1
stripe 0.2018770128 0.2224402248 0.1835789848 -1
stripe 0.2012101523 0.2129248011 0.1853741063 1
stripe 0.202262219 0.217462594 0.1844861033 1
stripe 0.199946845 0.1975172174 0.1882887892 -1
stripe 0.1990356054 0.2002259518 0.1878256723 -1
stripe 0.2000876721 0.2047637447 0.1869376692 1
stripe 0.2011397388 0.2093015375 0.1860496662 -1
stripe -0.1345906937 0.1689550911 0.1934582383 1
stripe 0.3489248722 0.4624534753 0.01713336546 -1
stripe 0.3518050437 0.4716206677 0.01138698348 1
stripe -0.2039495846 0.4265955692 0.1034850065 -1
stripe 0.0679857668 0.5336462893 0.04669615401 1
stripe -0.4182242751 0.02616261108 0.1503901888 -1
stripe -0.2853187384 0.4371363347 0.06560090541 1
stripe 0.1407042109 0.4538975724 0.09585729241 1
stripe -0.5025617468 0.1323530081 0.0804035766 -1
stripe 0.3140520583 -0.03796806823 0.1864156617 1
stripe 0.3307168323 -0.06652186594 0.1815358549 1
stripe 0.2416398475 0.004045058973 0.1957563125 1
stripe -0.1204042643 0.2302731654 0.1861045397 1
stripe -0.3185107857 0.09318773604 0.1853861541 -1
stripe 0.2179208593 0.265214545 0.1699039923 -1
stripe 0.2227599854 0.2730264937 0.1667028914 -1
stripe 0.2337294938 0.2863976893 0.1608258743 -1
stripe 0.2300458327 0.2833425204 0.16234306 -1
stripe 0.2326826621 0.2760333245 0.1642770699 1
stripe 0.2264164882 0.2774835589 0.1647438857 -1
stripe 0.2199230201 0.23096505 0.1795575197 1
stripe 0.2286465286 0.2157910308 0.1824746855 -1
stripe 0.227905574 0.2095880369 0.1841384822 1
stripe 0.2214312752 0.2141902773 0.1836726352 -1
stripe 0.2236258189 0.2090411177 0.1847463322 -1
stripe 0.2645098654 0.2968484666 0.1500155509 -1
stripe 0.2613725861 0.3036654237 0.147781729 -1
stripe 0.2581204126 0.309079919 0.146178587 -1
stripe 0.257189547 0.3127546999 0.1448032999 -1
stripe 0.2561437872 0.315027019 0.1440586925 1
stripe 0.2473298448 0.3127012476 0.1470452795 1
stripe 0.2525469313 0.3162341285 0.14434759 -1
stripe 0.2422393647 0.2956763524 0.1555330151 1
stripe 0.2403776335 0.3030259144 0.1527824408 -1
stripe 0.2349307587 0.2966881096 0.15674149 -1
stripe 0.2432734122 0.3082985096 0.1498568965 -1
stripe -0.06171921547 0.3723748016 0.1432723686 -1
stripe -0.2023942753 -0.001114164363 0.1924770145 1
stripe 0.290831197 0.02212824156 0.1938357148 1
stripe 0.02922209704 0.3211832034 0.1633250338 1
stripe 0.2744838639 0.1673505968 0.184991754 -1
stripe 0.02097282741 0.3770469514 0.1426247616 1
stripe -0.392581379 -0.2231856743 0.128935396 1
stripe -0.3930922051 -0.2785817894 0.1065716365 -1
stripe 0.03795500205 0.1802574936 0.1895151939 1
stripe -0.3190304463 -0.1012695363 0.1810336771 1
stripe -0.2817403823 -0.1212212755 0.1822979624 -1
stripe 0.1436385056 0.3040820118 0.1682672494 -1
stripe -0.2667715847 0.01340913664 0.1966427503 1
stripe -0.2351768563 -0.2518834161 0.1514645082 -1
stripe 0.2320396466 0.2125330679 0.1828951451 -1
stripe 0.2488873101 0.2182114357 0.1793951892 -1
stripe 0.2522257619 0.220376092 0.1784380268 -1
stripe 0.2584086958 0.2205700753 0.1776328997 -1
stripe 0.2369238318 0.21474622 0.1817367008 -1
stripe 0.2446524991 0.2149886992 0.1807302919 -1
stripe 0.2415610322 0.2148917075 0.1811328555 -1
stripe 0.2400152987 0.2148432117 0.1813341373 -1
stripe 0.2440031248 0.2159982836 0.1805536334 1
stripe 0.2464452174 0.2171048597 0.1799744113 -1
stripe 0.1676099847 0.1515132512 0.1947705646 -1
stripe 0.1537233858 0.1373005748 0.1952720818 1
stripe 0.1575925251 0.1419955504 0.1950982778 -1
stripe 0.1602577356 0.1459833154 0.1949436187 1
stripe 0.2839368333 0.2698253083 0.1571728864 -1
stripe 0.2952966901 0.2809176532 0.1495068086 1
stripe 0.2896498857 0.2746491985 0.1536497784 -1
stripe 0.3430260333 0.2434826195 0.1441401135 -1
stripe -0.3238552548 0.008647071916 0.1872468274 -1
stripe -0.3424285427 0.01614453269 0.1829838511 -1
stripe -0.4621203647 -0.2647981718 0.0685537563 1
stripe -0.5045580516 0.2062938151 0.05975414789 -1
stripe -0.4888070841 -0.04861825485 0.109992787 -1
stripe -0.2915270347 0.3636315937 0.1096458764 1
stripe 0.4754131325 -0.2394778517 0.07111325891 -1
stripe 0.236040997 0.2902411005 0.1590124328 1
stripe 0.1273694203 0.477503327 0.08217435175 1
stripe 0.1486896252 0.4836405323 0.07518882646 -1
stripe 0.2986506255 0.001821112994 0.1923129049 -1
stripe 0.05190906348 0.4649492484 0.09607631853 -1
stripe 0.06776541542 0.4668547008 0.09373091487 1
stripe 0.08668873459 0.4362894793 0.1106061612 -1
stripe 0.2066411643 -0.3549837979 0.1142636882 1
stripe -0.01754808977 0.4420412344 0.1118022579 1
stripe -0.007327556843 0.3411972424 0.1564879461 -1
stripe -0.1183646377 0.2926880518 0.1716288868 -1
stripe -0.1256915312 0.2602568319 0.1802643836 -1
stripe -0.1330167959 0.27530055 0.1765828002 1
stripe -0.3514582739 0.2406336234 0.1411294394 -1
stripe 0.1648744677 0.1730003441 0.1928709947 1
stripe -0.01820647483 0.4062684178 0.1294418704 1
stripe -0.2720385815 0.3210898464 0.1373966554 -1
stripe 0.2509658809 -0.2880711295 0.1416673549 -1
stripe 0.2511132241 -0.3105445846 0.1338303913 1
stripe 0.2549180419 -0.3286559327 0.126186539 1
stripe -0.1354126136 0.3321516315 0.1578839024 1
stripe 0.02260221124 0.2883840042 0.1728409911 -1
stripe -0.1837265284 0.1954135668 0.189710202 -1
stripe -0.3699720316 -0.0918460094 0.1709299578 -1
stripe -0.130576169 0.1467325359 0.1933694811 -1
stripe 0.2464099862 0.06886514036 0.1960580576 1
stripe 0.1244247301 0.1347160951 0.1935422117 -1
stripe 0.1508829844 0.1335534261 0.1953661718 1
stripe 0.1449696093 0.1336955686 0.1949605824 1
stripe 0.1423638024 0.1503486227 0.1944911514 -1
stripe 0.137805791 0.1346577884 0.194455384 -1
stripe 0.1340194879 0.1421223202 0.194066486 1
stripe 0.1250101962 0.1068001101 0.1924934049 1
stripe 0.1224088201 0.1056407485 0.1923862587 -1
stripe 0.1160536588 0.1176774664 0.1924335839 1
stripe 0.1133336596 0.1045700074 0.1920742852 -1
stripe 0.1159646915 0.1087163934 0.1922444695 -1
stripe 0.1056333265 0.111546508 0.1919734801 1
stripe 0.1133929712 0.1105440562 0.1922003614 1
stripe 0.3517608146 0.269054737 0.1324772201 -1
stripe -0.4569658326 -0.05969223217 0.1313368749 1
stripe -0.2778488168 0.09074650131 0.1922191177 -1
stripe -0.2272104385 0.2299060207 0.1789725932 1
stripe 0.3858075557 0.3859970141 0.0551635654 1
stripe -0.1482783587 0.3679376449 0.1424361548 -1
stripe 0.1359309585 0.2946986935 0.1717022884 -1
stripe 0.1204964913 0.2876168682 0.1733916889 -1
stripe -0.3498498015 0.3137269802 0.1162317706 1
stripe 0.1472077224 0.5060624728 0.05823823329 1
stripe -0.03914663858 0.4678635628 0.09533546229 -1
stripe 0.08677728226 0.4067524603 0.1263657397 1
stripe 0.2720783508 0.2933452949 0.1497213235 -1
stripe -0.3632763046 -0.2403906866 0.1373227015 -1
stripe -0.3958797157 0.3358706167 0.07791802365 -1
stripe -0.2443426571 0.4388328505 0.08197679634 -1
stripe -0.01967306717 0.2237861138 0.18554753 -1
stripe -0.02356713729 0.2019936632 0.188215094 -1
stripe 0.1465647211 0.3340791439 0.1563987067 -1
stripe -0.4542515259 0.1504158579 0.1167435184 -1
stripe -0.2462003014 0.1744273218 0.1897291069 1
stripe 0.3627515665 -0.1671068951 0.1561020545 -1
stripe -0.3069280622 -0.1937490683 0.163811896 1
stripe 0.1672287869 0.08256405763 0.1957648719 1
stripe -0.4422538045 0.247203691 0.08696549014 -1
stripe 0.2895920643 0.354801982 0.11531355 1
stripe 0.292898067 0.3502088065 0.1168021337 1
stripe 0.3072144755 0.3398529434 0.1178134023 -1
stripe 0.3110504722 0.3553802644 0.1076517012 -1
stripe 0.3088584741 0.3465075096 0.1134583876 1
stripe -0.1251838518 0.1073234193 0.1925658286 1
stripe -0.2827789243 -0.2146394895 0.1609107563 1
stripe -0.2901408672 0.108577632 0.1887052655 -1
stripe -0.1299501262 0.207702745 0.1897595581 -1
stripe -0.1501953802 0.2050797328 0.1896838974 1
stripe -0.3483615828 0.07889540711 0.1792124038 1
stripe -0.3431511447 0.2189317383 0.1512149007 1
stripe 0.006010377701 0.3156547472 0.1649798453 1
stripe -0.179939108 0.4994575704 0.0591000577 1
stripe -0.1803718439 0.3982553768 0.1243382462 1
stripe 0.499974447 0.1305140604 0.08277691777 -1
stripe -0.2480029433 0.3190521896 0.1442848506 1
stripe 0.3012888959 0.3940681268 0.08861112408 -1
stripe 0.3040302837 0.4024348991 0.08159848116 1
stripe 0.3058424754 0.3959543804 0.0853468962 -1
stripe 0.3061130507 0.3981932836 0.08366838098 -1
stripe 0.3060774157 0.4122155433 0.07389587164 -1
stripe 0.3061948859 0.4203461247 0.06817035936 1
stripe 0.3089719086 0.4146906374 0.07093022577 -1
stripe 0.3066185663 0.4166933497 0.07053884119 -1
stripe 0.3052656899 0.4054988337 0.07893141732 1
stripe 0.3048420095 0.4091516087 0.07656293548 -1
stripe 0.3007711762 0.3867354021 0.09354926646 -1
stripe 0.2944463616 0.3769926801 0.1011864934 1
stripe 0.3001989375 0.3829381038 0.09587705182 -1
stripe 0.2980906659 0.3796905298 0.09842279414 1
stripe 0.2917658513 0.3699478079 0.1060600211 1
stripe 0.2899788444 0.3652512263 0.1093090396 1
stripe 0.2900491351 0.358555913 0.1130433772 1
stripe 0.2894066057 0.361453928 0.1116368249 1
stripe 0.3165933502 0.3663985245 0.09954164829 1
stripe 0.2938741228 0.3731953818 0.1035142788 1
stripe 0.1426624716 0.3715406657 0.1413100371 1
stripe 0.3507362492 0.4396314515 0.03195998154 1
stripe 0.3513497244 0.4537922448 0.02102555358 -1
stripe 0.1052693755 -0.5466521358 0.02519895773 1
stripe 0.2654032356 -0.1122039797 0.1833222809 1
stripe 0.2477569046 -0.1209288409 0.1816325622 -1
stripe -0.2794063116 -0.2456046809 0.1534787534 1
stripe 0.1480861666 0.4258608122 0.1123516975 1
stripe -0.3457673924 -0.225875305 0.1470390831 -1
stripe -0.08705569283 0.37606599 0.1410639736 1
stripe -0.06866711316 0.4736732207 0.0895056113 -1
stripe -0.165487292 0.08807464037 0.1963746728 1
stripe 0.3672796401 0.3145599886 0.1060405611 1
stripe -0.1886371536 0.3578460266 0.1416900654 1
stripe -0.194564977 0.3233713383 0.1546415413 1
stripe -0.2164885302 0.2513018918 0.1739644504 -1
stripe -0.1963179863 0.2511765839 0.1769116052 1
stripe 0.4334615333 -0.001259421871 0.1433201372 1
stripe 0.4314118661 -0.07038641845 0.1459771016 1
stripe 0.340095556 0.02120082662 0.1833696515 1
stripe 0.3707904387 -0.0620739796 0.1715938589 1
stripe 0.1579601165 0.2986559818 0.1684431269 -1
stripe 0.4580124939 0.03967090547 0.1258189131 -1
stripe -0.2297545001 0.4590044468 0.07487122404 1
stripe -0.3805059964 0.3690003678 0.06837360677 1
stripe 0.3414007773 0.4235271358 0.04892077382 -1
stripe 0.3525791404 0.4182963719 0.0473629261 -1
stripe 0.3400398555 0.4163607384 0.05506314182 1
stripe 0.3448138411 0.4197904455 0.0500773134 1
stripe -0.1054588485 0.3428269308 0.1544398396 -1
stripe 0.1997460316 0.5065973016 0.04949307341 -1
stripe 0.3104814055 0.3294170959 0.122559639 1
stripe 0.3054815283 0.3322544179 0.1225645553 1
stripe 0.3014959035 0.3314232348 0.1241417119 1
stripe 0.2893290402 0.331213907 0.1277721219 -1
stripe 0.2875462168 0.3285140941 0.12966176 1
stripe 0.2911118635 0.3339137199 0.1258824837 1
stripe 0.2973002897 0.3328762731 0.1246178087 1
stripe 0.2939089394 0.3329450277 0.1255650859 1
stripe -0.2106983 -0.03706719964 0.1901428231 -1
stripe 0.4576296465 -0.2783581875 0.06335102371 1
stripe -0.09616949036 0.4288059498 0.1142256555 1
stripe 0.04017075136 0.2863763248 0.1733046108 -1
stripe 0.06002555935 0.2765374439 0.1759096179 1
stripe 0.3679417788 -0.3218334187 0.09626328992 1
stripe 0.3411872337 -0.3177931458 0.1108479984 -1
stripe 0.479035524 0.09423717779 0.104985167 1
stripe 0.5312112408 0.04419148325 0.0676135784 1
stripe 0.2962850308 -0.053224505 0.1886472224 1
stripe 0.3029101839 -0.09641435866 0.1843636384 -1
stripe 0.3035206248 -0.081600739 0.185414159 -1
stripe 0.2593915885 0.2328186498 0.1737806859 -1
stripe 0.2408275337 0.2430560558 0.1733435287 1
stripe 0.2373146961 0.2396719981 0.174888858 -1
stripe 0.2438371119 0.2354099636 0.175245958 1
stripe 0.2404500892 0.2347834433 0.1759293477 1
stripe -0.2776302745 0.1317039307 0.1883903798 -1
stripe -0.3271277522 -0.1728757117 0.1646190078 -1
stripe -0.2792217943 0.2769990253 0.1547653209 -1
stripe 0.27876431 0.1093778263 0.1907604784 -1
stripe 0.2660019578 0.1012870151 0.1930752313 1
stripe -0.2493667391 -0.3034769868 0.1364825629 1
stripe -0.250018547 -0.2903545169 0.1405593129 1
stripe -0.263830211 0.04813394928 0.1956258708 -1
stripe -0.2559431195 0.06538466737 0.1961114282 1
stripe -0.4309090053 -0.2623505496 0.09213856577 1
stripe 0.008751581501 0.4163366749 0.1246414628 1
stripe 0.3723278524 0.1064003855 0.1677617704 1
stripe 0.3911158728 0.05627455601 0.1633713428 -1
stripe 0.3486920235 0.4308484165 0.03969672671 1
stripe -0.06149092363 -0.5619944334 0.02023993106 -1
stripe -0.463796438 -0.001963921764 0.1252471306 -1
stripe 0.2744957668 0.3436849254 0.1254515604 1
stripe 0.276393493 0.3455030794 0.1240401802 1
stripe 0.2534107895 0.3259694526 0.1398756833 1
stripe 0.2819362457 0.3226454941 0.134166558 -1
stripe 0.2822888357 0.3262971739 0.1322280181 -1
stripe -0.1570488426 0.4497630627 0.09708703139 -1
stripe -0.3253529177 0.4283225729 0.05315266348 1
stripe 0.3069053292 0.4258878057 0.06381911816 1
stripe 0.3109598569 0.4267184523 0.06123636368 1
stripe 0.3355423082 0.4143607591 0.05881054684 -1
stripe 0.3338411227 0.4115274002 0.0617846859 1
stripe 0.3304387517 0.4058606823 0.06773296402 1
stripe 0.3125681536 0.4560587406 0.03858954995 1
stripe 0.3164306345 0.4638298601 0.03085287567 1
stripe 0.3142183132 0.461594753 0.03362040687 1
stripe 0.314780475 0.4582938477 0.03582201875 -1
stripe -0.05501756313 0.5350742266 0.0472049332 -1
stripe 0.3408830352 0.06514825377 0.1827889681 1
stripe -0.07125505929 0.5794227508 0.0139831646 -1
stripe 0.07157145363 0.1256933026 0.1910670477 1
stripe 0.07412427276 0.1191782998 0.191118566 1
