# Three-region face assignment
# Total faces: 634

REGION_0 232
0
2
4
5
7
9
13
14
15
18
19
20
21
22
23
24
25
26
28
29
30
32
33
34
35
37
39
42
43
44
46
49
50
55
60
61
62
63
64
65
67
68
70
71
72
73
75
76
78
80
81
82
83
84
85
87
92
94
98
99
100
101
102
103
104
105
107
108
109
110
111
112
113
114
115
116
117
119
127
132
133
134
136
137
138
139
140
141
143
144
145
146
147
148
151
152
153
154
157
159
160
161
163
164
165
166
167
168
169
170
171
172
173
174
175
176
177
178
180
185
186
190
191
192
193
194
198
199
200
201
202
203
204
207
209
210
211
215
216
217
218
219
220
221
222
223
224
225
226
227
228
230
231
233
240
241
242
243
244
246
248
249
250
251
252
253
254
255
256
257
258
259
260
261
263
264
265
266
267
268
269
270
271
272
273
274
275
276
277
278
279
280
281
283
285
286
287
288
289
291
293
294
295
298
301
302
304
306
309
311
313
315
326
387
421
422
424
456
457
480
482
509
541
548
559
568
588
593
603
610
619
621

REGION_1 173
317
319
321
322
330
331
335
336
337
338
340
341
342
343
345
349
350
351
352
354
356
359
360
361
363
364
367
372
377
379
380
381
382
384
385
388
389
393
395
397
398
399
400
401
402
404
411
415
416
417
418
419
420
425
427
428
429
430
433
449
450
451
452
453
454
455
458
460
461
463
464
465
469
470
471
477
478
481
483
484
486
487
488
489
490
491
494
497
502
503
507
508
510
511
513
515
516
518
519
520
521
524
525
526
527
528
530
532
533
534
535
536
537
538
539
540
542
543
544
545
547
550
551
558
560
561
563
565
566
567
569
570
571
572
573
574
575
576
577
578
579
580
581
582
583
584
585
586
587
591
592
594
595
596
597
598
599
600
602
604
605
606
608
611
612
613
614
615
618
623
626
628
632

REGION_2 229
1
3
6
8
10
11
12
16
17
27
31
36
38
40
41
45
47
48
51
52
53
54
56
57
58
59
66
69
74
77
79
86
88
89
90
91
93
95
96
97
106
118
120
121
122
123
124
125
126
128
129
130
131
135
142
149
150
155
156
158
162
179
181
182
183
184
187
188
189
195
196
197
205
206
208
212
213
214
229
232
234
235
236
237
238
239
245
247
262
282
284
290
292
296
297
299
300
303
305
307
308
310
312
314
316
318
320
323
324
325
327
328
329
332
333
334
339
344
346
347
348
353
355
357
358
362
365
366
368
369
370
371
373
374
375
376
378
383
386
390
391
392
394
396
403
405
406
407
408
409
410
412
413
414
423
426
431
432
434
435
436
437
438
439
440
441
442
443
444
445
446
447
448
459
462
466
467
468
472
473
474
475
476
479
485
492
493
495
496
498
499
500
501
504
505
506
512
514
517
522
523
529
531
546
549
552
553
554
555
556
557
562
564
589
590
601
607
609
616
617
620
622
624
625
627
629
630
631
633

