# Three-region face assignment
# Total faces: 634

REGION_0 175
0
2
4
5
9
13
21
23
24
25
28
32
33
34
42
43
44
49
50
55
62
63
65
66
67
68
70
71
75
76
78
80
81
82
83
84
87
92
99
100
101
102
103
104
105
107
108
109
110
112
113
114
117
119
132
133
134
136
137
139
140
141
143
144
145
148
151
153
157
160
161
163
164
165
166
167
170
171
172
174
175
176
182
186
190
191
192
193
194
198
199
200
202
203
204
215
216
217
218
219
222
223
224
226
227
228
230
231
233
242
243
244
246
248
249
250
251
252
253
254
255
256
260
261
263
264
265
266
267
268
269
270
271
272
273
274
275
276
277
278
279
280
281
283
285
286
287
288
289
291
293
294
298
302
304
326
387
421
422
424
456
457
480
482
509
541
548
559
568
588
593
603
610
619
621

REGION_1 112
317
321
322
330
340
341
349
350
359
360
361
367
372
379
380
382
384
385
388
395
397
398
399
400
401
404
416
417
418
419
420
425
427
430
436
449
450
451
452
453
454
460
461
468
470
477
478
481
484
486
487
488
489
503
507
508
510
511
515
517
520
521
533
534
535
536
539
540
543
544
545
547
550
551
560
561
563
565
566
567
569
570
571
572
573
575
577
578
579
580
581
582
583
584
585
586
587
591
592
594
595
596
597
598
600
602
604
605
606
608
611
615

REGION_2 347
1
3
6
7
8
10
11
12
14
15
16
17
18
19
20
22
26
27
29
30
31
35
36
37
38
39
40
41
45
46
47
48
51
52
53
54
56
57
58
59
60
61
64
69
72
73
74
77
79
85
86
88
89
90
91
93
94
95
96
97
98
106
111
115
116
118
120
121
122
123
124
125
126
127
128
129
130
131
135
138
142
146
147
149
150
152
154
155
156
158
159
162
168
169
173
177
178
179
180
181
183
184
185
187
188
189
195
196
197
201
205
206
207
208
209
210
211
212
213
214
220
221
225
229
232
234
235
236
237
238
239
240
241
245
247
257
258
259
262
282
284
290
292
295
296
297
299
300
301
303
305
306
307
308
309
310
311
312
313
314
315
316
318
319
320
323
324
325
327
328
329
331
332
333
334
335
336
337
338
339
342
343
344
345
346
347
348
351
352
353
354
355
356
357
358
362
363
364
365
366
368
369
370
371
373
374
375
376
377
378
381
383
386
389
390
391
392
393
394
396
402
403
405
406
407
408
409
410
411
412
413
414
415
423
426
428
429
431
432
433
434
435
437
438
439
440
441
442
443
444
445
446
447
448
455
458
459
462
463
464
465
466
467
469
471
472
473
474
475
476
479
483
485
490
491
492
493
494
495
496
497
498
499
500
501
502
504
505
506
512
513
514
516
518
519
522
523
524
525
526
527
528
529
530
531
532
537
538
542
546
549
552
553
554
555
556
557
558
562
564
574
576
589
590
599
601
607
609
612
613
614
616
617
618
620
622
623
624
625
626
627
628
629
630
631
632
633

