# Three-region face assignment
# Total faces: 634

REGION_0 135
0
4
5
13
14
18
19
20
23
24
25
32
33
35
39
42
43
44
46
50
62
63
64
67
68
72
80
82
83
84
85
87
92
97
99
100
101
102
103
109
110
111
132
133
134
135
136
137
138
141
143
144
145
146
151
152
157
160
164
166
167
168
170
171
172
173
177
178
180
190
191
192
193
194
199
200
201
203
207
212
216
217
218
219
220
221
222
225
227
229
230
241
243
244
245
248
252
253
254
255
256
257
258
259
262
263
265
266
267
268
269
270
272
274
275
277
279
281
283
287
288
291
294
298
304
326
421
422
457
509
548
593
603
610
621

REGION_1 135
317
321
330
331
336
338
340
341
342
349
350
354
356
359
360
361
362
363
367
379
380
381
382
383
384
385
388
389
397
398
399
400
401
402
404
409
415
416
417
418
419
420
425
426
428
449
450
451
452
453
454
455
458
460
461
462
463
465
468
469
470
471
474
477
481
483
484
486
487
488
489
490
503
507
508
510
511
513
516
517
518
520
521
533
534
535
537
538
539
542
543
544
546
547
550
558
560
561
562
563
564
565
567
569
570
571
572
573
574
575
576
577
578
579
580
582
583
584
585
586
587
589
590
591
592
594
596
598
600
602
604
605
608
611
615

REGION_2 364
1
2
3
6
7
8
9
10
11
12
15
16
17
21
22
26
27
28
29
30
31
34
36
37
38
40
41
45
47
48
49
51
52
53
54
55
56
57
58
59
60
61
65
66
69
70
71
73
74
75
76
77
78
79
81
86
88
89
90
91
93
94
95
96
98
104
105
106
107
108
112
113
114
115
116
117
118
119
120
121
122
123
124
125
126
127
128
129
130
131
139
140
142
147
148
149
150
153
154
155
156
158
159
161
162
163
165
169
174
175
176
179
181
182
183
184
185
186
187
188
189
195
196
197
198
202
204
205
206
208
209
210
211
213
214
215
223
224
226
228
231
232
233
234
235
236
237
238
239
240
242
246
247
249
250
251
260
261
264
271
273
276
278
280
282
284
285
286
289
290
292
293
295
296
297
299
300
301
302
303
305
306
307
308
309
310
311
312
313
314
315
316
318
319
320
322
323
324
325
327
328
329
332
333
334
335
337
339
343
344
345
346
347
348
351
352
353
355
357
358
364
365
366
368
369
370
371
372
373
374
375
376
377
378
386
387
390
391
392
393
394
395
396
403
405
406
407
408
410
411
412
413
414
423
424
427
429
430
431
432
433
434
435
436
437
438
439
440
441
442
443
444
445
446
447
448
456
459
464
466
467
472
473
475
476
478
479
480
482
485
491
492
493
494
495
496
497
498
499
500
501
502
504
505
506
512
514
515
519
522
523
524
525
526
527
528
529
530
531
532
536
540
541
545
549
551
552
553
554
555
556
557
559
566
568
581
588
595
597
599
601
606
607
609
612
613
614
616
617
618
619
620
622
623
624
625
626
627
628
629
630
631
632
633

