# Three-region face assignment
# Total faces: 634

REGION_0 176
0
4
5
9
11
13
21
23
24
25
32
33
34
38
43
44
49
50
52
55
63
65
66
67
68
70
71
75
78
80
81
82
83
84
86
87
92
97
99
100
102
103
104
105
107
108
109
110
112
113
114
117
119
122
126
132
133
134
136
139
140
141
143
144
145
151
153
155
157
160
161
163
164
165
166
167
170
171
172
174
175
176
178
186
190
191
192
193
194
200
202
203
204
212
215
216
217
218
219
222
223
224
226
227
228
229
230
231
233
242
243
244
246
248
249
250
251
252
253
254
255
256
260
261
262
263
264
265
266
267
268
269
270
271
272
273
274
275
276
277
278
279
280
281
283
285
286
287
288
289
291
293
294
298
302
304
326
387
421
422
424
456
457
480
482
509
541
548
559
568
588
593
603
610
619
621

REGION_1 119
317
321
322
329
330
340
341
342
349
350
360
361
366
367
372
379
380
382
383
384
385
388
392
395
397
398
399
400
401
404
409
416
417
419
420
425
426
434
449
450
451
452
453
458
460
461
462
468
470
474
477
478
479
481
484
487
488
489
503
507
508
510
511
512
514
517
520
521
533
534
535
536
539
543
544
546
547
550
551
560
561
563
564
565
566
567
569
570
571
572
573
577
578
579
580
581
582
583
584
585
586
587
589
590
591
592
594
595
596
597
598
600
602
604
605
606
608
611
615

REGION_2 339
1
2
3
6
7
8
10
12
14
15
16
17
18
19
20
22
26
27
28
29
30
31
35
36
37
39
40
41
42
45
46
47
48
51
53
54
56
57
58
59
60
61
62
64
69
72
73
74
76
77
79
85
88
89
90
91
93
94
95
96
98
101
106
111
115
116
118
120
121
123
124
125
127
128
129
130
131
135
137
138
142
146
147
148
149
150
152
154
156
158
159
162
168
169
173
177
179
180
181
182
183
184
185
187
188
189
195
196
197
198
199
201
205
206
207
208
209
210
211
213
214
220
221
225
232
234
235
236
237
238
239
240
241
245
247
257
258
259
282
284
290
292
295
296
297
299
300
301
303
305
306
307
308
309
310
311
312
313
314
315
316
318
319
320
323
324
325
327
328
331
332
333
334
335
336
337
338
339
343
344
345
346
347
348
351
352
353
354
355
356
357
358
359
362
363
364
365
368
369
370
371
373
374
375
376
377
378
381
386
389
390
391
393
394
396
402
403
405
406
407
408
410
411
412
413
414
415
418
423
427
428
429
430
431
432
433
435
436
437
438
439
440
441
442
443
444
445
446
447
448
454
455
459
463
464
465
466
467
469
471
472
473
475
476
483
485
486
490
491
492
493
494
495
496
497
498
499
500
501
502
504
505
506
513
515
516
518
519
522
523
524
525
526
527
528
529
530
531
532
537
538
540
542
545
549
552
553
554
555
556
557
558
562
574
575
576
599
601
607
609
612
613
614
616
617
618
620
622
623
624
625
626
627
628
629
630
631
632
633

