stripe -0.3317907125 0.3863978323 0.1106971033 1
stripe -0.3528559062 0.3134968615 0.1700039469 -1
stripe -0.3159793406 -0.4078628594 0.1132626085 -1
stripe -0.116714383 0.4360497802 0.1590364146 1
stripe -0.07741192937 0.4459133937 0.1501029 -1
stripe -0.3575236417 -0.2522576458 0.2502787167 1
stripe -0.1690561667 -0.4795029125 0.1091685954 1
stripe -0.1897693146 -0.4804345656 0.0965898699 -1
stripe -0.09214360635 0.4678462333 0.1271946529 -1
stripe -0.07829689604 0.480804549 0.1127469517 1
stripe -0.2256239104 -0.4824651615 0.07198595531 -1
stripe -0.05521501979 -0.2547747958 0.292227925 1
stripe -0.2849794802 0.3271157594 0.2068751115 -1
stripe -0.4019072771 0.1382619291 0.2490713771 1
stripe -0.3935875771 -0.1516477919 0.2754374615 1
stripe -0.01121778115 -0.561847449 0.005680291146 1
stripe -0.02823120698 -0.5529231229 0.01755726354 1
stripe -0.04412871729 -0.5427843885 0.03149979635 1
stripe -0.4174468542 0.2411182385 0.1655396906 1
stripe -0.3444931125 -0.366414175 0.14108865 -1
stripe -0.05110039146 -0.4916957813 0.09514758854 -1
stripe -0.0993787326 -0.5416891208 0.02444826937 -1
stripe -0.1958803812 0.3540636219 0.2210394208 -1
stripe -0.123908937 -0.4626843188 0.14418543 1
stripe -0.1001726073 -0.4799470375 0.11758183 -1
stripe -0.06855644885 -0.5255996625 0.05496793646 1
stripe -0.08652721052 -0.5110830406 0.0743282226 1
stripe -0.06846626042 -0.4886232469 0.1040571005 -1
stripe -0.09197348104 -0.4971975469 0.09278920677 1
stripe -0.06125034167 0.4969061917 0.09451855667 -1
stripe -0.4606850229 0.03273888594 0.2105213417 -1
stripe -0.1805184917 -0.4378589542 0.1670153792 1
stripe -0.1671899052 -0.440968749 0.1659878271 1
stripe -0.05724390521 -0.5332652448 0.04444591135 -1
stripe -0.02895868146 -0.5227309073 0.04763138948 1
stripe -0.3151407375 -0.4399166917 0.05800471438 1
stripe -0.2492430958 -0.4284292802 0.1445242135 -1
stripe -0.1530882208 0.2632577698 0.2804208615 1
stripe -0.07038785594 -0.3362187458 0.2501151781 1
stripe -0.1817479708 -0.3455121729 0.2722953625 1
stripe -0.06328140958 -0.4377097427 0.1601804146 -1
stripe -0.0858545601 -0.4351036354 0.1691033479 1
stripe -0.1148693308 -0.4223415052 0.1922050146 1
stripe -0.0654636475 -0.3850594333 0.2093801792 -1
stripe -0.1583423927 0.4083846062 0.1820209875 -1
stripe -0.4473973125 0.1799253656 0.1707964677 -1
stripe -0.06280202969 0.1617357844 0.3079169406 -1
stripe -0.1732584062 0.3139005375 0.2516088146 -1
stripe -0.2510258562 -0.3033728479 0.2880257125 -1
stripe -0.1227047687 -0.3104411062 0.293165625 -1
stripe -0.1268866188 -0.2389095562 0.3377054396 -1
stripe -0.1169532917 -0.371732525 0.2435483292 -1
stripe -0.1318172219 -0.4059441906 0.2115572823 1
stripe -0.1462652917 -0.2880916562 0.3139729021 1
stripe -0.2897072406 0.1752666604 0.3079070573 1
stripe -0.0576171301 0.5135115625 0.07422392625 -1
stripe -0.04673634823 0.5370214375 0.04557301375 1
stripe -0.08466196698 0.5298296875 0.05432253875 1
stripe -0.0409990676 0.5440404875 0.03686334667 -1
stripe -0.03403344312 0.5505686125 0.028904215 1
stripe -0.0179352475 0.5612987625 0.016337165 1
stripe -0.08458094958 0.1198019087 0.3340546292 1
stripe -0.07997831521 0.36554795 0.2142045875 1
stripe -0.3002381094 0.4463919427 0.06403166187 1
stripe 0.06528646354 -0.4048695167 0.1914964729 -1
stripe 0.3629407562 0.3412153854 0.1325936937 -1
stripe 0.4014051146 0.1977373177 0.2161500906 -1
stripe 0.3128608469 -0.4112263531 0.1111812273 1
stripe 0.09447583083 0.4318014833 0.1642800833 -1
stripe 0.2721223094 0.2658761271 0.26027245 -1
stripe 0.1126672234 0.4622408656 0.1326705937 -1
stripe 0.1626505667 -0.4821120781 0.1077734689 1
stripe 0.1963646667 -0.4812278937 0.09167860729 1
stripe 0.07529068365 0.4497689979 0.1459484121 -1
stripe 0.2236168177 -0.484838001 0.06946359125 -1
stripe 0.0425688624 0.5086202875 0.07631638781 1
stripe 0.03061872531 0.5334694438 0.04440157615 1
stripe 0.2439832927 0.1937686875 0.3133227573 1
stripe 0.0420928599 0.1156230292 0.314210699 1
stripe 0.3608770688 -0.3620859344 0.1256181 -1
stripe 0.0572316574 -0.5223325688 0.05663986604 -1
stripe 0.05984643417 -0.4907555219 0.0995231899 1
stripe 0.0531241049 -0.4936910625 0.09322038417 1
stripe 0.0993787326 -0.5416891208 0.02444826937 1
stripe 0.06774473438 -0.2577588073 0.2985384281 -1
stripe 0.06137232615 -0.4385425281 0.1588089 1
stripe 0.07104345979 -0.4823996844 0.1128579063 -1
stripe 0.2706213833 -0.3444833365 0.2381438458 1
stripe 0.08751651771 -0.47790145 0.1203015687 -1
stripe 0.09121930177 -0.5089633094 0.07716537198 -1
stripe 0.05362454635 0.4940807687 0.09580056594 -1
stripe 0.276556849 -0.4100585167 0.1498022833 1
stripe 0.3975316594 0.1353872876 0.2543355573 -1
stripe 0.1383101917 -0.4574495573 0.1492632198 -1
stripe 0.005387661667 -0.5585817583 0.008553140833 -1
stripe 0.02357101979 -0.5482536115 0.02249567365 1
stripe 0.03704017396 -0.5376475385 0.03558723823 -1
stripe 0.05320315896 -0.5266936073 0.04963885823 1
stripe 0.02761176604 -0.5211314802 0.04880961927 -1
stripe 0.3136744437 -0.4413462917 0.05718840219 1
stripe 0.1580201542 0.2796642052 0.2717552135 1
stripe 0.06064177344 -0.3771081458 0.2148453469 -1
stripe 0.05561688792 -0.3243797229 0.2510382 1
stripe 0.2766135125 0.3929716365 0.1474769323 1
stripe 0.06082526854 0.4771222063 0.1152590746 -1
stripe 0.0753697524 -0.4310196896 0.1715020521 -1
stripe 0.0994872875 -0.3643435167 0.2445277771 -1
stripe 0.1139686837 0.4043132208 0.1890011292 1
stripe 0.3851758135 0.2670035448 0.1807218958 1
stripe 0.05517794375 0.1691481469 0.3014609938 -1
stripe 0.2999174417 0.4495665365 0.059720155 -1
stripe 0.1857105875 0.297798475 0.2608908542 -1
stripe 0.1591602646 -0.3822459812 0.2381731302 -1
stripe 0.1152023677 -0.4114414531 0.2054402646 -1
stripe 0.116642401 -0.2982663812 0.3017899208 -1
stripe 0.1379790635 0.3369469198 0.2396041333 -1
stripe 0.2880196771 0.07504611302 0.3539794719 -1
stripe 0.08466196698 0.5298296875 0.05432253875 -1
stripe 0.07861211646 0.3639668469 0.2148398844 -1
stripe 0.008390580104 0.55644745 0.01845747281 -1
stripe 0.03488714885 0.54297925 0.03696104156 -1
stripe 0.03002944458 0.54557375 0.03345821177 1
