0 224 2306
1 0 2326
2 1 2347
3 2 1455
3 315 913
4 3 1925
5 4 1685
6 5 928
7 3 458
7 4 256
7 5 770
7 6 936
8 7 2442
9 8 2460
10 9 2478
11 10 2496
12 11 2114
13 11 400
13 12 2129
14 13 2547
15 14 2557
16 15 2558
17 272 350
18 17 339
18 272 691
19 18 1010
20 19 984
21 20 963
22 21 642
22 316 283
23 22 295
24 22 610
24 23 284
25 24 873
26 25 366
27 25 111
27 26 355
27 317 61
27 318 298
28 27 282
29 27 239
29 28 282
29 319 293
30 32 1626
31 30 1336
32 38 1015
32 321 582
33 30 316
33 31 1370
34 33 1502
35 33 227
35 34 1534
36 35 1804
37 36 1848
38 235 493
38 236 1070
39 37 1892
40 39 1938
41 40 815
42 40 341
42 41 832
42 320 836
43 42 2028
44 43 600
45 46 2948
46 47 2982
47 48 3005
48 49 3026
49 50 3048
50 51 3065
51 52 3084
52 53 3102
53 54 3120
54 55 3134
55 56 3139
56 57 619
56 81 2515
57 58 3098
58 59 3080
59 60 3060
60 61 3042
61 82 3026
62 64 2800
63 62 2842
64 65 2758
65 67 2722
66 63 2884
67 68 1430
67 322 1254
68 69 1160
68 71 1471
69 71 1144
70 66 2922
71 72 2578
72 73 1405
72 74 1137
73 74 1380
74 75 2484
75 76 2448
76 90 2414
77 70 2962
78 77 3000
79 78 2094
80 78 936
80 79 2117
81 57 2501
82 83 3010
83 84 2992
84 85 2976
85 86 2960
86 87 2943
87 88 2926
88 89 2911
89 230 2896
90 91 2394
91 92 2380
92 93 1084
92 94 1297
93 94 1089
94 95 1298
94 323 1106
95 96 385
95 228 344
95 256 1698
96 97 2482
97 98 1692
97 117 499
97 118 310
98 118 1712
99 100 1305
99 325 1020
100 101 2352
101 102 2370
102 103 915
102 104 1471
103 104 922
104 105 703
104 312 1716
105 106 1500
105 324 951
106 107 2476
107 108 913
107 109 1578
108 109 923
109 110 2521
110 111 2545
111 195 2575
112 16 2558
113 112 2558
114 113 2560
115 114 2566
116 115 2568
117 116 2561
118 117 2042
119 120 3159
120 122 3138
121 119 3157
122 125 3120
123 121 3144
124 123 2676
125 126 3098
126 80 3071
127 123 451
127 124 2663
128 127 3098
129 128 3078
130 99 2309
131 130 2303
132 131 981
133 131 1322
133 132 979
134 133 1704
135 134 764
136 137 2860
137 138 2875
138 139 2896
139 140 2916
140 141 2932
141 142 2950
142 144 2970
143 136 2844
144 145 2988
145 146 3004
146 147 3021
147 148 3042
148 129 3060
149 150 318
149 194 1186
149 333 1150
150 151 2137
151 153 2698
152 149 2638
153 154 1663
153 193 1052
154 155 2740
155 157 2758
156 152 2622
157 158 2774
158 159 2798
159 160 2830
160 161 2868
161 45 2908
162 270 1322
163 162 1344
164 163 522
165 163 844
165 164 533
166 165 824
166 326 572
167 166 1393
168 167 508
169 167 875
169 168 511
170 169 1387
171 170 904
171 327 483
172 171 1388
173 172 1378
174 173 954
174 328 406
175 174 399
176 177 933
176 229 431
176 339 348
177 178 1184
177 329 862
178 179 2102
179 180 2137
180 181 2171
181 182 2202
182 183 961
182 184 1270
183 184 980
184 185 1507
184 330 770
185 186 1287
185 331 997
186 187 881
186 188 1411
187 188 883
188 189 350
188 291 1025
188 332 916
189 190 2295
190 191 2297
191 192 2297
192 133 597
192 134 941
192 135 762
193 154 1058
194 150 649
194 151 542
195 156 2605
196 202 686
197 196 672
197 202 1178
198 197 1444
199 197 373
199 198 687
199 334 709
200 199 691
201 199 45
201 200 674
202 209 1901
203 199 269
203 201 225
203 335 584
204 201 124
204 203 1045
204 226 370
204 335 127
205 204 1634
206 205 1604
207 206 1583
208 207 1561
209 210 1933
210 176 1694
210 177 274
211 43 1459
211 44 623
212 211 2111
213 212 2127
214 213 1820
215 214 1356
215 336 790
216 215 2157
217 216 521
217 288 1636
218 217 2176
219 218 2189
220 219 1841
220 225 358
221 220 2212
222 221 2226
223 222 2248
224 223 1453
224 337 833
225 219 354
226 201 351
226 203 22
227 208 1042
227 338 483
228 96 2078
229 177 437
230 231 2878
231 232 2860
232 233 2844
233 234 2827
234 273 2816
235 236 488
236 237 1542
237 238 1516
238 239 1494
239 240 1474
240 241 1450
241 242 884
241 340 538
242 243 503
242 244 897
243 244 497
244 245 1373
245 174 954
245 175 399
246 227 509
247 227 986
247 246 492
248 247 1438
249 248 1392
250 249 1348
251 250 1308
252 251 809
252 341 443
253 252 297
254 253 164
254 289 983
255 254 433
256 228 1717
257 278 295
257 279 379
257 346 295
258 257 1003
259 258 1036
260 259 1072
261 260 1107
262 261 419
263 261 713
263 262 432
264 263 701
264 342 487
265 264 1204
266 265 1222
267 266 1240
268 267 494
269 267 259
269 268 506
269 343 520
270 269 1306
271 254 31
271 255 416
272 254 203
272 271 436
272 345 418
273 274 2815
274 275 2816
275 277 2816
276 143 2826
277 276 2816
278 279 275
279 280 497
279 347 379
280 281 318
280 282 485
281 282 296
282 283 294
282 284 136
282 348 301
282 349 12
283 284 272
284 285 654
285 286 248
285 287 370
286 287 234
287 292 562
288 216 1638
289 252 499
289 253 73
289 290 160
289 350 278
290 252 122
290 253 39
291 189 1632
292 293 275
292 352 241
293 294 197
293 295 248
294 295 175
295 296 378
296 313 300
297 298 85
297 299 37
298 300 181
298 353 115
299 298 103
300 301 247
300 303 136
301 302 451
302 304 308
302 354 187
303 301 158
304 305 369
304 306 194
305 307 520
305 356 105
306 305 104
306 311 105
307 308 423
307 355 253
308 309 249
308 310 481
309 310 267
310 29 782
311 305 119
312 105 1731
313 314 114
315 2 907
316 21 296
317 25 368
318 317 298
319 27 308
320 40 819
321 38 571
322 68 1235
323 95 1114
324 106 961
325 100 1030
326 165 564
327 170 480
328 173 410
329 178 884
330 185 775
331 186 1001
332 189 307
332 291 609
333 150 1159
334 198 729
335 199 728
336 213 314
336 214 464
337 223 823
338 208 495
339 177 359
340 242 533
341 251 460
342 263 470
343 267 508
344 254 428
345 254 15
345 344 418
346 279 273
347 280 354
348 349 282
349 284 277
350 252 227
350 351 57
351 252 59
352 293 217
353 300 158
354 304 212
355 308 274
356 307 121
