face,S11,S22,S12,von_mises,principal_1,principal_2,T_wale_Nm,T_course_Nm
0,426.3667,366.6001,109.6022,442.6241,510.0865,282.8803,426.3667,366.6001
1,499.6237,540.3193,-71.7057,535.7589,594.5084,445.4347,499.6237,540.3193
2,611.6474,697.7450,5.7382,659.0034,698.1257,611.2667,611.6474,697.7450
3,578.5633,703.9940,0.4755,650.4142,703.9958,578.5615,578.5633,703.9940
4,35.0710,87.5758,233.1463,410.9741,295.9431,-173.2962,35.0710,87.5758
5,-53.0732,27.4120,467.5370,812.8933,456.4351,-482.0963,-53.0732,27.4120
6,14.8358,195.9140,246.9908,467.6636,368.4372,-157.6875,14.8358,195.9140
7,181.1200,-103.4524,307.0032,587.3645,377.2069,-299.5393,181.1200,-103.4524
8,395.5735,-205.5521,-60.5373,539.4768,401.6094,-211.5879,395.5735,-205.5521
9,445.1510,-199.4697,-141.7915,622.1383,474.9610,-229.2797,445.1510,-199.4697
10,301.9925,-107.0862,54.6068,379.4099,309.1564,-114.2501,301.9925,-107.0862
11,348.5918,195.0446,187.2196,443.5327,474.1678,69.4685,348.5918,195.0446
12,273.7173,-644.1427,236.7316,913.3890,331.1772,-701.6027,273.7173,-644.1427
13,371.9578,116.4013,-211.5996,492.8780,491.3671,-3.0080,371.9578,116.4013
14,-115.7436,400.9816,74.6577,487.1500,411.5521,-126.3140,-115.7436,400.9816
15,-308.3746,396.5826,-218.6055,719.7456,458.8684,-370.6605,-308.3746,396.5826
16,145.0112,436.3392,-188.8395,505.1012,529.1671,52.1833,145.0112,436.3392
17,473.2489,600.5834,21.7967,549.4222,604.2112,469.6211,473.2489,600.5834
18,-118.1427,104.4711,-439.3568,785.0590,446.4010,-460.0727,-118.1427,104.4711
19,350.2262,120.4144,-225.6100,497.6799,488.5064,-17.8658,350.2262,120.4144
20,187.7573,335.5144,-233.1327,497.8754,506.1944,17.0773,187.7573,335.5144
21,-264.9990,301.9272,305.6953,722.3183,435.3585,-398.4303,-264.9990,301.9272
22,8.1625,202.6319,-254.4661,483.4576,377.8079,-167.0135,8.1625,202.6319
23,-357.3345,263.0643,158.9351,605.5360,301.4105,-395.6808,-357.3345,263.0643
24,411.2455,361.1143,-109.9886,432.7958,498.9885,273.3714,411.2455,361.1143
25,-42.6556,401.3953,-211.3831,560.4532,485.9283,-127.1886,-42.6556,401.3953
26,-79.0859,475.1991,-95.7203,545.1031,491.2636,-95.1504,-79.0859,475.1991
27,81.9400,495.6748,30.6384,463.2582,497.9313,79.6834,81.9400,495.6748
28,-178.6439,185.8348,-396.4581,755.7669,439.9327,-432.7418,-178.6439,185.8348
29,158.7522,504.1158,84.1543,469.6290,523.5302,139.3377,158.7522,504.1158
30,346.3074,-183.5913,-6.8745,466.2139,346.3966,-183.6804,346.3074,-183.5913
31,379.8082,-622.0952,246.5508,974.6258,437.1933,-679.4802,379.8082,-622.0952
32,472.6345,127.7186,94.1067,453.7614,496.6399,103.7133,472.6345,127.7186
33,242.6651,-60.8922,-208.9382,456.4386,349.1343,-167.3614,242.6651,-60.8922
34,482.8193,-30.7416,2.4731,498.9194,482.8312,-30.7535,482.8193,-30.7416
35,273.2324,-456.7676,-392.8697,933.3468,444.4894,-628.0246,273.2324,-456.7676
36,359.4037,389.1502,121.5083,430.1624,496.6922,251.8617,359.4037,389.1502
37,157.7358,-467.5663,378.7024,864.5794,336.1715,-646.0020,157.7358,-467.5663
38,221.6302,-16.8219,223.7334,450.8891,355.9223,-151.1140,221.6302,-16.8219
39,131.8583,213.1267,331.1936,603.1374,506.1695,-161.1845,131.8583,213.1267
40,-288.5038,378.5018,260.1279,733.9597,467.9537,-377.9557,-288.5038,378.5018
41,293.2857,-44.1762,-240.2649,523.5513,418.1486,-169.0391,293.2857,-44.1762
42,625.5653,699.7063,2.5580,665.7541,699.7945,625.4771,625.5653,699.7063
43,572.9854,677.0037,16.6005,632.1074,679.5887,570.4003,572.9854,677.0037
44,514.4546,230.3388,12.7160,446.8845,515.0226,229.7708,514.4546,230.3388
45,-6.7429,-133.3649,-459.1515,805.8491,393.4420,-533.5498,-6.7429,-133.3649
46,267.7053,552.9894,-26.7374,481.2171,555.4736,265.2210,267.7053,552.9894
47,620.1711,712.9594,-3.1382,671.4135,713.0654,620.0651,620.1711,712.9594
48,610.6302,713.4184,-2.2145,667.9932,713.4661,610.5826,610.6302,713.4184
49,534.7532,645.6751,-48.7631,603.9156,664.0637,516.3646,534.7532,645.6751
50,523.2602,645.7009,30.9630,596.4373,653.0855,515.8756,523.2602,645.7009
51,142.9228,-237.2447,476.7594,890.2350,466.0947,-560.4166,142.9228,-237.2447
52,543.6283,469.8382,-62.8364,522.2141,579.6006,433.8659,543.6283,469.8382
53,132.1081,432.7853,-168.1167,482.0486,507.9792,56.9142,132.1081,432.7853
54,80.1842,467.4442,57.4805,444.2567,475.7959,71.8326,80.1842,467.4442
55,34.4546,133.3630,-244.7796,440.6008,333.6343,-165.8166,34.4546,133.3630
56,229.5503,7.7719,269.6733,518.7878,410.2432,-172.9210,229.5503,7.7719
57,226.1852,70.9875,319.7648,588.9747,477.6321,-180.4594,226.1852,70.9875
58,99.1961,374.1141,-129.8371,404.0589,425.7388,47.5714,99.1961,374.1141
59,504.2332,98.3774,14.7921,463.6599,504.7716,97.8390,504.2332,98.3774
60,-31.2139,395.3553,229.9890,572.9795,495.7350,-131.5935,-31.2139,395.3553
61,489.4022,206.3304,-96.4631,457.1910,519.1483,176.5842,489.4022,206.3304
62,109.2941,497.5966,137.9147,512.0787,541.5948,65.2959,109.2941,497.5966
63,281.1672,240.2825,-203.9156,440.4268,465.6625,55.7872,281.1672,240.2825
64,376.3438,-109.9240,-161.4481,522.7654,425.0653,-158.6455,376.3438,-109.9240
65,292.3233,-148.8899,175.1506,493.1311,353.3992,-209.9657,292.3233,-148.8899
66,589.8892,560.1768,-10.5874,575.9005,593.2758,556.7902,589.8892,560.1768
67,517.8308,660.5819,17.3678,602.7872,662.6645,515.7481,517.8308,660.5819
68,465.5946,604.9982,3.3891,548.7729,605.0805,465.5122,465.5946,604.9982
69,183.0749,478.5315,-35.6394,422.7436,482.7696,178.8368,183.0749,478.5315
70,247.9989,-4.9821,-328.4905,621.6767,473.5110,-230.4942,247.9989,-4.9821
71,446.0198,581.1317,-28.3448,529.0196,586.8372,440.3144,446.0198,581.1317
72,120.6689,155.1495,-301.8642,541.5502,440.2654,-164.4469,120.6689,155.1495
73,514.1507,604.9199,-29.2811,567.3017,613.5459,505.5248,514.1507,604.9199
74,446.3173,507.3693,-77.8277,498.3437,560.4435,393.2431,446.3173,507.3693
75,19.1760,388.4935,-13.1345,379.9509,388.9600,18.7095,19.1760,388.4935
76,440.2741,-18.3305,100.8509,482.4525,461.4722,-39.5286,440.2741,-18.3305
77,584.9592,530.8053,-29.9004,562.2403,598.2207,517.5438,584.9592,530.8053
78,476.1136,308.4143,108.8037,458.7788,529.6285,254.8994,476.1136,308.4143
79,556.3686,499.8497,65.2451,542.2784,599.2113,457.0070,556.3686,499.8497
80,63.6629,390.8803,60.9990,378.3100,401.8817,52.6615,63.6629,390.8803
81,429.8365,54.2878,-150.8694,482.3447,482.9371,1.1871,429.8365,54.2878
82,205.8563,-414.6521,410.0097,896.6581,409.7671,-618.5629,205.8563,-414.6521
83,474.9550,287.7887,-85.6289,440.1305,508.2187,254.5251,474.9550,287.7887
84,315.9119,328.1406,-150.1618,414.0757,472.3124,171.7401,315.9119,328.1406
85,-100.8181,354.4144,-142.1366,481.7818,395.1486,-141.5523,-100.8181,354.4144
86,-316.1024,439.5497,190.4486,735.4450,484.8350,-361.3876,-316.1024,439.5497
87,-140.1138,98.8799,424.7783,764.5740,420.6495,-461.8834,-140.1138,98.8799
88,136.1222,270.0476,-173.4463,380.7182,389.0086,17.1612,136.1222,270.0476
89,594.0004,588.3905,-10.2542,591.4822,601.8264,580.5646,594.0004,588.3905
90,419.5271,542.4958,79.6160,511.5946,581.6048,380.4181,419.5271,542.4958
91,218.6621,321.1790,251.8967,520.6680,526.9797,12.8615,218.6621,321.1790
92,533.9514,593.4388,32.7310,568.8763,607.9219,519.4683,533.9514,593.4388
93,492.4653,367.9781,-102.6456,477.8304,550.2650,310.1784,492.4653,367.9781
94,503.3753,655.1610,-10.3563,594.2664,655.8643,502.6720,503.3753,655.1610
95,299.5467,588.6437,-56.8764,519.2380,599.4310,288.7595,299.5467,588.6437
96,366.9369,575.7934,26.5338,506.9645,579.1116,363.6187,366.9369,575.7934
97,534.9244,426.7923,-57.6377,499.9605,559.8852,401.8315,534.9244,426.7923
98,364.4871,539.1513,33.8467,480.0605,545.4808,358.1576,364.4871,539.1513
99,-103.3359,483.6297,99.5442,569.4555,500.0521,-119.7583,-103.3359,483.6297
100,345.6669,-217.8670,61.6311,503.6429,352.3284,-224.5286,345.6669,-217.8670
101,269.1338,-205.6986,-80.0304,435.1091,282.2596,-218.8244,269.1338,-205.6986
102,418.6452,-178.9634,13.9291,531.7856,418.9697,-179.2879,418.6452,-178.9634
103,329.4105,-711.9729,-107.0368,940.3822,340.2982,-722.8607,329.4105,-711.9729
104,80.2905,263.6741,318.8940,599.9002,503.7967,-159.8321,80.2905,263.6741
105,257.7384,-3.7928,296.0781,574.8111,450.6422,-196.6966,257.7384,-3.7928
106,266.8532,245.7654,-205.4878,438.9803,462.0675,50.5511,266.8532,245.7654
107,-195.3175,388.7259,31.8691,517.9080,390.4597,-197.0514,-195.3175,388.7259
108,141.6652,52.1239,270.7407,485.0807,371.3120,-177.5228,141.6652,52.1239
109,53.6199,530.0957,-73.5280,521.2216,541.1842,42.5314,53.6199,530.0957
110,306.2466,256.6647,-179.9537,422.1505,463.1089,99.8024,306.2466,256.6647
111,171.2390,-325.0710,452.6735,897.4400,439.3148,-593.1467,171.2390,-325.0710
112,-229.5083,257.5899,348.4881,736.5308,439.1998,-411.1182,-229.5083,257.5899
113,415.5114,485.8388,76.0478,473.4631,534.4591,366.8911,415.5114,485.8388
114,479.6605,534.0012,90.4828,532.5914,601.3050,412.3568,479.6605,534.0012
115,-166.5398,184.5109,406.7673,767.3898,452.0078,-434.0368,-166.5398,184.5109
116,450.0478,-13.7313,-57.3814,467.7491,457.0419,-20.7254,450.0478,-13.7313
117,307.9841,-237.1160,-126.6162,521.7291,335.9590,-265.0909,307.9841,-237.1160
118,425.7299,30.4856,-129.4761,468.4964,464.3673,-8.1518,425.7299,30.4856
119,288.0494,334.8381,133.6980,390.2109,447.1731,175.7144,288.0494,334.8381
120,501.6394,500.9158,56.1323,510.6194,557.4111,445.1441,501.6394,500.9158
121,635.1920,710.0530,-0.9520,675.7417,710.0651,635.1799,635.1920,710.0530
122,596.8917,659.1500,-13.2036,630.7458,661.8345,594.2073,596.8917,659.1500
123,196.1220,535.7991,31.5424,472.7022,538.7033,193.2178,196.1220,535.7991
124,325.9699,424.0882,-165.7517,479.8834,547.8886,202.1695,325.9699,424.0882
125,287.9808,446.9381,-161.9673,482.3663,547.8763,187.0426,287.9808,446.9381
126,161.2067,231.5796,-205.4744,411.0276,404.8585,-12.0723,161.2067,231.5796
127,259.2116,318.6672,142.3074,383.2641,434.3187,143.5602,259.2116,318.6672
128,139.0494,-292.1497,454.3341,874.3956,426.3440,-579.4444,139.0494,-292.1497
129,529.7808,647.1373,5.4947,597.2470,647.3940,529.5240,529.7808,647.1373
130,481.8264,592.0289,-78.5192,562.0458,632.8516,441.0036,481.8264,592.0289
131,372.3484,462.8562,-127.1055,478.5424,552.5234,282.6812,372.3484,462.8562
132,402.8432,539.0779,41.5762,490.8254,550.7638,391.1574,402.8432,539.0779
133,16.8306,392.2826,92.5980,416.2808,413.8780,-4.7648,16.8306,392.2826
134,390.5969,-172.8751,50.6122,507.6032,395.1069,-177.3851,390.5969,-172.8751
135,70.0619,-39.1332,297.8371,524.6929,318.2643,-287.3356,70.0619,-39.1332
136,148.4444,-146.7926,285.5172,556.7177,322.2466,-320.5948,148.4444,-146.7926
137,366.2585,-718.0524,47.0585,958.8435,368.2970,-720.0908,366.2585,-718.0524
138,540.2914,351.3752,-47.7498,482.0523,551.6745,339.9920,540.2914,351.3752
139,424.3693,-49.6099,46.9531,458.4944,428.9758,-54.2164,424.3693,-49.6099
140,371.4045,595.1571,64.6005,532.5682,612.4688,354.0929,371.4045,595.1571
141,640.4524,694.0032,-5.0198,668.8941,694.4697,639.9859,640.4524,694.0032
142,529.9183,520.6106,-53.1070,533.3186,578.5750,471.9539,529.9183,520.6106
143,468.6655,572.8675,39.7100,532.9840,586.2753,455.2577,468.6655,572.8675
144,220.0047,469.6741,140.3410,474.0803,532.6673,157.0116,220.0047,469.6741
145,517.0463,636.3889,-39.5466,589.8958,648.3039,505.1313,517.0463,636.3889
146,582.2611,555.2554,-32.9857,572.0988,604.4007,533.1158,582.2611,555.2554
147,401.6823,589.1555,-22.1615,522.7552,591.7397,399.0982,401.6823,589.1555
148,412.1836,519.3981,-116.0990,515.7705,593.6686,337.9131,412.1836,519.3981
149,105.1021,484.9715,-136.2612,500.9726,528.7937,61.2799,105.1021,484.9715
150,-145.6040,267.3333,-8.6715,363.0675,267.5154,-145.7860,-145.6040,267.3333
151,365.6466,165.3684,-146.6659,406.3378,443.0990,87.9160,365.6466,165.3684
152,513.4488,149.8204,3.5851,457.3722,513.4842,149.7850,513.4488,149.8204
153,506.0757,492.8412,54.3565,508.3837,554.2163,444.7006,506.0757,492.8412
154,223.3970,-545.4944,-331.6475,894.0372,346.6801,-668.7776,223.3970,-545.4944
155,448.2341,-57.0174,-114.2516,518.5386,472.8685,-81.6518,448.2341,-57.0174
156,-93.7445,472.2565,-114.4311,561.5773,494.5161,-116.0041,-93.7445,472.2565
157,279.3323,-15.2548,109.8948,344.6027,315.8110,-51.7336,279.3323,-15.2548
158,-202.4848,202.1861,-375.2586,738.4281,426.1823,-426.4810,-202.4848,202.1861
159,184.3163,455.8619,-67.7214,414.1477,471.8140,168.3642,184.3163,455.8619
160,105.6898,-328.7957,-432.1981,845.2295,372.1718,-595.2776,105.6898,-328.7957
161,319.9728,-70.9459,-246.0319,558.3114,438.7363,-189.7095,319.9728,-70.9459
162,262.1009,88.8072,161.4892,362.6893,358.7201,-7.8120,262.1009,88.8072
163,188.7769,545.7745,-46.7734,486.8677,551.8009,182.7504,188.7769,545.7745
164,-272.1456,327.2087,290.7024,723.6717,445.0411,-389.9781,-272.1456,327.2087
165,-48.1926,417.0702,205.5015,568.3857,494.8389,-125.9613,-48.1926,417.0702
166,297.6449,-697.5964,-155.5113,924.8894,321.3783,-721.3298,297.6449,-697.5964
167,457.8367,-118.3531,-28.2952,529.3488,459.2229,-119.7393,457.8367,-118.3531
168,-136.4969,53.9421,418.7778,745.0024,388.1892,-470.7440,-136.4969,53.9421
169,482.6418,-95.9621,60.6036,547.2527,488.9213,-102.2416,482.6418,-95.9621
170,427.6587,-704.0973,-36.7858,991.8760,428.8531,-705.2917,427.6587,-704.0973
171,48.3960,-106.1058,489.9650,859.6120,467.1626,-524.8724,48.3960,-106.1058
172,553.9793,690.7815,-6.4642,633.6551,691.0863,553.6745,553.9793,690.7815
173,597.2622,667.5462,13.1897,635.7372,669.9399,594.8685,597.2622,667.5462
174,575.8978,679.2677,-27.5300,635.7262,686.1424,569.0231,575.8978,679.2677
175,504.8813,423.8585,-44.9738,476.0576,524.8993,403.8405,504.8813,423.8585
176,531.3227,456.0442,36.9333,502.0614,546.4166,440.9503,531.3227,456.0442
177,551.4053,561.1167,29.3516,558.6426,586.0115,526.5105,551.4053,561.1167
178,579.1502,469.6597,-24.3271,534.5719,584.3120,464.4980,579.1502,469.6597
179,450.5243,590.8016,-70.9619,548.5937,620.4378,420.8881,450.5243,590.8016
180,16.5334,327.3669,272.5162,569.9343,485.6688,-141.7686,16.5334,327.3669
181,542.6041,622.4635,-54.9499,594.2956,650.4593,514.6083,542.6041,622.4635
182,632.8746,658.3186,-9.2633,646.1718,661.3338,629.8594,632.8746,658.3186
183,219.8934,377.1419,195.2370,471.1800,508.9916,88.0437,219.8934,377.1419
184,214.1515,347.7315,182.2251,438.0968,475.0211,86.8620,214.1515,347.7315
185,-264.6933,290.8491,-305.1758,714.8695,425.7389,-399.5831,-264.6933,290.8491
186,222.2437,302.9032,-229.6301,481.6785,495.7182,29.4288,222.2437,302.9032
187,285.3742,502.6628,-134.8309,495.1762,567.1744,220.8626,285.3742,502.6628
188,-27.5623,188.5690,227.7221,443.9452,332.5659,-171.5592,-27.5623,188.5690
189,230.6809,498.0599,137.0749,492.6997,555.8447,172.8961,230.6809,498.0599
190,66.4589,529.2348,53.1428,507.7463,535.2590,60.4347,66.4589,529.2348
191,-361.6298,417.2625,-45.5306,679.7042,419.9150,-364.2823,-361.6298,417.2625
192,346.8899,50.8452,-193.7443,466.7876,442.6861,-44.9509,346.8899,50.8452
193,286.5819,9.7592,-118.1250,348.2644,330.1354,-33.7943,286.5819,9.7592
194,-284.8545,354.1945,-269.7357,725.0943,452.8245,-383.4846,-284.8545,354.1945
195,140.7607,525.0938,-13.9152,471.3867,525.5969,140.2575,140.7607,525.0938
196,142.6818,481.4679,11.9763,428.8392,481.8908,142.2590,142.6818,481.4679
197,328.6279,-191.1329,-92.2495,482.5657,344.5152,-207.0202,328.6279,-191.1329
198,423.5198,-5.7024,-146.7414,496.4029,468.8914,-51.0739,423.5198,-5.7024
199,412.9302,17.7652,175.4479,505.8034,479.5840,-48.8886,412.9302,17.7652
200,337.0947,329.7122,157.7862,431.1476,491.2328,175.5740,337.0947,329.7122
201,431.8680,3.3382,186.0116,537.4759,501.3455,-66.1392,431.8680,3.3382
202,380.2338,-130.6883,-66.2695,473.8398,388.6893,-139.1439,380.2338,-130.6883
203,265.9474,55.6247,-245.5619,489.8273,427.9181,-106.3460,265.9474,55.6247
204,272.5167,496.9359,58.2333,442.6745,511.1467,258.3059,272.5167,496.9359
205,-121.3676,307.2598,156.4482,468.8905,358.2882,-172.3960,-121.3676,307.2598
206,249.3042,-410.2947,418.5093,926.4085,452.3441,-613.3346,249.3042,-410.2947
207,23.3118,192.3894,252.3116,473.3452,373.9483,-158.2471,23.3118,192.3894
208,372.5463,-134.4791,204.2018,576.2553,444.5594,-206.4923,372.5463,-134.4791
209,-341.2077,427.7400,-120.0392,698.9711,446.0435,-359.5112,-341.2077,427.7400
210,-3.6468,215.5031,-249.9213,484.3787,378.8152,-166.9588,-3.6468,215.5031
211,553.6685,551.1815,25.3849,554.1762,577.8404,527.0097,553.6685,551.1815
212,469.3891,204.9639,47.2459,415.7222,477.5771,196.7759,469.3891,204.9639
213,561.2212,524.8699,10.8403,544.2813,564.2084,521.8827,561.2212,524.8699
214,294.7571,592.2980,80.4375,531.5310,612.6513,274.4038,294.7571,592.2980
215,285.8900,577.8230,68.4277,514.2623,593.0662,270.6468,285.8900,577.8230
216,643.8956,711.4133,0.2834,680.1726,711.4145,643.8944,643.8956,711.4133
217,612.4808,635.1330,-6.2550,624.2093,636.7454,610.8683,612.4808,635.1330
218,638.9015,719.1838,-0.8391,682.5943,719.1925,638.8928,638.9015,719.1838
219,614.4765,618.0899,21.4500,617.4099,637.8091,594.7572,614.4765,618.0899
220,524.9330,362.8712,-76.4155,484.0094,555.2814,332.5229,524.9330,362.8712
221,446.5761,538.4769,-88.7011,522.0348,592.4231,392.6299,446.5761,538.4769
222,571.7224,630.6207,-20.5377,604.3793,637.0749,565.2682,571.7224,630.6207
223,398.6071,550.2577,-104.9675,524.7753,603.9224,344.9424,398.6071,550.2577
224,97.7811,521.5416,98.3235,509.4824,543.2437,76.0790,97.7811,521.5416
225,314.9668,517.6199,29.1041,454.5795,521.7169,310.8699,314.9668,517.6199
226,397.6902,116.6527,-107.8574,400.3416,434.3119,80.0310,397.6902,116.6527
227,474.4080,417.5939,-86.5472,473.0845,537.0908,354.9110,474.4080,417.5939
228,513.0980,580.1800,-55.0812,557.9346,611.1288,482.1492,513.0980,580.1800
229,444.0298,555.5433,-60.9037,519.8469,582.3582,417.2149,444.0298,555.5433
230,363.6507,277.1248,117.9907,387.3355,446.0599,194.7156,363.6507,277.1248
231,192.3916,94.1453,305.6187,554.9536,452.8099,-166.2730,192.3916,94.1453
232,140.9034,451.5265,-172.7062,499.5904,528.4844,63.9455,140.9034,451.5265
233,222.5038,186.9172,-215.6395,427.0333,421.0829,-11.6619,222.5038,186.9172
234,133.1869,19.3014,-290.6832,518.6818,372.4522,-219.9639,133.1869,19.3014
235,376.4820,348.8310,165.7605,463.1661,528.9926,196.3204,376.4820,348.8310
236,154.6773,259.2441,214.2722,434.4780,427.5194,-13.5979,154.6773,259.2441
237,65.3143,503.4272,-89.2637,498.7264,520.9162,47.8253,65.3143,503.4272
238,210.3512,464.8507,-84.9997,429.2164,490.6285,184.5733,210.3512,464.8507
239,430.9646,25.4613,126.5465,472.7028,467.2156,-10.7897,430.9646,25.4613
240,327.6061,-6.1064,168.5961,441.1774,397.9537,-76.4540,327.6061,-6.1064
241,259.0036,110.5140,202.8893,417.3307,400.8059,-31.2884,259.0036,110.5140
242,9.5594,173.3274,271.8395,500.1670,375.3478,-192.4610,9.5594,173.3274
243,168.1411,377.9721,218.9589,501.4087,515.8533,30.2599,168.1411,377.9721
244,151.7536,228.4602,-199.4102,399.8086,393.1720,-12.9581,151.7536,228.4602
245,280.7144,-146.7261,-185.0343,494.1966,349.6849,-215.6966,280.7144,-146.7261
246,379.0337,-626.3452,-240.4984,973.0875,433.6020,-680.9135,379.0337,-626.3452
247,-135.9269,282.5766,121.6230,425.5725,315.3547,-168.7050,-135.9269,282.5766
248,425.1248,-31.6707,58.9807,453.4692,432.6174,-39.1633,425.1248,-31.6707
249,319.9627,-673.9013,187.5736,936.8533,354.1854,-708.1240,319.9627,-673.9013
250,-330.4824,374.6163,184.6351,689.6597,420.0383,-375.9044,-330.4824,374.6163
251,-350.7608,455.3558,-40.0090,703.4950,457.3367,-352.7417,-350.7608,455.3558
252,-112.5219,517.4095,16.3599,582.5776,517.8341,-112.9465,-112.5219,517.4095
253,425.2954,-34.2597,-44.2649,449.9984,429.5202,-38.4845,425.2954,-34.2597
254,326.0594,-190.8484,-18.3613,453.8471,326.7108,-191.4998,326.0594,-190.8484
255,323.0074,-565.2208,311.9038,947.7504,421.5915,-663.8049,323.0074,-565.2208
256,645.6930,715.8261,1.5440,683.4688,715.8600,645.6590,645.6930,715.8261
257,614.0212,689.0479,6.7423,654.8705,689.6490,613.4201,614.0212,689.0479
258,570.7113,687.5543,8.9570,637.4072,688.2369,570.0286,570.7113,687.5543
259,465.1804,505.0210,110.2717,522.4870,597.1572,373.0442,465.1804,505.0210
260,484.5745,659.6904,32.0116,594.4821,665.3588,478.9062,484.5745,659.6904
261,570.8713,585.2844,52.2675,585.2567,630.8398,525.3158,570.8713,585.2844
262,584.1576,550.5673,11.5651,568.4608,587.7543,546.9706,584.1576,550.5673
263,535.3630,282.3524,-17.3581,464.8433,536.5483,281.1671,535.3630,282.3524
264,590.3650,603.8839,8.1317,597.4052,607.6987,586.5501,590.3650,603.8839
265,629.2024,677.1955,15.7422,655.0877,681.8983,624.4997,629.2024,677.1955
266,418.3700,278.8032,-137.7596,439.3801,503.0127,194.1605,418.3700,278.8032
267,520.4504,321.5336,-72.2859,471.7901,543.9441,298.0399,520.4504,321.5336
268,448.8393,599.1436,-53.4450,547.7953,616.2098,431.7731,448.8393,599.1436
269,254.0442,529.9935,-111.3212,497.9629,569.3023,214.7354,254.0442,529.9935
270,513.3218,460.8719,-44.9140,495.3568,539.1065,435.0871,513.3218,460.8719
271,453.7631,350.8034,-75.1871,432.1361,493.4055,311.1609,453.7631,350.8034
272,412.9366,116.9779,52.4202,379.6573,421.9469,107.9675,412.9366,116.9779
273,478.5240,-153.2049,15.8816,571.4244,478.9230,-153.6039,478.5240,-153.2049
274,69.8453,246.9511,281.9470,535.8146,453.9245,-137.1280,69.8453,246.9511
275,352.8357,565.7797,-83.1567,515.4780,594.4052,324.2103,352.8357,565.7797
276,457.5943,649.6803,-34.6754,581.2006,655.7482,451.5264,457.5943,649.6803
277,435.0750,434.7753,81.3019,457.1542,516.2272,353.6231,435.0750,434.7753
278,366.4823,424.6837,-107.3921,440.0292,506.8481,284.3179,366.4823,424.6837
279,372.7204,349.4341,-140.1253,435.5327,501.6854,220.4690,372.7204,349.4341
280,416.9380,627.7907,47.0191,559.3220,637.8005,406.9281,416.9380,627.7907
281,224.7747,395.5939,118.0470,399.8800,455.8891,164.4795,224.7747,395.5939
282,379.6787,184.0937,86.9096,361.6764,412.7169,151.0556,379.6787,184.0937
283,508.4024,327.5660,74.8882,464.8246,535.3882,300.5802,508.4024,327.5660
284,449.5444,-580.2256,-286.7967,1022.9106,524.0310,-654.7122,449.5444,-580.2256
285,295.3491,-240.6457,-101.8607,497.3356,314.0540,-259.3506,295.3491,-240.6457
286,123.5502,-13.6942,-271.7807,488.6085,335.2381,-225.3820,123.5502,-13.6942
287,216.8760,361.3674,-219.6153,493.9051,520.3149,57.9285,216.8760,361.3674
288,627.6867,686.5600,2.2010,659.1093,686.6421,627.6045,627.6867,686.5600
289,583.2328,670.0620,-32.3760,633.6293,680.8048,572.4899,583.2328,670.0620
290,24.0717,390.6177,98.9458,416.0885,415.6216,-0.9322,24.0717,390.6177
291,-27.3570,396.4578,32.8810,414.7489,398.9937,-29.8929,-27.3570,396.4578
292,-349.3850,463.7895,-42.0599,710.2949,465.9592,-351.5547,-349.3850,463.7895
293,530.7459,566.9893,-42.1093,554.5813,594.7107,503.0245,530.7459,566.9893
294,462.5692,534.6042,-59.0931,512.7928,567.7912,429.3823,462.5692,534.6042
295,297.5057,438.3631,181.0489,498.5905,562.1995,173.6693,297.5057,438.3631
296,42.7404,258.2774,304.4280,579.2446,473.4492,-172.4314,42.7404,258.2774
297,-294.1458,368.9560,-250.8618,721.0908,453.1666,-378.3564,-294.1458,368.9560
298,63.3744,396.4398,-88.5500,399.4746,418.5185,41.2958,63.3744,396.4398
299,102.0608,299.8247,171.3380,397.2166,398.7668,3.1187,102.0608,299.8247
300,387.9748,311.2634,168.2806,460.0023,522.2155,177.0227,387.9748,311.2634
301,181.4329,-63.6169,233.1033,459.9116,322.2510,-204.4350,181.4329,-63.6169
302,413.1333,159.3385,136.3536,431.2966,472.5026,99.9693,413.1333,159.3385
303,347.8021,13.6341,190.2846,474.3785,433.9479,-72.5116,347.8021,13.6341
304,53.3636,388.9574,-108.7694,410.9400,421.1269,21.1941,53.3636,388.9574
305,54.7403,380.0403,-118.2733,410.5964,418.4963,16.2843,54.7403,380.0403
306,200.1554,-327.1162,-460.3536,921.0416,467.0187,-593.9795,200.1554,-327.1162
307,182.7197,130.9037,306.9052,556.0360,464.8085,-151.1851,182.7197,130.9037
308,-96.6497,243.4415,162.4924,413.9382,308.5964,-161.8047,-96.6497,243.4415
309,-94.7096,442.6975,180.4067,586.9569,497.6422,-149.6543,-94.7096,442.6975
310,386.8998,59.6042,-199.9344,500.1045,481.6206,-35.1166,386.8998,59.6042
311,338.7418,-95.2184,-232.3712,563.9646,439.6874,-196.1640,338.7418,-95.2184
312,431.5376,-173.9732,-114.6979,575.3557,452.5358,-194.9715,431.5376,-173.9732
313,293.1877,259.2816,236.3902,494.7816,513.2320,39.2373,293.1877,259.2816
314,429.7279,315.3984,137.7772,453.3811,521.7287,223.3975,429.7279,315.3984
315,191.0721,480.7921,19.2246,420.6095,482.0621,189.8020,191.0721,480.7921
316,-92.3322,494.3438,100.4670,573.4333,511.0716,-109.0600,-92.3322,494.3438
317,149.9348,-10.4671,-307.4563,554.7500,387.4784,-248.0107,149.9348,-10.4671
318,357.6034,-659.5767,201.1930,959.2833,395.9526,-697.9259,357.6034,-659.5767
319,355.7489,498.2631,91.6656,471.9900,543.1101,310.9019,355.7489,498.2631
320,519.3486,573.4777,78.1039,564.8588,629.0734,463.7529,519.3486,573.4777
321,520.2936,426.1333,87.9711,503.7830,572.9904,373.4364,520.2936,426.1333
322,605.5524,632.5868,31.2065,621.8656,653.0779,585.0613,605.5524,632.5868
323,585.4162,698.9532,4.6008,649.7174,699.1393,585.2301,585.4162,698.9532
324,573.1659,688.4740,-22.3862,639.8509,692.6676,568.9723,573.1659,688.4740
325,513.8544,656.0389,-39.7282,601.7141,666.3864,503.5068,513.8544,656.0389
326,508.6018,615.2224,44.8294,574.7175,631.5659,492.2582,508.6018,615.2224
327,575.7054,529.7162,-29.7660,556.5371,590.3242,515.0974,575.7054,529.7162
328,609.2716,610.7137,-21.4404,611.1233,631.4452,588.5401,609.2716,610.7137
329,615.9415,687.4723,-8.7632,654.8204,688.5302,614.8836,615.9415,687.4723
330,484.9438,316.4241,-0.0264,426.4350,484.9438,316.4241,484.9438,316.4241
331,491.6954,143.9947,18.2189,438.9683,492.6475,143.0426,491.6954,143.9947
332,608.0624,706.9808,3.8059,663.1114,707.1270,607.9161,608.0624,706.9808
333,611.9518,701.2892,-15.3111,661.6945,703.8404,609.4005,611.9518,701.2892
334,563.6882,434.4326,-44.7482,517.2995,577.6680,420.4528,563.6882,434.4326
335,488.6307,168.7361,-90.5630,457.5885,512.4899,144.8770,488.6307,168.7361
336,625.8305,658.4317,-14.5885,643.2480,664.0065,620.2557,625.8305,658.4317
337,598.8215,609.3122,-21.9551,605.3308,626.6399,581.4938,598.8215,609.3122
338,351.2384,119.7152,-206.7797,473.2073,472.4548,-1.5012,351.2384,119.7152
339,142.3681,-58.5734,-299.7762,549.2139,358.0621,-274.2674,142.3681,-58.5734
340,155.0833,454.7918,-21.8366,402.2267,456.3744,153.5007,155.0833,454.7918
341,323.4096,555.3489,26.2476,485.2502,558.2821,320.4764,323.4096,555.3489
342,352.6251,482.3902,-75.7168,451.8197,517.2212,317.7942,352.6251,482.3902
343,277.0054,327.4174,-154.5254,406.0444,458.7791,145.6437,277.0054,327.4174
344,174.6433,416.9318,-194.2159,494.6488,524.6887,66.8864,174.6433,416.9318
345,396.4122,441.8901,-98.2879,454.1149,520.0351,318.2672,396.4122,441.8901
346,276.9187,364.8368,-170.6508,442.8598,497.0995,144.6560,276.9187,364.8368
347,332.9109,239.1445,-160.1268,406.6051,452.8768,119.1786,332.9109,239.1445
348,215.8009,458.5852,-71.3506,416.1491,478.0013,196.3848,215.8009,458.5852
349,310.8936,597.1265,-38.8572,521.6337,602.3077,305.7124,310.8936,597.1265
350,452.9284,348.5831,99.8771,445.7549,513.4386,288.0729,452.9284,348.5831
351,318.4201,252.0943,218.4018,477.2515,506.1624,64.3520,318.4201,252.0943
352,44.5957,359.1608,114.0408,392.4081,396.1540,7.6024,44.5957,359.1608
353,467.9047,233.1230,-124.1137,458.7095,521.3495,179.6782,467.9047,233.1230
354,89.2110,365.0881,127.8515,397.1349,415.2269,39.0723,89.2110,365.0881
355,253.2256,396.5076,-116.9764,402.4749,462.0377,187.6955,253.2256,396.5076
356,7.0884,323.3001,-263.2196,556.8978,472.2480,-141.8595,7.0884,323.3001
357,-91.3973,325.0699,-150.6965,460.2855,373.8784,-140.2058,-91.3973,325.0699
358,10.8469,362.4372,-244.9337,554.5489,488.1324,-114.8483,10.8469,362.4372
359,24.5821,-87.9970,481.2608,839.8493,452.8340,-516.2490,24.5821,-87.9970
360,-151.3545,146.2852,416.6549,766.3240,439.9003,-444.9696,-151.3545,146.2852
361,301.6882,-89.6207,-69.2059,374.7713,313.5672,-101.4997,301.6882,-89.6207
362,439.6229,221.7611,122.1284,435.5468,494.3418,167.0421,439.6229,221.7611
363,447.7401,-74.7213,146.7699,551.4838,486.1473,-113.1285,447.7401,-74.7213
364,126.6560,458.6902,182.6618,518.1105,539.5070,45.8392,126.6560,458.6902
365,379.7832,180.2918,144.4767,413.3874,455.6015,104.4736,379.7832,180.2918
366,350.9741,182.8449,189.0927,446.8885,473.8465,59.9726,350.9741,182.8449
367,234.2801,526.3938,18.9161,457.9601,527.6137,233.0603,234.2801,526.3938
368,236.3228,539.8979,42.0519,474.3976,545.6153,230.6054,236.3228,539.8979
369,-112.2570,502.4694,-55.1376,574.9812,507.3758,-117.1634,-112.2570,502.4694
370,590.9457,656.8369,32.5946,629.0340,670.2359,577.5466,590.9457,656.8369
371,631.2495,682.6734,-3.6926,658.5002,682.9372,630.9857,631.2495,682.6734
372,173.4289,259.4192,-177.8126,383.7148,399.3609,33.4872,173.4289,259.4192
373,-152.0500,125.0194,-416.4695,760.3281,425.3909,-452.4216,-152.0500,125.0194
374,-52.3384,223.4123,192.7895,419.3433,322.5547,-151.4808,-52.3384,223.4123
375,537.1310,511.5986,-51.7699,532.4357,577.6855,471.0442,537.1310,511.5986
376,355.9629,352.8440,-180.6942,472.8216,535.1044,173.7026,355.9629,352.8440
377,399.2236,-695.3713,108.4818,977.6678,409.8713,-706.0190,399.2236,-695.3713
378,409.7221,-206.4063,38.2821,547.2125,412.0916,-208.7757,409.7221,-206.4063
379,34.2274,406.3305,-43.5426,397.5629,411.3579,29.2001,34.2274,406.3305
380,230.6691,399.7286,118.2147,403.3737,460.5261,169.8717,230.6691,399.7286
381,248.6415,-218.5098,-59.6268,417.8107,256.1321,-226.0004,248.6415,-218.5098
382,306.1078,0.1374,-152.0962,403.8064,368.8486,-62.6034,306.1078,0.1374
383,-335.3689,394.3049,155.9332,687.8457,426.2313,-367.2953,-335.3689,394.3049
384,461.5461,8.5906,23.4320,459.1088,462.7551,7.3816,461.5461,8.5906
385,499.9052,418.0414,77.4527,483.4041,546.5766,371.3700,499.9052,418.0414
386,195.0274,93.1333,-206.1990,395.0949,356.4800,-68.3193,195.0274,93.1333
387,-4.1135,379.6581,-232.6160,555.0221,489.3189,-113.7743,-4.1135,379.6581
388,-79.2805,427.4622,-183.8794,569.5030,487.1542,-138.9725,-79.2805,427.4622
389,193.6034,183.8337,205.3745,402.7684,394.1512,-16.7141,193.6034,183.8337
390,586.3619,605.7924,11.5051,596.6475,611.1354,581.0188,586.3619,605.7924
391,633.2544,654.9949,-0.3823,644.4001,655.0016,633.2477,633.2544,654.9949
392,439.8870,551.2756,60.7468,515.7295,577.9951,413.1675,439.8870,551.2756
393,405.1516,644.7947,-18.8379,565.4494,646.2664,403.6798,405.1516,644.7947
394,423.8313,585.0114,5.0077,523.4504,585.1668,423.6759,423.8313,585.0114
395,235.9781,571.6341,89.1855,520.9801,593.8595,213.7528,235.9781,571.6341
396,529.6935,576.3125,41.9709,559.2200,601.0123,504.9937,529.6935,576.3125
397,543.6850,588.8225,57.2986,576.2124,627.8369,504.6706,543.6850,588.8225
398,478.1510,544.8376,51.9117,522.5383,573.1920,449.7967,478.1510,544.8376
399,533.3073,542.5747,78.5780,554.9491,616.6555,459.2265,533.3073,542.5747
400,377.4025,62.4767,34.1706,355.3308,381.0674,58.8117,377.4025,62.4767
401,397.1228,102.2143,-35.5489,362.4277,401.3474,97.9897,397.1228,102.2143
402,595.6288,635.2467,-39.3934,620.1583,659.5312,571.3443,595.6288,635.2467
403,507.5188,526.5930,-70.2688,531.4440,587.9689,446.1429,507.5188,526.5930
404,563.9669,452.4744,-7.5893,517.4785,564.4812,451.9602,563.9669,452.4744
405,629.5021,696.4150,-3.1187,665.5082,696.5601,629.3570,629.5021,696.4150
406,562.5985,653.3397,29.9915,615.2238,662.3564,553.5817,562.5985,653.3397
407,645.2722,712.3248,2.9212,681.2966,712.4519,645.1451,645.2722,712.3248
408,619.1679,713.3751,0.2074,671.2482,713.3756,619.1674,619.1679,713.3751
409,557.5350,651.2198,-6.1908,609.8932,651.6272,557.1277,557.5350,651.2198
410,499.6395,620.9454,-4.2508,570.1037,621.0942,499.4908,499.6395,620.9454
411,583.0849,641.1027,-33.3304,616.8599,656.2801,567.9075,583.0849,641.1027
412,607.9838,605.5037,-17.6198,607.5146,624.4071,589.0804,607.9838,605.5037
413,540.0429,581.2812,-57.9285,570.6878,622.1508,499.1734,540.0429,581.2812
414,483.8186,409.4931,-86.8098,475.6600,541.0857,352.2260,483.8186,409.4931
415,264.0496,23.6372,-143.1519,354.2836,330.7712,-43.0844,264.0496,23.6372
416,436.6785,308.7843,-79.6815,412.6061,474.8997,270.5631,436.6785,308.7843
417,546.2710,475.0301,12.6377,514.8297,548.4465,472.8547,546.2710,475.0301
418,385.0538,-191.8232,-1.4857,508.8531,385.0577,-191.8270,385.0538,-191.8232
419,471.3135,-38.6142,29.4325,494.3943,473.0067,-40.3074,471.3135,-38.6142
420,285.4775,384.1642,-123.0729,406.0174,467.4169,202.2248,285.4775,384.1642
421,143.8925,316.0911,-162.7152,393.1465,414.0823,45.9013,143.8925,316.0911
422,80.8375,352.3778,183.8456,451.2395,445.1525,-11.9372,80.8375,352.3778
423,-3.1801,378.9972,253.0024,580.4179,504.9655,-129.1484,-3.1801,378.9972
424,109.0500,359.0431,-152.8515,414.4164,431.4996,36.5934,109.0500,359.0431
425,330.0802,208.6709,-149.0178,387.6045,430.2835,108.4677,330.0802,208.6709
426,227.0211,65.2647,-184.2604,377.9382,347.3721,-55.0863,227.0211,65.2647
427,443.0667,356.3318,-122.8758,459.0175,530.0035,269.3950,443.0667,356.3318
428,425.8343,245.7346,-157.9327,460.3329,517.5858,153.9831,425.8343,245.7346
429,346.0136,88.5898,120.5353,374.8421,393.6409,40.9625,346.0136,88.5898
430,491.9738,282.3446,32.6220,431.3272,496.9331,277.3853,491.9738,282.3446
431,374.3893,216.0591,-116.6558,383.1245,436.2054,154.2430,374.3893,216.0591
432,366.8632,228.3083,-172.9886,439.0109,483.9307,111.2409,366.8632,228.3083
433,84.8640,329.4962,145.9408,389.4913,397.6005,16.7596,84.8640,329.4962
434,92.8685,458.2800,164.3556,507.0737,521.3265,29.8220,92.8685,458.2800
435,76.2121,503.6131,-94.9759,498.1107,523.7680,56.0573,76.2121,503.6131
436,220.7695,546.4855,-81.5084,496.6579,565.7438,201.5113,220.7695,546.4855
437,153.4291,235.7116,232.6865,453.1716,430.8660,-41.7253,153.4291,235.7116
438,317.2140,194.3564,165.3817,398.4970,432.2068,79.3636,317.2140,194.3564
439,313.0351,151.4595,235.9620,490.4621,481.6561,-17.1615,313.0351,151.4595
440,636.4912,703.8659,-0.4736,672.7143,703.8692,636.4879,636.4912,703.8659
441,638.9638,698.2003,5.0541,670.6044,698.6284,638.5357,638.9638,698.2003
442,256.9216,527.6887,-127.1505,507.3374,578.0361,206.5743,256.9216,527.6887
443,366.7449,575.3106,-86.3309,526.1663,606.4084,335.6471,366.7449,575.3106
444,481.4630,628.0656,-12.5126,569.5194,629.1259,480.4027,481.4630,628.0656
445,436.1914,568.9526,-41.3826,520.5145,580.7954,424.3486,436.1914,568.9526
446,42.8892,540.2415,-11.3357,520.4953,540.4998,42.6310,42.8892,540.2415
447,35.5761,404.5371,17.2347,389.1211,405.3405,34.7728,35.5761,404.5371
448,426.9507,172.8826,-68.8741,390.6326,444.4202,155.4130,426.9507,172.8826
449,134.0641,268.1152,184.0503,394.3829,396.9645,5.2148,134.0641,268.1152
450,216.0616,174.6127,217.7261,426.2148,414.0474,-23.3730,216.0616,174.6127
451,-31.3249,213.2126,-201.5251,418.2785,326.6599,-144.7721,-31.3249,213.2126
452,40.0198,294.1390,-286.5755,568.0884,480.5592,-146.4005,40.0198,294.1390
453,422.2675,467.6500,-125.1994,496.5457,572.1978,317.7197,422.2675,467.6500
454,-45.8091,451.6081,157.7023,548.9500,497.3923,-91.5932,-45.8091,451.6081
455,335.5027,553.2728,100.8810,513.3997,592.8227,295.9528,335.5027,553.2728
456,309.6214,326.5219,160.3620,422.5301,478.6562,157.4871,309.6214,326.5219
457,-306.5509,368.8889,-231.1131,709.4896,440.3975,-378.0595,-306.5509,368.8889
458,-76.4821,449.2827,-167.2052,570.9109,497.9524,-125.1519,-76.4821,449.2827
459,32.1272,403.4327,-60.6506,402.3237,413.0885,22.4714,32.1272,403.4327
460,-139.2506,346.4747,-27.5127,435.8361,348.0282,-140.8040,-139.2506,346.4747
461,31.0827,517.7423,-44.0782,508.6836,521.7023,27.1226,31.0827,517.7423
462,272.6438,-190.7099,146.9314,476.9352,315.3079,-233.3741,272.6438,-190.7099
463,422.7443,-191.0343,-166.7701,615.9564,465.1304,-233.4204,422.7443,-191.0343
464,119.2820,-63.7704,-279.0969,509.4965,321.4769,-265.9654,119.2820,-63.7704
465,154.7961,-44.4228,-257.8418,481.9324,331.6002,-221.2269,154.7961,-44.4228
466,394.1911,402.6285,149.7363,475.4436,548.2055,248.6141,394.1911,402.6285
467,277.4371,369.8854,191.6389,470.4710,520.7960,126.5264,277.4371,369.8854
468,-112.9299,310.7130,-117.5700,431.1063,341.1539,-143.3707,-112.9299,310.7130
469,-105.3682,325.9217,-157.8584,475.8434,377.5257,-156.9722,-105.3682,325.9217
470,-50.5170,-15.7371,-461.6094,800.7836,428.8098,-495.0639,-50.5170,-15.7371
471,114.9469,224.0174,-308.8089,568.9774,483.0695,-144.1052,114.9469,224.0174
472,193.9699,518.2946,110.6936,492.4219,552.4731,159.7915,193.9699,518.2946
473,51.9192,470.2767,133.5835,502.9642,509.2920,12.9038,51.9192,470.2767
474,554.3957,635.6865,28.5062,601.2219,644.6863,545.3958,554.3957,635.6865
475,632.0699,697.8736,9.9154,667.6301,699.3352,630.6083,632.0699,697.8736
476,603.0041,674.1974,-6.2766,641.6622,674.7465,602.4549,603.0041,674.1974
477,481.7345,667.9959,-15.6699,597.6844,669.3050,480.4254,481.7345,667.9959
478,492.0242,578.8158,71.0086,554.4825,618.6391,452.2010,492.0242,578.8158
479,547.6214,624.5230,51.4000,596.5249,650.2628,521.8816,547.6214,624.5230
480,601.8507,559.0164,-13.2833,582.0726,605.6356,555.2316,601.8507,559.0164
481,567.7874,479.0103,13.9451,529.5666,569.9263,476.8714,567.7874,479.0103
482,504.2937,363.6628,25.7650,452.9475,508.8655,359.0910,504.2937,363.6628
483,605.5617,682.6110,-4.7319,647.5854,682.9005,605.2722,605.5617,682.6110
484,640.1477,703.2319,7.7245,674.0407,704.1640,639.2156,640.1477,703.2319
485,480.7236,372.5042,67.2041,452.0311,512.8939,340.3338,480.7236,372.5042
486,587.6096,564.8333,36.1567,579.9502,614.1293,538.3137,587.6096,564.8333
487,517.3413,679.1051,-24.0436,615.8173,682.6032,513.8432,517.3413,679.1051
488,445.7013,651.6053,-19.2708,577.8684,653.3934,443.9133,445.7013,651.6053
489,478.3758,276.7920,-38.5560,421.3150,485.4986,269.6692,478.3758,276.7920
490,445.6534,250.4193,7.4365,387.1466,445.9362,250.1365,445.6534,250.4193
491,622.4495,667.7165,-21.4550,647.3406,676.2694,613.8966,622.4495,667.7165
492,645.2219,711.2802,-2.9087,680.6781,711.4081,645.0941,645.2219,711.2802
493,211.7641,447.8353,69.1419,406.0873,466.5953,193.0042,211.7641,447.8353
494,243.5206,535.5956,121.5194,509.9385,579.5421,199.5742,243.5206,535.5956
495,504.6074,458.5869,-83.2250,504.2851,567.9445,395.2498,504.6074,458.5869
496,553.8700,601.6878,-57.4737,587.7525,640.0273,515.5305,553.8700,601.6878
497,581.9005,588.2118,48.2181,591.0123,633.3774,536.7350,581.9005,588.2118
498,282.0156,538.1011,2.2179,466.2054,538.1203,281.9964,282.0156,538.1011
499,337.9909,584.7550,-66.5706,521.3725,601.5684,321.1775,337.9909,584.7550
500,477.6973,479.2729,-72.4088,494.6503,550.8981,406.0721,477.6973,479.2729
501,479.7658,500.2622,-86.4164,512.6716,577.0359,402.9921,479.7658,500.2622
502,478.2296,234.2206,73.2714,433.1947,498.5409,213.9093,478.2296,234.2206
503,398.0147,28.9511,77.5300,407.1408,413.6401,13.3257,398.0147,28.9511
504,297.6264,518.1192,-38.7061,455.3214,524.7165,291.0292,297.6264,518.1192
505,261.9467,516.3833,-10.0455,447.5551,516.7793,261.5507,261.9467,516.3833
506,449.2902,590.5599,32.5960,537.1009,597.7182,442.1318,449.2902,590.5599
507,289.1147,570.3414,-16.6052,494.7825,571.3185,288.1377,289.1147,570.3414
508,136.8774,186.5646,-312.9892,567.3553,475.6946,-152.2527,136.8774,186.5646
509,356.8984,626.9675,-15.6627,545.3778,627.8728,355.9931,356.8984,626.9675
510,224.3995,566.5142,63.4396,506.2033,577.8992,213.0145,224.3995,566.5142
511,612.4594,649.8901,-13.0308,632.4095,653.9797,608.3698,612.4594,649.8901
512,606.2827,652.7857,-9.0711,631.0167,654.4925,604.5759,606.2827,652.7857
513,496.2867,435.8824,101.2075,500.6998,571.7025,360.4667,496.2867,435.8824
514,385.4462,453.4395,113.6658,467.0753,538.0838,300.8019,385.4462,453.4395
515,486.4836,142.1716,7.7702,433.4697,486.6589,141.9964,486.4836,142.1716
516,304.2791,-51.5340,-69.5134,354.1448,317.3774,-64.6323,304.2791,-51.5340
517,151.2707,464.0668,62.7249,424.0805,476.1762,139.1613,151.2707,464.0668
518,357.7883,25.5807,192.2462,479.9897,445.7496,-62.3805,357.7883,25.5807
519,218.3288,-1.1166,262.2706,504.2520,392.9033,-175.6912,218.3288,-1.1166
520,376.8640,471.2860,141.1565,496.2879,572.9173,275.2327,376.8640,471.2860
521,283.4472,258.5949,197.0555,436.3579,468.4679,73.5742,283.4472,258.5949
522,339.4594,438.8713,94.4450,430.8379,495.8918,282.4389,339.4594,438.8713
523,135.5847,428.4089,195.1105,507.9725,525.9325,38.0611,135.5847,428.4089
524,410.5974,363.2290,-110.3458,433.4896,499.7721,274.0543,410.5974,363.2290
525,481.5780,465.6840,-75.2981,491.4522,549.3474,397.9147,481.5780,465.6840
526,275.2883,272.3065,225.9652,477.6531,499.7675,47.8273,275.2883,272.3065
527,166.4665,167.9057,296.3558,539.8455,463.5428,-129.1706,166.4665,167.9057
528,241.5772,94.0690,-211.9498,423.3813,392.2387,-56.5925,241.5772,94.0690
529,45.6649,-54.1156,-514.8099,895.8643,512.9963,-521.4471,45.6649,-54.1156
530,252.5848,437.5432,-103.1216,420.2720,483.5793,206.5488,252.5848,437.5432
531,314.3017,471.0492,-152.3087,492.1537,563.9659,221.3851,314.3017,471.0492
532,278.8936,501.0396,-142.4912,499.9968,570.6347,209.2985,278.8936,501.0396
533,172.4583,391.4163,-210.2842,498.1003,519.0134,44.8611,172.4583,391.4163
534,550.4846,506.6146,-10.6280,530.2329,552.9237,504.1755,550.4846,506.6146
535,593.6985,579.3713,-3.6136,586.6995,594.5583,578.5115,593.6985,579.3713
536,471.5581,417.2597,81.8822,468.8545,530.6746,358.1431,471.5581,417.2597
537,429.4146,432.1812,97.4503,462.6902,528.2580,333.3378,429.4146,432.1812
538,299.0552,-196.5273,126.4739,484.5787,329.4656,-226.9377,299.0552,-196.5273
539,284.1792,-63.4560,76.5237,346.9654,300.2786,-79.5553,284.1792,-63.4560
540,462.6353,-698.2855,4.7950,1012.3016,462.6551,-698.3053,462.6353,-698.2855
541,449.6574,-124.8931,-16.3979,524.1716,450.1250,-125.3607,449.6574,-124.8931
542,15.9633,116.1498,231.1452,414.9406,302.5675,-170.4544,15.9633,116.1498
543,512.5387,280.1930,45.2372,451.3685,521.0355,271.6961,512.5387,280.1930
544,529.4675,420.0761,25.1364,486.0850,534.9669,414.5766,529.4675,420.0761
545,604.2778,672.2452,21.1820,642.0190,678.3061,598.2169,604.2778,672.2452
546,528.4563,625.9765,24.6205,584.9187,631.8398,522.5930,528.4563,625.9765
547,420.1789,643.6071,9.9476,566.2571,644.0491,419.7369,420.1789,643.6071
548,645.7596,714.3390,-1.8350,682.6452,714.3881,645.7105,645.7596,714.3390
549,637.7736,698.4625,9.8781,670.4005,700.0298,636.2063,637.7736,698.4625
550,588.9731,573.1560,42.4688,585.8621,624.2634,537.8657,588.9731,573.1560
551,564.5691,546.9110,23.5378,557.4432,580.8793,530.6008,564.5691,546.9110
552,531.4600,679.7374,0.0468,619.0633,679.7374,531.4600,531.4600,679.7374
553,602.6254,679.2584,15.1232,644.9009,682.1349,599.7489,602.6254,679.2584
554,611.9066,630.1840,24.7325,622.7222,647.4122,594.6784,611.9066,630.1840
555,522.1807,669.0205,-31.1248,611.4064,675.3454,515.8558,522.1807,669.0205
556,570.5549,669.7399,-16.3412,626.7074,672.3628,567.9320,570.5549,669.7399
557,378.2413,630.5151,37.0825,553.4024,635.8530,372.9033,378.2413,630.5151
558,462.6612,655.7487,8.6205,583.8623,656.1328,462.2771,462.6612,655.7487
559,501.2967,619.1780,32.8442,572.2972,627.7113,492.7633,501.2967,619.1780
560,555.8079,653.3806,19.8023,611.4335,657.2463,551.9421,555.8079,653.3806
561,639.1345,702.3631,-8.2920,673.1334,703.4324,638.0652,639.1345,702.3631
562,614.5925,684.8888,-16.6622,653.2243,688.6382,610.8431,614.5925,684.8888
563,374.9355,566.3556,-88.4932,521.9977,600.9968,340.2943,374.9355,566.3556
564,306.8057,529.1840,-31.4775,463.4450,533.5538,302.4360,306.8057,529.1840
565,469.7895,336.2164,62.5386,433.0427,494.4990,311.5069,469.7895,336.2164
566,512.9484,393.3523,-9.2541,465.1124,513.6603,392.6404,512.9484,393.3523
567,569.2508,527.6485,17.6681,550.4831,575.7416,521.1577,569.2508,527.6485
568,530.3649,452.0677,-9.8539,496.1679,531.5860,450.8466,530.3649,452.0677
569,423.6378,59.1227,-161.1258,485.5949,484.6483,-1.8878,423.6378,59.1227
570,425.4322,279.7596,-140.3984,446.5135,510.7630,194.4288,425.4322,279.7596
571,495.3934,589.7502,48.8511,555.1764,610.4852,474.6584,495.3934,589.7502
572,323.5783,479.4566,122.8584,474.0489,547.0121,256.0227,323.5783,479.4566
573,115.4872,36.3244,249.2270,443.6260,328.2563,-176.4447,115.4872,36.3244
574,313.2067,-1.7962,243.9024,526.4307,446.0413,-134.6309,313.2067,-1.7962
575,409.4136,439.5691,114.2772,469.0978,539.7590,309.2237,409.4136,439.5691
576,408.2330,512.3022,64.0118,481.9353,542.7607,377.7745,408.2330,512.3022
577,577.1907,613.2608,-26.8100,597.8510,627.5373,562.9142,577.1907,613.2608
578,570.4147,471.9055,-40.8911,532.8246,585.1764,457.1437,570.4147,471.9055
579,364.8694,367.9099,-145.6015,444.8007,511.9990,220.7802,364.8694,367.9099
580,405.3549,163.7446,-47.7572,362.7567,414.4521,154.6474,405.3549,163.7446
581,384.6053,626.0248,-40.4751,551.3352,632.6299,378.0002,384.6053,626.0248
582,514.6250,611.5858,-30.4824,571.7746,620.3725,505.8382,514.6250,611.5858
583,465.8423,522.9924,72.4976,512.5093,572.3432,416.4915,465.8423,522.9924
584,547.8538,519.3554,71.5981,548.3811,606.6068,460.6024,547.8538,519.3554
585,579.1232,590.4876,-28.5428,586.9738,613.9083,555.7025,579.1232,590.4876
586,488.0435,556.4328,-85.1614,545.8919,614.0082,430.4681,488.0435,556.4328
587,553.3503,651.7745,-8.4558,608.7376,652.4957,552.6291,553.3503,651.7745
588,467.5534,609.9029,-69.9761,565.7875,638.5404,438.9159,467.5534,609.9029
589,369.4892,-291.4211,-47.7375,579.6224,372.9195,-294.8514,369.4892,-291.4211
590,366.0793,-244.3882,64.2465,543.6801,372.7675,-251.0764,366.0793,-244.3882
591,162.6850,193.2188,197.2001,386.0437,375.7421,-19.8383,162.6850,193.2188
592,451.9292,533.5474,105.5677,530.3026,605.9192,379.5574,451.9292,533.5474
593,274.3747,470.9710,158.4503,493.1451,559.1374,186.2083,274.3747,470.9710
594,577.3421,593.1108,-37.0797,588.8983,623.1352,547.3177,577.3421,593.1108
595,614.6555,611.8620,8.7420,613.4504,622.1116,604.4059,614.6555,611.8620
596,402.1428,392.9315,-128.3929,455.5805,526.0126,269.0616,402.1428,392.9315
597,433.8628,229.8084,128.4064,436.8159,495.8409,167.8302,433.8628,229.8084
598,380.5907,169.6983,164.7193,436.4155,470.7240,79.5650,380.5907,169.6983
599,500.0798,133.2944,-56.7699,459.1926,508.6655,124.7087,500.0798,133.2944
600,477.6925,-47.8808,-81.8592,522.9319,490.1471,-60.3354,477.6925,-47.8808
601,207.8623,72.2252,-343.3608,622.1738,490.0381,-209.9505,207.8623,72.2252
602,299.1160,210.4123,-250.7129,509.2906,509.3698,0.1585,299.1160,210.4123
603,463.1993,187.3074,119.9153,453.8899,508.0340,142.4727,463.1993,187.3074
604,489.0640,212.3286,66.1497,439.9455,504.0632,197.3294,489.0640,212.3286
605,291.4399,518.7426,68.3652,465.6933,537.7202,272.4623,291.4399,518.7426
606,184.8841,436.0237,93.2986,412.0665,466.8905,154.0173,184.8841,436.0237
607,209.9141,560.8914,-93.3578,516.7892,584.1789,186.6266,209.9141,560.8914
608,154.6345,475.2131,-22.3328,421.6056,476.7615,153.0862,154.6345,475.2131
609,186.4272,549.3707,-59.7562,494.8313,558.9560,176.8419,186.4272,549.3707
610,638.7214,692.9063,-8.7587,667.6378,694.2870,637.3408,638.7214,692.9063
611,610.8725,693.3274,-7.1872,656.1161,693.9492,610.2507,610.8725,693.3274
612,331.7106,-93.4543,166.6536,482.7895,389.2480,-150.9917,331.7106,-93.4543
613,597.3780,680.7582,10.1375,643.3744,681.9731,596.1632,597.3780,680.7582
614,570.1375,612.4778,52.3312,599.3371,647.7587,534.8566,570.1375,612.4778
615,478.9410,620.9601,17.9905,564.3967,623.2036,476.6975,478.9410,620.9601
616,405.0922,564.1496,25.1821,505.7018,568.0412,401.2006,405.0922,564.1496
617,510.1138,385.3350,79.4253,480.6866,548.7235,346.7254,510.1138,385.3350
618,533.8478,381.6085,67.7816,490.5922,559.6524,355.8039,533.8478,381.6085
619,627.7143,686.1667,2.1950,658.8989,686.2490,627.6320,627.7143,686.1667
620,635.9554,710.2373,-0.1691,676.1635,710.2377,635.9550,635.9554,710.2373
621,575.9740,621.1750,20.6554,600.9191,629.1920,567.9571,575.9740,621.1750
622,589.4218,637.4801,35.9274,618.0021,656.6734,570.2285,589.4218,637.4801
623,632.6910,694.2724,-10.8405,665.8864,696.1250,630.8384,632.6910,694.2724
624,588.8038,691.2122,-2.5296,646.1385,691.2746,588.7414,588.8038,691.2122
625,391.3400,640.8522,-7.7464,559.6672,641.0924,391.0997,391.3400,640.8522
626,392.5205,573.8726,-10.1248,508.3826,574.4361,391.9570,392.5205,573.8726
627,629.4218,696.9072,6.0341,665.8169,697.4425,628.8865,629.4218,696.9072
628,641.7660,709.7590,-2.0006,678.3319,709.8178,641.7072,641.7660,709.7590
629,451.6209,632.0707,33.8674,566.9740,638.2177,445.4740,451.6209,632.0707
630,424.3763,504.3836,82.6707,490.8696,556.2207,372.5391,424.3763,504.3836
631,537.5926,551.1573,-49.3850,551.1794,594.2235,494.5264,537.5926,551.1573
632,549.8491,540.2454,-51.8829,552.4683,597.1519,492.9426,549.8491,540.2454
633,551.4604,681.6312,-17.4725,627.4974,683.9357,549.1559,551.4604,681.6312
634,519.6761,635.2672,21.3503,587.2495,639.0847,515.8586,519.6761,635.2672
635,471.2717,333.5008,-40.4336,425.5055,482.2617,322.5109,471.2717,333.5008
636,544.7755,338.3454,-19.6156,477.5876,546.6229,336.4980,544.7755,338.3454
637,312.4799,-84.2273,91.4689,395.1669,332.5541,-104.3015,312.4799,-84.2273
638,551.4596,505.6866,60.7072,540.3860,593.4512,463.6950,551.4596,505.6866
639,529.0511,455.3502,44.9344,502.3869,550.3131,434.0882,529.0511,455.3502
640,339.8257,518.8914,-56.2105,466.7719,535.0740,323.6431,339.8257,518.8914
641,370.9776,489.4112,-78.3496,462.6047,528.4049,331.9839,370.9776,489.4112
642,532.3114,293.5205,-49.7414,469.7744,542.2584,283.5735,532.3114,293.5205
643,566.3615,414.7766,-26.1720,509.8494,570.7530,410.3851,566.3615,414.7766
644,625.4940,661.4787,8.8947,644.4247,663.5573,623.4155,625.4940,661.4787
645,469.2003,194.7630,-111.1582,451.4057,508.5747,155.3886,469.2003,194.7630
646,432.8331,104.9460,-46.6616,399.3319,439.3442,98.4349,432.8331,104.9460
647,49.0402,3.3206,-228.2708,398.2158,255.5930,-203.2322,49.0402,3.3206
648,568.4695,629.6900,-35.4799,604.5527,645.9392,552.2203,568.4695,629.6900
649,451.2458,624.2887,-50.9974,565.2024,638.1998,437.3347,451.2458,624.2887
650,203.9722,-242.3799,235.3221,562.0684,305.1171,-343.5247,203.9722,-242.3799
651,370.5639,-128.8449,213.9957,582.2768,449.7157,-207.9967,370.5639,-128.8449
652,593.5477,707.3141,-4.1838,657.8905,707.4677,593.3940,593.5477,707.3141
653,576.1112,660.0396,18.8690,623.1920,664.0866,572.0642,576.1112,660.0396
654,375.3721,529.2540,-110.6436,508.9919,587.0792,317.5469,375.3721,529.2540
655,558.8129,549.2382,-22.4405,555.4492,576.9710,531.0801,558.8129,549.2382
656,584.9755,671.4120,5.4568,632.7086,671.7551,584.6324,584.9755,671.4120
657,538.2517,652.3642,13.9686,603.9397,654.0492,536.5667,538.2517,652.3642
658,557.5894,592.2642,-55.0533,583.5539,632.6455,517.2081,557.5894,592.2642
659,605.9133,671.6059,-24.5148,642.6923,679.7456,597.7735,605.9133,671.6059
660,645.0743,718.8107,-0.1512,684.9258,718.8110,645.0740,645.0743,718.8107
661,641.8174,709.4077,1.5803,678.1491,709.4447,641.7805,641.8174,709.4077
662,428.6541,251.5385,74.3000,394.6573,455.6946,224.4980,428.6541,251.5385
663,530.8834,306.6603,4.3505,461.6640,530.9678,306.5759,530.8834,306.6603
664,622.3589,669.7500,17.5294,648.0684,675.5292,616.5797,622.3589,669.7500
665,620.4000,674.8916,21.0891,650.3893,682.0999,613.1917,620.4000,674.8916
666,579.3764,633.5393,18.3233,609.0966,639.1557,573.7600,579.3764,633.5393
667,606.2373,647.8869,31.4678,630.4590,664.7966,589.3276,606.2373,647.8869
668,446.8450,445.3977,-98.7629,477.7951,544.8869,347.3558,446.8450,445.3977
669,437.3495,464.4261,-102.3758,485.0691,554.1548,347.6208,437.3495,464.4261
670,-0.5398,-204.2460,440.5349,789.8225,349.7632,-554.5489,-0.5398,-204.2460
671,322.7967,477.9105,70.0950,439.3952,504.8924,295.8147,322.7967,477.9105
672,333.0691,620.0616,41.4991,542.2680,625.9419,327.1888,333.0691,620.0616
673,357.6678,564.6578,-8.6418,495.0039,565.0180,357.3076,357.6678,564.6578
674,375.9251,607.4456,-40.7310,535.6611,614.4023,368.9684,375.9251,607.4456
675,578.5587,689.1825,4.3235,641.1133,689.3512,578.3900,578.5587,689.1825
676,570.5185,668.4465,12.0301,625.6078,669.9027,569.0623,570.5185,668.4465
677,364.7522,535.0606,119.7639,516.9136,596.8575,302.9553,364.7522,535.0606
678,435.1078,582.8451,54.9386,533.3681,601.0353,416.9176,435.1078,582.8451
679,530.2802,362.5052,31.8546,472.6753,536.1247,356.6607,530.2802,362.5052
680,553.6169,389.6849,-2.1597,492.5686,553.6454,389.6564,553.6169,389.6849
681,299.4356,9.4912,-271.3775,554.8397,462.1364,-153.2096,299.4356,9.4912
682,436.9713,314.2806,100.0294,427.0858,492.9679,258.2840,436.9713,314.2806
683,415.3473,318.1781,130.2729,438.7588,505.8004,227.7250,415.3473,318.1781
684,520.4317,526.4320,81.3631,542.0957,604.8503,442.0134,520.4317,526.4320
685,456.6824,436.8950,117.3584,491.1545,564.5634,329.0141,456.6824,436.8950
686,-87.3829,275.4463,115.7434,384.4026,309.2242,-121.1607,-87.3829,275.4463
687,-59.4409,304.2920,204.1694,489.1520,395.8493,-150.9982,-59.4409,304.2920
688,505.5100,479.4604,48.9957,500.2523,543.1826,441.7879,505.5100,479.4604
689,461.9459,456.9996,109.2870,496.9552,568.7877,350.1577,461.9459,456.9996
690,601.1061,555.1651,20.7984,580.6216,609.1230,547.1482,601.1061,555.1651
691,583.3238,496.3644,-8.9804,545.2936,584.2416,495.4466,583.3238,496.3644
692,508.1822,186.7633,-35.6415,449.4784,512.0870,182.8585,508.1822,186.7633
693,610.5556,652.2181,6.7832,632.5260,653.2946,609.4790,610.5556,652.2181
694,610.2036,649.2735,-0.4183,630.6473,649.2780,610.1991,610.2036,649.2735
695,200.9967,-519.9024,-353.5902,888.9741,345.4728,-664.3785,200.9967,-519.9024
696,533.0144,423.6858,18.4345,488.6746,536.0390,420.6611,533.0144,423.6858
697,560.9719,619.7519,-23.8286,593.9881,628.1980,552.5258,560.9719,619.7519
698,507.0146,594.0854,-57.3902,564.5106,622.5845,478.5155,507.0146,594.0854
699,621.6425,683.1267,17.9968,655.2958,688.0071,616.7621,621.6425,683.1267
700,632.7429,717.2314,0.1587,678.9414,717.2317,632.7426,632.7429,717.2314
701,426.3816,596.8581,80.8529,550.6025,629.1050,394.1348,426.3816,596.8581
702,611.1271,662.4130,5.0905,638.3780,662.9134,610.6267,611.1271,662.4130
703,-132.7862,389.9821,6.0813,470.7583,390.0528,-132.8569,-132.7862,389.9821
704,509.5731,591.5143,56.8761,563.7719,620.6399,480.4475,509.5731,591.5143
705,632.2209,716.2598,-1.2008,678.1602,716.2770,632.2037,632.2209,716.2598
706,630.6516,691.0906,-1.7436,662.9475,691.1408,630.6014,630.6516,691.0906
707,606.2288,600.8310,12.6616,603.9463,616.4760,590.5838,606.2288,600.8310
708,624.5242,682.9081,-1.2210,655.6720,682.9336,624.4987,624.5242,682.9081
709,611.1269,617.7321,-28.6295,616.4538,643.2489,585.6101,611.1269,617.7321
710,-168.3791,140.2966,-402.9313,747.4747,417.4373,-445.5199,-168.3791,140.2966
711,555.2133,478.5024,47.4088,527.5398,577.8393,455.8763,555.2133,478.5024
712,507.4540,378.7509,56.8778,467.4061,528.9873,357.2176,507.4540,378.7509
713,-75.9752,263.3321,-157.6323,411.9061,325.2606,-137.9038,-75.9752,263.3321
714,156.4259,99.3958,-320.0112,570.9834,449.1900,-193.3683,156.4259,99.3958
715,-0.6190,192.9943,-258.4228,487.5589,372.1475,-179.7723,-0.6190,192.9943
716,64.4307,246.7893,-310.0953,581.0618,478.8325,-167.6125,64.4307,246.7893
717,608.9564,637.6448,-1.1125,623.7985,637.6878,608.9134,608.9564,637.6448
718,536.7875,680.1369,16.8297,621.6814,682.0862,534.8382,536.7875,680.1369
719,11.3155,-157.7480,-457.2824,808.7763,391.8136,-538.2462,11.3155,-157.7480
720,-224.3411,449.6972,16.8259,595.2239,450.1170,-224.7609,-224.3411,449.6972
721,563.7414,633.0779,35.8156,604.6057,648.2559,548.5635,563.7414,633.0779
722,480.5207,650.8274,39.5211,588.5798,659.5517,471.7965,480.5207,650.8274
723,92.6258,-151.1740,-491.4196,877.4482,477.0388,-535.5870,92.6258,-151.1740
724,-36.0039,494.1908,2.0947,513.1537,494.1990,-36.0122,-36.0039,494.1908
725,-153.5232,522.7963,-29.8064,616.2889,524.1073,-154.8343,-153.5232,522.7963
726,327.0124,438.4614,115.6439,442.6327,511.1064,254.3673,327.0124,438.4614
727,341.6812,596.5904,80.0993,536.7217,619.6701,318.6015,341.6812,596.5904
728,461.0024,590.2582,39.6136,541.7797,601.4327,449.8279,461.0024,590.2582
729,207.5786,-76.2001,-196.9954,425.5989,308.4644,-177.0859,207.5786,-76.2001
730,380.2337,-139.2653,-227.9713,610.6051,466.0861,-225.1178,380.2337,-139.2653
731,-100.0897,359.6666,84.7581,443.7665,374.7944,-115.2174,-100.0897,359.6666
732,-340.0016,542.4323,-34.9253,773.2536,543.8125,-341.3817,-340.0016,542.4323
733,272.2840,-134.7143,211.8108,513.3796,362.5122,-224.9424,272.2840,-134.7143
734,252.2558,-624.3215,-260.5186,902.5015,323.8366,-695.9024,252.2558,-624.3215
