face,S11,S22,S12,von_mises,principal_1,principal_2,T_wale_Nm,T_course_Nm
0,1066.3337,-92.9795,61.4388,1120.7963,1069.5806,-96.2264,1066.3337,-92.9795
1,1191.2066,-76.6704,5.7998,1231.3743,1191.2331,-76.6969,1191.2066,-76.6704
2,1229.7845,-15.4347,16.5709,1237.9068,1230.0050,-15.6552,1229.7845,-15.4347
3,1203.3553,-24.0764,-6.8928,1215.6309,1203.3940,-24.1151,1203.3553,-24.0764
4,1036.8316,-184.1475,104.8625,1154.4905,1045.7721,-193.0880,1036.8316,-184.1475
5,966.7270,-217.1842,182.3802,1136.4310,994.1856,-244.6428,966.7270,-217.1842
6,1036.8951,-151.3998,94.8224,1132.2689,1044.4141,-158.9187,1036.8951,-151.3998
7,908.6839,-480.0163,15.2035,1221.8832,908.8503,-480.1827,908.6839,-480.0163
8,1191.0405,-552.2969,34.1972,1544.3205,1191.7111,-552.9675,1191.0405,-552.2969
9,1099.3503,-576.5827,46.1095,1476.9100,1100.6179,-577.8503,1099.3503,-576.5827
10,1156.6902,-460.5988,37.4283,1444.6648,1157.5560,-461.4645,1156.6902,-460.5988
11,1118.1881,-86.3273,18.5410,1164.1986,1118.4734,-86.6126,1118.1881,-86.3273
12,1128.8360,-681.7203,51.0271,1586.3086,1130.2729,-683.1573,1128.8360,-681.7203
13,1167.0604,-295.4495,-70.6674,1345.0314,1170.4670,-298.8562,1167.0604,-295.4495
14,1000.8169,-163.9962,-10.2945,1092.2350,1000.9079,-164.0871,1000.8169,-163.9962
15,954.0020,-276.8959,-145.8065,1146.6164,971.0378,-293.9317,954.0020,-276.8959
16,953.3383,-267.6092,-37.0644,1113.4235,954.4624,-268.7333,953.3383,-267.6092
17,1133.4029,-17.0315,32.3241,1143.3854,1134.3104,-17.9390,1133.4029,-17.0315
18,952.6841,-567.2994,-113.7136,1344.8736,961.1442,-575.7595,952.6841,-567.2994
19,1193.2286,-364.0253,-67.8839,1415.8032,1196.1822,-366.9789,1193.2286,-364.0253
20,988.7186,-316.5605,-68.2565,1185.2177,992.2782,-320.1201,988.7186,-316.5605
21,925.6452,-155.2718,95.5372,1025.6886,934.0243,-163.6510,925.6452,-155.2718
22,1116.8260,-401.6881,-105.7745,1375.0760,1124.1585,-409.0206,1116.8260,-401.6881
23,900.2914,-199.3465,-14.9932,1015.0901,900.4958,-199.5509,900.2914,-199.3465
24,1094.2618,-174.7086,-8.9597,1191.3647,1094.3251,-174.7718,1094.2618,-174.7086
25,1038.8189,-299.5200,-127.0680,1236.3021,1050.7765,-311.4776,1038.8189,-299.5200
26,942.6572,-192.4327,-75.4942,1060.2496,947.6563,-197.4317,942.6572,-192.4327
27,1081.1657,-79.0439,-22.2176,1123.4357,1081.5910,-79.4692,1081.1657,-79.0439
28,1031.6653,-432.8513,-178.8991,1339.5020,1053.2021,-454.3881,1031.6653,-432.8513
29,1136.4573,-65.2093,20.4347,1170.9602,1136.8047,-65.5567,1136.4573,-65.2093
30,1115.7122,-485.5213,39.2034,1423.6774,1116.6715,-486.4805,1115.7122,-485.5213
31,1045.1003,-583.1548,149.3179,1452.1181,1058.6801,-596.7347,1045.1003,-583.1548
32,1216.7962,-214.0696,42.0152,1338.7284,1218.0289,-215.3023,1216.7962,-214.0696
33,1140.3356,-426.7970,-107.6017,1415.6084,1147.6892,-434.1506,1140.3356,-426.7970
34,1152.4209,-294.4678,64.2608,1329.1066,1155.2693,-297.3162,1152.4209,-294.4678
35,1173.7143,-621.4001,-108.8620,1590.1705,1180.2920,-627.9777,1173.7143,-621.4001
36,1106.4045,-119.5297,48.3061,1173.7406,1108.3050,-121.4302,1106.4045,-119.5297
37,1016.7073,-569.6402,137.1145,1411.9993,1028.4714,-581.4043,1016.7073,-569.6402
38,999.0024,-317.2456,117.8855,1207.1747,1009.4771,-327.7202,999.0024,-317.2456
39,1019.9630,-263.5064,140.5921,1199.0935,1035.1830,-278.7264,1019.9630,-263.5064
40,906.8367,-191.9549,55.3995,1021.0184,909.6228,-194.7410,906.8367,-191.9549
41,1082.9012,-513.5761,-75.7313,1417.6718,1086.4856,-517.1605,1082.9012,-513.5761
42,1214.6594,-41.4651,17.3918,1236.2808,1214.9002,-41.7059,1214.6594,-41.4651
43,1201.2262,17.4031,12.9454,1192.8307,1201.3678,17.2615,1201.2262,17.4031
44,1224.1320,-199.6743,9.1000,1335.3071,1224.1901,-199.7325,1224.1320,-199.6743
45,1031.2038,-579.1997,-133.7344,1431.7057,1042.2341,-590.2300,1031.2038,-579.1997
46,987.9017,-60.4113,5.1682,1019.4900,987.9272,-60.4368,987.9017,-60.4113
47,1218.7188,-0.8281,28.3265,1220.1198,1219.3763,-1.4856,1218.7188,-0.8281
48,1258.9251,-19.5807,6.4827,1268.8785,1258.9580,-19.6136,1258.9251,-19.5807
49,1218.7273,-67.4342,-17.8257,1254.1854,1218.9744,-67.6812,1218.7273,-67.4342
50,1173.2181,24.4358,30.7346,1162.4126,1174.0397,23.6141,1173.2181,24.4358
51,965.5178,-316.7804,204.2307,1209.7777,997.2597,-348.5223,965.5178,-316.7804
52,1220.2887,-127.3713,12.6743,1288.8909,1220.4079,-127.4905,1220.2887,-127.3713
53,945.7684,-164.3140,-33.7145,1039.3699,946.7914,-165.3370,945.7684,-164.3140
54,1088.6074,-131.9595,31.0805,1161.4773,1089.3983,-132.7504,1088.6074,-131.9595
55,1113.0889,-493.3274,-74.2489,1431.0817,1116.5134,-496.7519,1113.0889,-493.3274
56,933.6477,-214.1736,28.0828,1058.2519,934.3344,-214.8602,933.6477,-214.1736
57,1076.0921,-268.9068,105.1081,1246.1126,1084.2565,-277.0712,1076.0921,-268.9068
58,1171.1631,-292.7441,-40.0264,1343.4952,1172.2567,-293.8377,1171.1631,-292.7441
59,1173.0260,-284.8951,19.3721,1338.8317,1173.2834,-285.1524,1173.0260,-284.8951
60,926.9330,-136.3597,62.9194,1008.0038,930.6432,-140.0699,926.9330,-136.3597
61,1134.7857,-213.3283,-21.8368,1255.6911,1135.1394,-213.6819,1134.7857,-213.3283
62,1143.7664,-12.1875,6.9144,1149.9709,1143.8078,-12.2288,1143.7664,-12.1875
63,1074.3903,-336.6234,-24.8430,1277.1634,1074.8276,-337.0607,1074.3903,-336.6234
64,1080.7737,-304.0386,-22.7087,1261.2118,1081.1459,-304.4109,1080.7737,-304.0386
65,1143.4282,-473.2754,3.9290,1439.6598,1143.4377,-473.2850,1143.4282,-473.2754
66,1131.7005,-70.5630,15.8182,1168.9020,1131.9086,-70.7711,1131.7005,-70.5630
67,1065.2360,-46.4731,-16.1381,1089.5750,1065.4702,-46.7073,1065.2360,-46.4731
68,1041.0248,-95.7520,-4.9765,1092.0878,1041.0466,-95.7738,1041.0248,-95.7520
69,1186.4735,-162.9779,-5.6458,1275.8313,1186.4971,-163.0015,1186.4735,-162.9779
70,1205.5058,-530.8254,-89.8681,1548.9228,1210.1447,-535.4643,1205.5058,-530.8254
71,1125.6902,-103.1092,35.4106,1182.2185,1126.7098,-104.1288,1125.6902,-103.1092
72,1018.9116,-412.2400,-123.5513,1293.8136,1029.4995,-422.8279,1018.9116,-412.2400
73,1115.9642,-81.8235,25.7185,1159.8998,1116.5161,-82.3755,1115.9642,-81.8235
74,1186.1201,-178.7083,7.4453,1284.8942,1186.1607,-178.7489,1186.1201,-178.7083
75,1171.6113,-119.9334,-36.8545,1237.5973,1172.6621,-120.9842,1171.6113,-119.9334
76,1158.8891,-325.7297,28.6662,1352.4325,1159.4424,-326.2830,1158.8891,-325.7297
77,1026.9475,-159.8485,-24.4226,1116.2966,1027.4499,-160.3508,1026.9475,-159.8485
78,1119.5139,-106.4898,35.3536,1177.9720,1120.5325,-107.5084,1119.5139,-106.4898
79,1248.4331,-40.1924,21.9384,1269.5755,1248.8065,-40.5658,1248.4331,-40.1924
80,1146.9813,-93.5758,-0.8822,1196.5177,1146.9819,-93.5764,1146.9813,-93.5758
81,1202.5392,-282.1881,-39.5092,1367.3902,1203.5898,-283.2388,1202.5392,-282.1881
82,1036.1585,-504.5909,169.6044,1391.8942,1054.6075,-523.0399,1036.1585,-504.5909
83,1261.3749,-175.4021,-14.5320,1357.8343,1261.5219,-175.5491,1261.3749,-175.4021
84,1047.2005,-300.2171,-24.7708,1225.9639,1047.6557,-300.6723,1047.2005,-300.2171
85,958.6212,-387.9533,-80.5764,1208.6523,963.4256,-392.7577,958.6212,-387.9533
86,910.5326,-143.3730,30.1065,991.4083,911.3920,-144.2323,910.5326,-143.3730
87,940.9912,-353.4349,136.8937,1182.8692,955.3102,-367.7539,940.9912,-353.4349
88,966.3515,-356.6191,-37.8403,1187.4037,967.4330,-357.7005,966.3515,-356.6191
89,1126.5510,-86.8883,-7.5967,1172.4863,1126.5986,-86.9359,1126.5510,-86.8883
90,1108.6564,15.4198,33.1773,1102.5261,1109.6623,14.4138,1108.6564,15.4198
91,1141.8116,-141.2089,65.0174,1223.7604,1145.0980,-144.4953,1141.8116,-141.2089
92,1128.6070,-46.0031,-15.6747,1152.6173,1128.8161,-46.2122,1128.6070,-46.0031
93,1211.6253,-171.0417,1.1786,1305.5780,1211.6263,-171.0427,1211.6253,-171.0417
94,1173.0479,-9.7711,24.0602,1178.7007,1173.5371,-10.2603,1173.0479,-9.7711
95,965.5492,-190.9162,-7.0720,1073.8824,965.5925,-190.9595,965.5492,-190.9162
96,1142.3212,-76.5343,-18.9173,1182.9013,1142.6147,-76.8278,1142.3212,-76.5343
97,1218.7598,-146.8759,-26.7637,1299.2703,1219.2842,-147.4002,1218.7598,-146.8759
98,1143.8454,-43.3552,0.4398,1166.1279,1143.8456,-43.3553,1143.8454,-43.3552
99,941.5772,-112.3606,-17.0835,1002.9279,941.8541,-112.6375,941.5772,-112.3606
100,1045.1365,-507.7634,89.9156,1380.2429,1050.3254,-512.9524,1045.1365,-507.7634
101,1062.8859,-566.2350,12.7212,1432.7167,1062.9852,-566.3343,1062.8859,-566.2350
102,1075.0217,-554.7598,45.2695,1437.3437,1076.2782,-556.0163,1075.0217,-554.7598
103,1111.0160,-682.6177,28.5174,1568.8092,1111.4693,-683.0709,1111.0160,-682.6177
104,1037.6805,-61.3591,77.5421,1078.0794,1043.1244,-66.8030,1037.6805,-61.3591
105,987.1898,-233.9275,115.3149,1140.2145,997.9840,-244.7217,987.1898,-233.9275
106,1138.1650,-312.3936,-67.6854,1327.5198,1141.3165,-315.5451,1138.1650,-312.3936
107,920.4377,-252.1540,-40.4558,1071.3493,921.8318,-253.5481,920.4377,-252.1540
108,1039.1735,-349.3348,131.7679,1271.6227,1051.5675,-361.7288,1039.1735,-349.3348
109,1142.2603,-196.5510,-16.9621,1252.5041,1142.4751,-196.7659,1142.2603,-196.5510
110,1180.1709,-239.8636,-87.2899,1325.2458,1185.5165,-245.2092,1180.1709,-239.8636
111,962.0613,-552.1279,130.4095,1346.3313,973.2107,-563.2773,962.0613,-552.1279
112,905.3219,-267.3723,84.8006,1074.5823,911.4223,-273.4728,905.3219,-267.3723
113,1052.2010,-90.1224,17.4320,1100.4487,1052.4669,-90.3883,1052.2010,-90.1224
114,1139.3796,27.3996,46.0073,1128.7462,1141.2798,25.4993,1139.3796,27.3996
115,949.4184,-193.9674,142.6222,1088.2086,966.9401,-211.4891,949.4184,-193.9674
116,1075.6650,-251.7408,-8.4164,1221.2412,1075.7184,-251.7942,1075.6650,-251.7408
117,1029.1246,-541.6124,75.8340,1388.1933,1032.7773,-545.2651,1029.1246,-541.6124
118,1052.5054,-315.9232,-12.6819,1241.1964,1052.6229,-316.0408,1052.5054,-315.9232
119,1013.0086,-147.9902,-37.3710,1096.4454,1014.2103,-149.1918,1013.0086,-147.9902
120,1138.0214,-41.0074,-3.3072,1159.0835,1138.0307,-41.0167,1138.0214,-41.0074
121,1143.1280,-27.3616,30.1630,1158.2303,1143.9047,-28.1384,1143.1280,-27.3616
122,1198.6935,-22.2471,31.8472,1211.2272,1199.5237,-23.0772,1198.6935,-22.2471
123,1127.0224,-125.3635,-26.9683,1195.5605,1127.6029,-125.9440,1127.0224,-125.3635
124,1050.8590,-230.6237,-47.7916,1186.0426,1052.6389,-232.4036,1050.8590,-230.6237
125,1045.6199,-205.1471,-60.5647,1166.5832,1048.5457,-208.0730,1045.6199,-205.1471
126,995.1926,-442.4547,-38.2507,1277.0636,996.2096,-443.4717,995.1926,-442.4547
127,1197.1642,-144.1453,30.9551,1276.4875,1197.8782,-144.8593,1197.1642,-144.1453
128,1040.6941,-461.0923,179.9311,1368.4415,1061.9510,-482.3493,1040.6941,-461.0923
129,1092.3564,-51.5304,19.1165,1119.5015,1092.6758,-51.8497,1092.3564,-51.5304
130,1158.8469,-96.4035,-30.4356,1211.0804,1159.5845,-97.1411,1158.8469,-96.4035
131,1182.6291,-186.7176,-38.4031,1287.9119,1183.7053,-187.7938,1182.6291,-186.7176
132,1058.9343,-63.9952,19.3519,1092.8529,1059.2677,-64.3286,1058.9343,-63.9952
133,1021.0188,-153.6102,9.0412,1105.9655,1021.0884,-153.6798,1021.0188,-153.6102
134,1162.1870,-448.6604,36.5962,1441.3258,1163.0180,-449.4914,1162.1870,-448.6604
135,919.9968,-306.5585,38.7767,1107.6624,921.2214,-307.7832,919.9968,-306.5585
136,1032.2605,-279.2362,176.9640,1235.2035,1055.7191,-302.6948,1032.2605,-279.2362
137,1191.3068,-653.6437,51.3590,1622.6724,1192.7354,-655.0723,1191.3068,-653.6437
138,1075.7250,-168.0999,-2.8768,1168.8866,1075.7316,-168.1065,1075.7250,-168.0999
139,1151.0650,-304.7396,27.9487,1330.7649,1151.6014,-305.2759,1151.0650,-304.7396
140,1150.6764,-61.9518,13.7302,1183.1087,1150.8319,-62.1072,1150.6764,-61.9518
141,1028.7082,-109.0321,7.0882,1087.4013,1028.7524,-109.0763,1028.7082,-109.0321
142,1097.0743,-94.1840,19.4061,1147.5623,1097.3903,-94.5000,1097.0743,-94.1840
143,1132.4459,-18.8575,38.8952,1143.9768,1133.7584,-20.1701,1132.4459,-18.8575
144,1124.3642,-56.1844,20.8497,1154.0482,1124.7323,-56.5525,1124.3642,-56.1844
145,1210.8992,-26.0656,12.4979,1224.3315,1211.0255,-26.1919,1210.8992,-26.0656
146,1200.5589,-91.4805,9.3056,1248.9186,1200.6259,-91.5475,1200.5589,-91.4805
147,1075.0200,-108.6137,-3.5417,1133.2539,1075.0306,-108.6243,1075.0200,-108.6137
148,1086.2015,-139.6439,-38.8853,1164.2816,1087.4337,-140.8762,1086.2015,-139.6439
149,1148.3810,-178.9668,-47.6941,1250.2617,1150.0925,-180.6784,1148.3810,-178.9668
150,935.4014,-346.0666,-63.1742,1153.4392,938.5083,-349.1734,935.4014,-346.0666
151,1093.4843,-251.8412,-13.1032,1238.9639,1093.6119,-251.9689,1093.4843,-251.8412
152,1084.0135,-136.6098,4.2950,1158.3997,1084.0286,-136.6249,1084.0135,-136.6098
153,1090.1518,-59.8807,-5.1596,1121.3276,1090.1749,-59.9039,1090.1518,-59.8807
154,1169.5459,-614.6224,-141.5302,1588.8737,1180.7031,-625.7795,1169.5459,-614.6224
155,1107.2483,-238.9745,4.0063,1244.0899,1107.2602,-238.9864,1107.2483,-238.9745
156,1054.6060,-196.8714,-81.0179,1173.9955,1059.8291,-202.0945,1054.6060,-196.8714
157,1101.6215,-328.3419,13.0675,1297.5358,1101.7409,-328.4613,1101.6215,-328.3419
158,942.9909,-469.3690,-129.3457,1265.8361,954.7389,-481.1170,942.9909,-469.3690
159,1005.5241,-133.6245,-32.4992,1080.0303,1006.4506,-134.5509,1005.5241,-133.6245
160,1169.4222,-596.4419,-130.1952,1572.1437,1178.9697,-605.9895,1169.4222,-596.4419
161,1167.1075,-466.3542,-95.8777,1466.7956,1172.7159,-471.9626,1167.1075,-466.3542
162,1132.6125,-261.6182,85.5578,1292.1020,1137.8432,-266.8489,1132.6125,-261.6182
163,1179.0728,-88.5821,-11.5784,1225.9308,1179.1785,-88.6878,1179.0728,-88.5821
164,920.7369,-163.6309,79.5303,1021.8453,926.5388,-169.4328,920.7369,-163.6309
165,1027.6388,-71.7442,55.1911,1069.6046,1030.4025,-74.5079,1027.6388,-71.7442
166,1062.9062,-696.0527,32.1016,1535.3141,1063.4919,-696.6384,1062.9062,-696.0527
167,1103.7235,-408.8621,33.7573,1356.4893,1104.4766,-409.6151,1103.7235,-408.8621
168,968.6241,-179.8928,172.3905,1110.8546,993.9415,-205.2102,968.6241,-179.8928
169,1229.0738,-438.6460,22.4573,1497.8899,1229.3762,-438.9484,1229.0738,-438.6460
170,1057.0689,-669.9824,116.0822,1521.4841,1064.8363,-677.7498,1057.0689,-669.9824
171,940.7403,-287.2299,192.6501,1161.4836,970.2548,-316.7444,940.7403,-287.2299
172,1211.4499,13.4120,25.1392,1205.5865,1211.9772,12.8847,1211.4499,13.4120
173,1224.5469,5.5565,3.6632,1221.7946,1224.5579,5.5455,1224.5469,5.5565
174,1253.1215,-49.6406,-5.8512,1278.7049,1253.1478,-49.6668,1253.1215,-49.6406
175,1067.6306,-171.9497,7.4501,1163.2485,1067.6754,-171.9945,1067.6306,-171.9497
176,1187.6467,-66.4823,-16.3977,1222.5746,1187.8610,-66.6966,1187.6467,-66.4823
177,1214.9028,-27.7992,0.0505,1229.0383,1214.9028,-27.7992,1214.9028,-27.7992
178,1060.3031,-215.8402,0.3340,1183.0833,1060.3032,-215.8403,1060.3031,-215.8402
179,1191.1561,-70.2523,-5.4489,1227.8269,1191.1797,-70.2759,1191.1561,-70.2523
180,940.7892,-182.2507,95.7070,1056.9950,948.8870,-190.3486,940.7892,-182.2507
181,1261.7397,-82.2595,-6.1965,1304.8597,1261.7683,-82.2880,1261.7397,-82.2595
182,1037.0697,-114.6273,4.8661,1098.9088,1037.0903,-114.6479,1037.0697,-114.6273
183,1109.9558,-72.5773,2.4005,1147.9739,1109.9606,-72.5822,1109.9558,-72.5773
184,1124.6487,-52.4147,31.8139,1153.0684,1125.5080,-53.2740,1124.6487,-52.4147
185,970.7970,-415.4799,-149.6820,1259.2184,986.7746,-431.4575,970.7970,-415.4799
186,1033.2190,-322.0783,-75.5947,1233.3681,1037.4224,-326.2818,1033.2190,-322.0783
187,1045.5426,-152.8576,-7.6251,1129.8311,1045.5911,-152.9061,1045.5426,-152.8576
188,942.2059,-324.8874,96.3809,1152.0775,949.4952,-332.1766,942.2059,-324.8874
189,1176.0135,-64.3009,16.1873,1209.7715,1176.2247,-64.5122,1176.0135,-64.3009
190,1161.8064,-50.4307,-24.8801,1188.6064,1162.3168,-50.9411,1161.8064,-50.4307
191,912.6802,-196.3378,-68.9564,1031.9846,916.9513,-200.6089,912.6802,-196.3378
192,1154.7177,-347.2522,-58.5955,1365.7363,1157.0002,-349.5347,1154.7177,-347.2522
193,1150.4021,-280.4066,-72.2641,1319.2041,1154.0426,-284.0471,1150.4021,-280.4066
194,958.3728,-299.6740,-155.2990,1169.5451,977.2600,-318.5613,958.3728,-299.6740
195,1151.1084,-67.1523,-16.3162,1186.4477,1151.3269,-67.3708,1151.1084,-67.1523
196,1157.2055,-145.2102,10.1274,1236.3480,1157.2843,-145.2890,1157.2055,-145.2102
197,981.0219,-420.6131,46.2549,1248.3463,982.5466,-422.1379,981.0219,-420.6131
198,1080.1684,-221.4661,-28.3077,1207.2430,1080.7837,-222.0814,1080.1684,-221.4661
199,1106.4730,-215.8381,36.0488,1230.2789,1107.4550,-216.8201,1106.4730,-215.8381
200,1128.3461,-121.6161,46.3058,1196.5003,1130.0592,-123.3292,1128.3461,-121.6161
201,1031.6149,-271.5833,97.6382,1202.8116,1038.8895,-278.8580,1031.6149,-271.5833
202,1134.7002,-377.6139,15.1829,1363.5640,1134.8526,-377.7663,1134.7002,-377.6139
203,1145.7578,-420.2988,-68.6382,1408.9380,1148.7604,-423.3014,1145.7578,-420.2988
204,1181.7655,-67.9977,5.5862,1217.2281,1181.7904,-68.0227,1181.7655,-67.9977
205,924.7261,-188.7217,57.4078,1036.8882,927.6782,-191.6738,924.7261,-188.7217
206,967.5008,-559.3291,131.9414,1357.3076,978.8186,-570.6470,967.5008,-559.3291
207,1056.8472,-185.7620,129.1704,1182.2903,1070.1325,-199.0473,1056.8472,-185.7620
208,1113.6983,-382.4028,30.9758,1347.3365,1114.3394,-383.0438,1113.6983,-382.4028
209,933.3395,-227.5551,-116.5959,1084.4694,944.9342,-239.1498,933.3395,-227.5551
210,1043.0976,-496.5015,-65.6576,1365.7960,1045.8926,-499.2964,1043.0976,-496.5015
211,1199.8044,-27.7646,-13.7442,1214.1583,1199.9583,-27.9185,1199.8044,-27.7646
212,1189.6398,-208.4153,-6.2920,1306.4217,1189.6681,-208.4436,1189.6398,-208.4153
213,1252.4940,-51.6006,8.8183,1279.1664,1252.5536,-51.6603,1252.4940,-51.6006
214,1183.6353,-44.9675,0.4513,1206.7478,1183.6354,-44.9677,1183.6353,-44.9675
215,1184.6196,-55.4858,-2.5112,1213.3222,1184.6247,-55.4909,1184.6196,-55.4858
216,1041.9468,-34.6053,-14.6720,1059.9780,1042.1467,-34.8052,1041.9468,-34.6053
217,1105.6929,-23.9345,19.0967,1118.3416,1106.0157,-24.2573,1105.6929,-23.9345
218,1157.1461,-29.5667,30.0557,1173.3646,1157.9068,-30.3275,1157.1461,-29.5667
219,1118.0182,-37.2498,-8.1686,1137.1888,1118.0760,-37.3076,1118.0182,-37.2498
220,1200.4423,-211.2288,-4.6885,1318.8303,1200.4579,-211.2444,1200.4423,-211.2288
221,1185.7240,-93.0663,-8.3062,1234.9740,1185.7780,-93.1202,1185.7240,-93.0663
222,1249.3907,-79.4072,9.1282,1291.0241,1249.4534,-79.4699,1249.3907,-79.4072
223,1044.9834,-174.2536,-14.7944,1142.4111,1045.1629,-174.4331,1044.9834,-174.2536
224,1155.1036,-18.9423,-10.0551,1164.8205,1155.1897,-19.0285,1155.1036,-18.9423
225,974.0835,-14.5691,-3.6907,981.4700,974.0973,-14.5829,974.0835,-14.5691
226,1246.8767,-261.7042,-21.2580,1396.7316,1247.1762,-262.0037,1246.8767,-261.7042
227,1172.3845,-148.6473,20.8218,1253.8556,1172.7126,-148.9754,1172.3845,-148.6473
228,1212.8301,-69.9846,6.8496,1249.3498,1212.8667,-70.0212,1212.8301,-69.9846
229,1147.0255,-115.2394,9.0958,1208.8748,1147.0910,-115.3050,1147.0255,-115.2394
230,1059.0938,-163.5995,53.1640,1153.3390,1061.4010,-165.9067,1059.0938,-163.5995
231,1144.3513,-348.4485,134.9143,1372.7015,1156.4464,-360.5436,1144.3513,-348.4485
232,1141.9622,-205.3291,-43.9099,1259.5634,1143.3917,-206.7587,1141.9622,-205.3291
233,1038.7659,-380.3009,-56.1012,1275.9895,1040.9804,-382.5154,1038.7659,-380.3009
234,1046.3082,-550.2573,-112.7046,1418.2347,1054.2250,-558.1741,1046.3082,-550.2573
235,1104.5601,-16.3376,37.3104,1114.6937,1105.8007,-17.5782,1104.5601,-16.3376
236,1064.8049,4.3531,21.1316,1063.2652,1065.2258,3.9321,1064.8049,4.3531
237,1086.2879,-134.6462,-11.9240,1159.6732,1086.4043,-134.7626,1086.2879,-134.6462
238,963.2990,-250.5600,-3.5192,1110.0120,963.3092,-250.5702,963.2990,-250.5600
239,1136.1629,-313.7216,26.2709,1322.0426,1136.6387,-314.1975,1136.1629,-313.7216
240,1154.5319,-178.3434,20.9762,1253.7836,1154.8619,-178.6735,1154.5319,-178.3434
241,1026.8434,-146.1898,107.8414,1122.8456,1036.6753,-156.0217,1026.8434,-146.1898
242,960.9951,-353.1518,107.0226,1192.4623,969.6539,-361.8105,960.9951,-353.1518
243,1120.1256,-117.0810,55.4285,1186.9084,1122.6039,-119.5593,1120.1256,-117.0810
244,998.5941,-332.6344,-71.3102,1206.3407,1002.4031,-336.4433,998.5941,-332.6344
245,1176.8275,-465.4782,-93.7821,1475.0477,1182.1655,-470.8162,1176.8275,-465.4782
246,1109.7935,-653.6658,-163.4340,1569.8684,1124.8123,-668.6847,1109.7935,-653.6658
247,921.8495,-195.9514,3.5116,1033.8657,921.8606,-195.9624,921.8495,-195.9514
248,1234.3223,-323.2373,81.3579,1430.6888,1238.5605,-327.4755,1234.3223,-323.2373
249,1157.9633,-604.8838,127.7673,1567.2172,1167.1754,-614.0959,1157.9633,-604.8838
250,901.8595,-183.4387,16.8323,1006.6212,902.1205,-183.6996,901.8595,-183.4387
251,920.8084,-174.7273,-82.7513,1029.4909,927.0237,-180.9427,920.8084,-174.7273
252,1023.4374,-74.7766,-52.8083,1066.7291,1025.9709,-77.3101,1023.4374,-74.7766
253,1031.0339,-264.6317,-11.0607,1185.8635,1031.1283,-264.7261,1031.0339,-264.6317
254,941.6928,-338.8864,-21.5309,1149.8464,942.0547,-339.2483,941.6928,-338.8864
255,1156.3411,-694.4115,55.2900,1622.1836,1157.9914,-696.0618,1156.3411,-694.4115
256,1013.3784,-79.4200,-2.7363,1055.3427,1013.3852,-79.4269,1013.3784,-79.4200
257,1228.9470,11.4947,21.8070,1223.8231,1229.3375,11.1043,1228.9470,11.4947
258,1180.3917,-21.8215,-11.1825,1191.6098,1180.4957,-21.9255,1180.3917,-21.8215
259,1047.3837,-98.7992,27.4320,1101.1412,1048.0398,-99.4553,1047.3837,-98.7992
260,1134.9691,-3.4701,51.1643,1140.1573,1137.2639,-5.7649,1134.9691,-3.4701
261,1204.2548,7.6964,15.1387,1200.7114,1204.4463,7.5049,1204.2548,7.6964
262,1036.5827,-81.0978,-26.1669,1080.3699,1037.1950,-81.7101,1036.5827,-81.0978
263,1087.7024,-188.9448,5.3966,1193.4821,1087.7252,-188.9676,1087.7024,-188.9448
264,1246.9057,-16.4277,15.8160,1255.4991,1247.1036,-16.6257,1246.9057,-16.4277
265,1093.8871,-28.4706,-22.6379,1109.0899,1094.3435,-28.9270,1093.8871,-28.4706
266,1187.9778,-217.8304,-5.4613,1310.5757,1187.9991,-217.8516,1187.9778,-217.8304
267,1108.3939,-144.8934,-21.4598,1188.0706,1108.7613,-145.2607,1108.3939,-144.8934
268,1033.3368,-102.6343,5.5855,1088.3328,1033.3643,-102.6618,1033.3368,-102.6343
269,1128.8405,-125.8400,-4.4303,1196.7576,1128.8562,-125.8556,1128.8405,-125.8400
270,1133.0553,-142.0448,36.5068,1211.9958,1134.0997,-143.0891,1133.0553,-142.0448
271,1201.6943,-213.7063,8.6687,1321.6560,1201.7474,-213.7594,1201.6943,-213.7063
272,1180.2749,-181.4884,21.1958,1281.2263,1180.6047,-181.8182,1180.2749,-181.4884
273,1100.0196,-473.1145,100.0941,1408.6775,1106.3628,-479.4577,1100.0196,-473.1145
274,1069.7059,-137.7258,109.4061,1160.3768,1079.5392,-147.5590,1069.7059,-137.7258
275,996.8765,-163.4828,-25.3098,1088.7531,997.4283,-164.0346,996.8765,-163.4828
276,1152.6314,-45.5071,6.7908,1176.1043,1152.6699,-45.5456,1152.6314,-45.5071
277,1042.9792,-134.5629,20.3209,1116.9144,1043.3297,-134.9135,1042.9792,-134.5629
278,1071.5105,-207.8201,2.1863,1189.1256,1071.5142,-207.8238,1071.5105,-207.8201
279,1161.0682,-275.2828,-12.9590,1320.6006,1161.1851,-275.3997,1161.0682,-275.2828
280,1068.6967,-5.5750,39.3810,1073.6639,1070.1384,-7.0167,1068.6967,-5.5750
281,1126.2650,-30.5832,19.7780,1142.3776,1126.6030,-30.9213,1126.2650,-30.5832
282,1133.3358,-205.3236,22.6452,1249.3386,1133.7188,-205.7066,1133.3358,-205.3236
283,1174.3263,-126.6351,3.5096,1242.5082,1174.3358,-126.6446,1174.3263,-126.6351
284,1088.3368,-693.7425,10.8121,1555.9987,1088.4024,-693.8081,1088.3368,-693.7425
285,1035.7699,-598.5413,21.1516,1432.6075,1036.0436,-598.8150,1035.7699,-598.5413
286,1052.0530,-532.5983,-76.0044,1402.8999,1055.6901,-536.2353,1052.0530,-532.5983
287,1007.1998,-246.8770,-53.7741,1154.4389,1009.5014,-249.1786,1007.1998,-246.8770
288,1034.1193,-107.5219,6.1531,1091.9102,1034.1525,-107.5551,1034.1193,-107.5219
289,1246.1019,-66.1475,6.8879,1280.5133,1246.1381,-66.1836,1246.1019,-66.1475
290,1017.4854,-78.1239,17.9542,1059.1680,1017.7796,-78.4180,1017.4854,-78.1239
291,982.3976,-193.9621,-3.7105,1092.3898,982.4093,-193.9738,982.3976,-193.9621
292,897.0553,-250.1944,-56.0881,1049.3719,899.7909,-252.9300,897.0553,-250.1944
293,1215.9941,-107.0609,19.4405,1273.3510,1216.2797,-107.3465,1215.9941,-107.0609
294,1072.9448,-123.2304,11.4179,1139.7397,1073.0537,-123.3393,1072.9448,-123.2304
295,1180.2192,-110.0033,11.7649,1239.0567,1180.3265,-110.1105,1180.2192,-110.0033
296,974.6249,-220.9342,125.9934,1123.2349,987.7584,-234.0677,974.6249,-220.9342
297,930.6783,-393.6752,-121.8722,1196.6978,941.8000,-404.7969,930.6783,-393.6752
298,1121.3541,-261.9881,-18.7272,1273.1482,1121.6076,-262.2416,1121.3541,-261.9881
299,1125.0853,-101.9737,59.3025,1183.8475,1127.9447,-104.8330,1125.0853,-101.9737
300,1038.5195,-166.0208,56.0347,1134.8661,1041.1206,-168.6219,1038.5195,-166.0208
301,1028.1158,-506.3003,115.5873,1368.9334,1036.7741,-514.9586,1028.1158,-506.3003
302,1122.1165,-147.5034,58.3091,1206.9046,1124.7888,-150.1757,1122.1165,-147.5034
303,1138.0267,-263.9421,-27.7972,1291.3022,1138.5776,-264.4930,1138.0267,-263.9421
304,1127.0703,-297.5704,-42.3816,1303.6898,1128.3300,-298.8301,1127.0703,-297.5704
305,1131.5082,-243.4715,-80.0671,1278.4019,1136.1550,-248.1182,1131.5082,-243.4715
306,1152.6774,-571.5540,-170.2779,1549.5612,1169.3324,-588.2090,1152.6774,-571.5540
307,993.5119,-168.4674,82.6250,1096.9513,999.3578,-174.3132,993.5119,-168.4674
308,930.7637,-265.6208,78.6796,1096.6664,935.9158,-270.7730,930.7637,-265.6208
309,921.9627,-130.8386,41.3619,996.4410,923.5852,-132.4611,921.9627,-130.8386
310,1173.3220,-343.1060,-58.8880,1381.0806,1175.6054,-345.3894,1173.3220,-343.1060
311,1176.9351,-467.6462,-89.7907,1475.9558,1181.8230,-472.5340,1176.9351,-467.6462
312,1179.4114,-422.9783,-99.3890,1448.5930,1185.5525,-429.1195,1179.4114,-422.9783
313,1010.8412,-173.5892,87.6100,1118.2266,1017.2864,-180.0345,1010.8412,-173.5892
314,1129.3599,-118.8897,48.5136,1196.2101,1131.2426,-120.7724,1129.3599,-118.8897
315,1114.7885,-39.2773,-27.1594,1135.9115,1115.4273,-39.9161,1114.7885,-39.2773
316,1017.6020,-70.6585,2.9877,1054.7205,1017.6102,-70.6667,1017.6020,-70.6585
317,1022.6487,-573.4078,-95.4732,1410.0876,1028.3394,-579.0986,1022.6487,-573.4078
318,1172.3977,-654.8415,64.5291,1607.3457,1174.6737,-657.1175,1172.3977,-654.8415
319,1156.9390,-47.0849,3.3537,1181.1998,1156.9483,-47.0942,1156.9390,-47.0849
320,1090.8200,-68.1750,31.8844,1127.8088,1091.6965,-69.0515,1090.8200,-68.1750
321,1167.6174,-61.8215,19.3890,1200.1933,1167.9231,-62.1272,1167.6174,-61.8215
322,1230.4480,7.4043,2.3958,1226.7696,1230.4527,7.3996,1230.4480,7.4043
323,1218.1298,10.5901,18.7560,1213.3044,1218.4211,10.2988,1218.1298,10.5901
324,1222.9209,5.5268,21.4974,1220.7349,1223.3004,5.1473,1222.9209,5.5268
325,1114.6714,-50.8680,-17.1009,1141.3405,1114.9222,-51.1188,1114.6714,-50.8680
326,1050.7106,-72.7050,6.6240,1088.9455,1050.7496,-72.7441,1050.7106,-72.7050
327,1156.2662,-91.7620,-23.2716,1205.4451,1156.7000,-92.1958,1156.2662,-91.7620
328,1022.3996,-112.9990,1.3265,1083.3306,1022.4012,-113.0006,1022.3996,-112.9990
329,1222.2337,9.1228,21.9446,1218.2910,1222.6306,8.7260,1222.2337,9.1228
330,1080.0557,-205.4871,-3.8219,1196.1298,1080.0671,-205.4985,1080.0557,-205.4871
331,1237.3177,-163.8148,42.8548,1328.9059,1238.6272,-165.1243,1237.3177,-163.8148
332,1256.8772,-20.2713,3.5585,1267.1495,1256.8871,-20.2812,1256.8772,-20.2713
333,1188.2784,-24.5791,22.1518,1201.3695,1188.6829,-24.9835,1188.2784,-24.5791
334,1058.9241,-171.1078,-15.7350,1154.3531,1059.1254,-171.3090,1058.9241,-171.1078
335,1073.6918,-262.0735,-20.1091,1226.4159,1073.9945,-262.3761,1073.6918,-262.0735
336,1025.7545,-41.3736,7.3355,1047.1316,1025.8049,-41.4240,1025.7545,-41.3736
337,1026.7917,-54.6119,25.4374,1056.0776,1027.3897,-55.2100,1026.7917,-54.6119
338,1125.6261,-351.4014,-33.5815,1337.7021,1126.3892,-352.1646,1125.6261,-351.4014
339,1122.3346,-512.0277,-170.7587,1477.8191,1139.9849,-529.6780,1122.3346,-512.0277
340,1123.0125,-165.1641,-74.8377,1220.9503,1127.3457,-169.4973,1123.0125,-165.1641
341,985.7056,-185.8744,6.6803,1090.6494,985.7437,-185.9125,985.7056,-185.8744
342,1015.7114,-212.1276,5.5407,1136.7587,1015.7364,-212.1526,1015.7114,-212.1276
343,1017.2111,-306.4160,-26.6351,1201.0109,1017.7468,-306.9518,1017.2111,-306.4160
344,1075.5154,-240.7548,-35.5206,1215.4904,1076.4733,-241.7126,1075.5154,-240.7548
345,1055.9331,-214.5931,-5.5159,1178.0204,1055.9570,-214.6170,1055.9331,-214.5931
346,1125.3518,-266.2942,-71.3423,1285.4078,1128.9996,-269.9419,1125.3518,-266.2942
347,1157.4045,-261.7559,-39.4331,1309.8564,1158.4994,-262.8508,1157.4045,-261.7559
348,1187.8538,-188.7461,-22.4166,1293.1868,1188.2188,-189.1111,1187.8538,-188.7461
349,1148.0773,-76.2031,16.5932,1188.3608,1148.3022,-76.4280,1148.0773,-76.2031
350,1050.2170,-165.1178,36.2047,1143.4866,1051.2946,-166.1954,1050.2170,-165.1178
351,1092.0209,-160.6345,32.7234,1181.9230,1092.8752,-161.4888,1092.0209,-160.6345
352,1042.2206,-148.0712,20.0173,1124.1325,1042.5571,-148.4078,1042.2206,-148.0712
353,1213.3406,-207.1580,-1.2639,1329.0854,1213.3418,-207.1592,1213.3406,-207.1580
354,1138.7845,-91.5723,30.9981,1188.4357,1139.5650,-92.3528,1138.7845,-91.5723
355,988.4798,-316.6108,-13.7907,1179.3509,988.6255,-316.7565,988.4798,-316.6108
356,934.1697,-326.1342,-62.0942,1138.0985,937.2216,-329.1862,934.1697,-326.1342
357,993.6289,-390.6137,-85.4914,1244.9614,998.8889,-395.8737,993.6289,-390.6137
358,1087.3783,-336.5413,-125.4978,1307.2293,1098.3545,-347.5175,1087.3783,-336.5413
359,998.3104,-404.1452,170.5485,1284.7878,1018.7523,-424.5872,998.3104,-404.1452
360,920.9772,-323.8397,116.3296,1136.6257,931.7550,-334.6175,920.9772,-323.8397
361,1025.0741,-431.0877,7.9000,1295.6456,1025.1169,-431.1305,1025.0741,-431.0877
362,1083.4046,-140.7970,82.6066,1169.0171,1088.9536,-146.3459,1083.4046,-140.7970
363,1102.1422,-383.7777,53.6380,1339.2578,1104.0759,-385.7114,1102.1422,-383.7777
364,1127.8907,-31.9569,18.6862,1144.6616,1128.1917,-32.2578,1127.8907,-31.9569
365,1084.5610,-223.8468,10.7049,1212.2290,1084.6485,-223.9344,1084.5610,-223.8468
366,1148.1257,-184.9478,12.6867,1251.0894,1148.2465,-185.0685,1148.1257,-184.9478
367,1187.0129,-65.7843,0.3783,1221.2348,1187.0130,-65.7844,1187.0129,-65.7843
368,1189.7364,-82.8710,4.1683,1233.2831,1189.7501,-82.8846,1189.7364,-82.8710
369,1041.5943,-102.0398,-74.9322,1103.8385,1046.4831,-106.9285,1041.5943,-102.0398
370,1240.8958,-24.5619,15.3329,1253.6386,1241.0816,-24.7477,1240.8958,-24.5619
371,1071.9051,-62.3613,14.6942,1104.7003,1072.0954,-62.5517,1071.9051,-62.3613
372,1116.6620,-345.2963,-58.3780,1327.3909,1118.9894,-347.6237,1116.6620,-345.2963
373,1022.2560,-457.0070,-172.6156,1345.5219,1042.1315,-476.8825,1022.2560,-457.0070
374,1025.6896,-193.5222,86.7785,1144.8036,1031.8352,-199.6678,1025.6896,-193.5222
375,1266.6988,-113.0955,-3.8805,1326.8834,1266.7097,-113.1064,1266.6988,-113.0955
376,1099.7568,-194.4438,-81.7959,1217.0398,1104.9059,-199.5929,1099.7568,-194.4438
377,1153.4161,-614.0502,134.0842,1571.5016,1163.5302,-624.1642,1153.4161,-614.0502
378,1189.4286,-468.2697,114.0931,1493.3325,1197.2443,-476.0855,1189.4286,-468.2697
379,1056.5880,-221.0861,-10.9250,1182.8830,1056.6814,-221.1795,1056.5880,-221.0861
380,1183.9162,-114.5257,14.2247,1245.3793,1184.0720,-114.6815,1183.9162,-114.5257
381,1135.1062,-489.9585,-69.2642,1448.8178,1138.0531,-492.9053,1135.1062,-489.9585
382,1206.1347,-380.4491,-55.1616,1437.8817,1208.0502,-382.3646,1206.1347,-380.4491
383,906.0907,-160.7238,14.2269,996.5290,906.2804,-160.9135,906.0907,-160.7238
384,1222.2104,-311.9109,14.6778,1404.6187,1222.3508,-312.0513,1222.2104,-311.9109
385,1178.4564,-75.6399,10.2563,1218.1686,1178.5403,-75.7238,1178.4564,-75.6399
386,1161.8410,-373.6566,-61.6990,1391.0585,1164.3162,-376.1318,1161.8410,-373.6566
387,988.1600,-326.0831,-29.9815,1186.4692,988.8436,-326.7667,988.1600,-326.0831
388,1060.2450,-259.5501,-81.4000,1219.2418,1065.2465,-264.5516,1060.2450,-259.5501
389,1104.0035,-77.9340,57.1208,1149.2280,1106.7576,-80.6881,1104.0035,-77.9340
390,1219.0514,-37.3467,-12.5441,1238.3379,1219.1766,-37.4720,1219.0514,-37.3467
391,1046.9141,-54.7029,22.2334,1075.9989,1047.3626,-55.1515,1046.9141,-54.7029
392,1044.5404,-46.3394,-5.8672,1068.5123,1044.5719,-46.3709,1044.5404,-46.3394
393,1071.5896,-100.3727,9.3979,1125.2566,1071.6650,-100.4481,1071.5896,-100.3727
394,1072.8161,-98.4926,44.1106,1127.8904,1074.4749,-100.1514,1072.8161,-98.4926
395,1125.9910,-2.9033,3.6419,1127.4631,1126.0027,-2.9150,1125.9910,-2.9033
396,1157.6749,-9.1296,-0.9820,1162.2678,1157.6757,-9.1305,1157.6749,-9.1296
397,1165.4772,21.0471,33.4747,1156.5517,1166.4555,20.0688,1165.4772,21.0471
398,1042.7957,-96.6026,1.6510,1094.3034,1042.7981,-96.6050,1042.7957,-96.6026
399,1179.1182,-60.0224,40.5623,1212.2837,1180.4445,-61.3488,1179.1182,-60.0224
400,1130.9093,-292.8796,-8.6643,1302.3746,1130.9620,-292.9323,1130.9093,-292.8796
401,1027.8589,-234.2528,2.2947,1162.8254,1027.8630,-234.2570,1027.8589,-234.2528
402,1210.1909,-22.1436,10.0357,1221.5369,1210.2726,-22.2253,1210.1909,-22.1436
403,1217.7132,-88.3909,-0.7159,1264.2288,1217.7135,-88.3913,1217.7132,-88.3909
404,1156.1784,-87.9943,18.7720,1203.0319,1156.4616,-88.2774,1156.1784,-87.9943
405,1184.1364,-20.1529,-16.6953,1194.6904,1184.3678,-20.3843,1184.1364,-20.1529
406,1161.0961,-48.3276,17.1614,1186.3710,1161.3395,-48.5711,1161.0961,-48.3276
407,1020.7519,-27.4698,-2.7509,1034.7713,1020.7592,-27.4770,1020.7519,-27.4698
408,1225.6110,-5.9368,24.7389,1229.3371,1226.1077,-6.4336,1225.6110,-5.9368
409,1215.5373,-10.8447,28.6181,1222.0015,1216.2047,-11.5122,1215.5373,-10.8447
410,1177.1144,-54.5201,42.6895,1207.5654,1178.5922,-55.9980,1177.1144,-54.5201
411,1150.6300,-83.8231,28.8375,1195.7926,1151.3033,-84.4964,1150.6300,-83.8231
412,1081.3505,-104.6698,-30.7859,1138.5529,1082.1491,-105.4683,1081.3505,-104.6698
413,1199.7302,-101.0161,19.6572,1253.7576,1200.0272,-101.3131,1199.7302,-101.0161
414,1247.9566,-138.9794,2.9079,1322.9423,1247.9626,-138.9855,1247.9566,-138.9794
415,1072.2075,-372.0991,-38.4998,1300.5771,1073.2330,-373.1246,1072.2075,-372.0991
416,1087.2840,-152.2280,11.4730,1171.0124,1087.3902,-152.3342,1087.2840,-152.2280
417,1074.7629,-88.4190,-35.9069,1123.3123,1075.8703,-89.5264,1074.7629,-88.4190
418,1084.3577,-404.3254,7.5278,1333.3844,1084.3957,-404.3634,1084.3577,-404.3254
419,1088.7031,-246.0049,13.1381,1230.5027,1088.8324,-246.1343,1088.7031,-246.0049
420,1070.5407,-226.3623,-37.8487,1201.6343,1071.6443,-227.4659,1070.5407,-226.3623
421,1182.6300,-323.6520,-55.4265,1376.7140,1184.6668,-325.6888,1182.6300,-323.6520
422,1106.3485,-46.6267,34.7004,1131.9800,1107.3919,-47.6701,1106.3485,-46.6267
423,1036.1969,-87.7507,70.9603,1089.6960,1040.6592,-92.2131,1036.1969,-87.7507
424,975.8813,-306.9031,-38.4295,1162.0952,977.0315,-308.0533,975.8813,-306.9031
425,1072.4081,-300.1248,-39.1131,1251.6309,1073.5218,-301.2386,1072.4081,-300.1248
426,1058.8120,-459.2084,-65.4615,1353.1542,1061.6297,-462.0260,1058.8120,-459.2084
427,1206.0369,-200.6543,-30.8889,1318.9564,1206.7148,-201.3323,1206.0369,-200.6543
428,1187.8157,-254.9632,-38.9699,1335.4092,1188.8675,-256.0150,1187.8157,-254.9632
429,1134.0523,-233.2781,97.0273,1278.0007,1140.9031,-240.1290,1134.0523,-233.2781
430,1145.7629,-141.2984,-28.3938,1223.5404,1146.3890,-141.9245,1145.7629,-141.2984
431,1150.8367,-210.3887,-35.5469,1270.6700,1151.7643,-211.3163,1150.8367,-210.3887
432,1200.8454,-303.2674,-49.4966,1380.4086,1202.4725,-304.8944,1200.8454,-303.2674
433,1070.7450,-184.5031,26.6471,1174.8287,1071.3105,-185.0686,1070.7450,-184.5031
434,1056.2131,-88.8891,33.5714,1104.8775,1057.1965,-89.8725,1056.2131,-88.8891
435,1109.3763,-162.4587,-54.6763,1202.6242,1111.7225,-164.8050,1109.3763,-162.4587
436,1173.7861,-109.0592,-4.2826,1231.9639,1173.8004,-109.0735,1173.7861,-109.0592
437,1129.8879,-194.8866,65.5334,1244.0705,1133.1218,-198.1205,1129.8879,-194.8866
438,1035.0215,-204.6290,74.5376,1158.2769,1039.4872,-209.0947,1035.0215,-204.6290
439,1056.2458,-214.2638,59.5865,1182.5951,1059.0343,-217.0523,1056.2458,-214.2638
440,1168.3255,3.8183,15.6417,1166.7356,1168.5356,3.6083,1168.3255,3.8183
441,1019.5042,-72.0512,-1.7405,1057.3769,1019.5070,-72.0540,1019.5042,-72.0512
442,975.6953,-209.1852,-20.3623,1095.9401,976.0451,-209.5350,975.6953,-209.1852
443,1049.9580,-122.4146,-28.7688,1117.3228,1050.6635,-123.1201,1049.9580,-122.4146
444,1042.8516,-87.8571,20.0669,1089.9946,1043.2076,-88.2131,1042.8516,-87.8571
445,1044.7160,-163.0043,9.3968,1135.1476,1044.7891,-163.0774,1044.7160,-163.0043
446,1173.5785,-102.5507,-36.2797,1229.6760,1174.6091,-103.5813,1173.5785,-102.5507
447,1152.4048,-111.4674,-25.3237,1212.7825,1152.9120,-111.9746,1152.4048,-111.4674
448,1177.3993,-212.7997,-0.0000,1296.9592,1177.3993,-212.7997,1177.3993,-212.7997
449,1112.2973,-225.6295,45.7505,1243.1253,1113.8600,-227.1921,1112.2973,-225.6295
450,968.1439,-98.2695,44.4494,1023.7313,969.9934,-100.1190,968.1439,-98.2695
451,1061.4046,-400.5639,-97.6796,1319.3996,1067.9021,-407.0613,1061.4046,-400.5639
452,1071.6459,-364.3937,-101.3654,1304.8117,1078.7657,-371.5135,1071.6459,-364.3937
453,1178.3918,-138.9171,-52.4749,1256.9267,1180.4788,-141.0042,1178.3918,-138.9171
454,1029.6296,-71.4276,30.9655,1068.4847,1030.4998,-72.2977,1029.6296,-71.4276
455,992.6573,11.7785,40.2681,989.2825,994.3077,10.1282,992.6573,11.7785
456,989.7335,-39.9490,15.4873,1010.6566,989.9664,-40.1819,989.7335,-39.9490
457,905.5402,-350.2338,-97.0755,1134.9399,913.0002,-357.6938,905.5402,-350.2338
458,979.4659,-235.4664,-110.1109,1132.1672,989.3648,-245.3653,979.4659,-235.4664
459,1191.4865,-177.9606,-65.0931,1294.6269,1194.5735,-181.0476,1191.4865,-177.9606
460,1026.6381,-224.6165,-71.8007,1162.1120,1030.7448,-228.7232,1026.6381,-224.6165
461,1044.4999,-135.0028,-55.6622,1122.2794,1047.1208,-137.6238,1044.4999,-135.0028
462,1154.3866,-459.3683,-59.0613,1443.7385,1156.5453,-461.5269,1154.3866,-459.3683
463,1041.2817,-444.6546,-46.8957,1323.4779,1042.7603,-446.1331,1041.2817,-444.6546
464,1051.9044,-534.0373,-115.4265,1411.8870,1060.2613,-542.3941,1051.9044,-534.0373
465,1159.3962,-488.8405,-62.0078,1470.1903,1161.7257,-491.1700,1159.3962,-488.8405
466,1040.2635,-134.0969,32.1837,1114.7796,1041.1448,-134.9782,1040.2635,-134.0969
467,1135.3649,-126.4744,11.0450,1203.7483,1135.4616,-126.5710,1135.3649,-126.4744
468,1072.8062,-268.2157,-98.1286,1240.7594,1079.9487,-275.3581,1072.8062,-268.2157
469,1080.8015,-274.0111,-92.1262,1250.9306,1087.0373,-280.2469,1080.8015,-274.0111
470,1007.0011,-558.7721,-134.6792,1394.0506,1018.5010,-570.2720,1007.0011,-558.7721
471,1007.8050,-382.3932,-87.6252,1253.1192,1013.3063,-387.8945,1007.8050,-382.3932
472,1153.4098,-68.2323,14.5914,1189.2638,1153.5840,-68.4066,1153.4098,-68.2323
473,1036.9459,-79.9191,23.8707,1079.9190,1037.4558,-80.4290,1036.9459,-79.9191
474,1180.2249,13.3585,6.0256,1173.6491,1180.2560,13.3274,1180.2249,13.3585
475,1190.3347,-4.1535,12.8169,1192.6235,1190.4722,-4.2911,1190.3347,-4.1535
476,1259.6899,-65.3921,-0.5131,1293.6265,1259.6901,-65.3923,1259.6899,-65.3921
477,1047.2486,-80.2007,-11.2152,1089.7381,1047.3601,-80.3122,1047.2486,-80.2007
478,1038.7851,-72.9200,6.9932,1077.1661,1038.8291,-72.9640,1038.7851,-72.9200
479,1132.4966,-49.3879,23.5604,1158.6995,1132.9661,-49.8573,1132.4966,-49.3879
480,1106.7329,-67.5607,15.9484,1142.3470,1106.9494,-67.7773,1106.7329,-67.5607
481,1227.0245,-89.3967,-8.5154,1274.1627,1227.0796,-89.4518,1227.0245,-89.3967
482,1148.9814,-154.8031,-36.1410,1235.2759,1149.9825,-155.8042,1148.9814,-154.8031
483,1258.0191,-36.0226,-0.7231,1276.4123,1258.0195,-36.0230,1258.0191,-36.0226
484,1062.6750,-28.9381,-19.3446,1077.9564,1063.0177,-29.2808,1062.6750,-28.9381
485,1195.0664,-56.5695,37.2559,1226.0311,1196.1744,-57.6775,1195.0664,-56.5695
486,1143.8445,-26.5453,1.4589,1157.3483,1143.8463,-26.5471,1143.8445,-26.5453
487,1200.6220,-4.6079,20.5693,1203.4600,1200.9729,-4.9589,1200.6220,-4.6079
488,1105.7112,-38.8023,14.5323,1125.8955,1105.8957,-38.9868,1105.7112,-38.8023
489,1065.3790,-264.0472,-12.2822,1219.2278,1065.4925,-264.1607,1065.3790,-264.0472
490,1068.5109,-190.3769,-30.2315,1176.4865,1069.2365,-191.1024,1068.5109,-190.3769
491,1138.3171,-14.2508,12.8579,1145.7255,1138.4606,-14.3942,1138.3171,-14.2508
492,1019.1298,-20.1032,0.1446,1029.3287,1019.1299,-20.1032,1019.1298,-20.1032
493,1121.6779,-24.0652,-2.7945,1133.9124,1121.6847,-24.0721,1121.6779,-24.0652
494,1126.6042,-29.3074,20.5556,1142.0952,1126.9697,-29.6728,1126.6042,-29.3074
495,1217.1064,-126.2989,-1.6142,1284.9227,1217.1083,-126.3009,1217.1064,-126.2989
496,1207.4524,-46.4514,15.9483,1231.6452,1207.6552,-46.6543,1207.4524,-46.4514
497,1249.9023,-27.8840,9.1111,1264.1734,1249.9672,-27.9490,1249.9023,-27.8840
498,1185.0047,-107.2655,-11.3381,1242.2712,1185.1041,-107.3650,1185.0047,-107.2655
499,1094.0667,-88.9498,12.5901,1141.3530,1094.2007,-89.0838,1094.0667,-88.9498
500,1154.7278,-122.2939,17.5262,1220.8561,1154.9682,-122.5344,1154.7278,-122.2939
501,1247.5646,-117.2568,-2.5559,1310.1418,1247.5694,-117.2616,1247.5646,-117.2568
502,1181.5652,-134.5629,27.3836,1255.1684,1182.1347,-135.1324,1181.5652,-134.5629
503,1069.9214,-265.2467,69.4112,1230.1766,1073.5201,-268.8455,1069.9214,-265.2467
504,974.2373,-206.4680,-3.2825,1092.2218,974.2464,-206.4772,974.2373,-206.4680
505,986.2613,-200.2250,-20.2342,1100.6833,986.6062,-200.5700,986.2613,-200.2250
506,1046.5746,-56.8779,-7.6886,1076.2238,1046.6281,-56.9315,1046.5746,-56.8779
507,1177.5689,-53.7220,5.2574,1205.3625,1177.5913,-53.7444,1177.5689,-53.7220
508,989.1967,-494.4625,-117.1052,1324.1090,998.3829,-503.6487,989.1967,-494.4625
509,970.8025,-58.5464,3.7456,1001.3812,970.8161,-58.5600,970.8025,-58.5464
510,1117.7542,-45.6874,-14.4198,1141.5572,1117.9329,-45.8661,1117.7542,-45.6874
511,1212.6512,-90.5840,-21.8238,1260.9536,1213.0166,-90.9494,1212.6512,-90.5840
512,1032.8507,-115.6587,4.3700,1095.2959,1032.8674,-115.6753,1032.8507,-115.6587
513,1128.4928,-42.4119,33.2833,1151.7289,1129.4381,-43.3572,1128.4928,-42.4119
514,1106.0860,-49.3866,7.0104,1131.6530,1106.1286,-49.4291,1106.0860,-49.3866
515,1089.4033,-137.2511,-16.6952,1164.4722,1089.6305,-137.4783,1089.4033,-137.2511
516,1061.0983,-259.6320,-18.5351,1212.3795,1061.3584,-259.8920,1061.0983,-259.6320
517,1137.8857,-87.5893,-6.5750,1184.1673,1137.9210,-87.6245,1137.8857,-87.5893
518,1046.6604,-307.9263,85.4497,1238.7557,1052.0294,-313.2953,1046.6604,-307.9263
519,1099.3636,-408.1844,97.5511,1361.0682,1105.6497,-414.4706,1099.3636,-408.1844
520,1057.5846,-92.7440,4.0437,1106.8967,1057.5988,-92.7582,1057.5846,-92.7440
521,1175.9881,-187.0499,62.7861,1284.4183,1178.8741,-189.9359,1175.9881,-187.0499
522,1161.9052,-100.9918,41.3019,1217.6549,1163.2545,-102.3410,1161.9052,-100.9918
523,1088.1185,-88.3843,43.9234,1137.4419,1089.7560,-90.0219,1088.1185,-88.3843
524,1154.5193,-179.5337,-18.4920,1254.3716,1154.7755,-179.7900,1154.5193,-179.5337
525,1194.8810,-133.2064,8.1217,1266.8261,1194.9307,-133.2561,1194.8810,-133.2064
526,1017.2063,-50.5552,-19.4418,1043.9462,1017.5602,-50.9091,1017.2063,-50.5552
527,1039.8768,-155.5698,123.6028,1145.9284,1052.5228,-168.2159,1039.8768,-155.5698
528,1132.6090,-369.8431,-138.5645,1376.9804,1145.2813,-382.5154,1132.6090,-369.8431
529,1048.1525,-569.0695,-148.4902,1443.9818,1061.6735,-582.5906,1048.1525,-569.0695
530,1156.3589,-222.3662,-35.8532,1283.5904,1157.2907,-223.2979,1156.3589,-222.3662
531,1027.3092,-208.1914,-26.9190,1146.6293,1027.8955,-208.7776,1027.3092,-208.1914
532,1001.6694,-214.0820,-40.3573,1126.2763,1003.0076,-215.4202,1001.6694,-214.0820
533,982.6640,-326.7663,-52.3881,1183.9509,984.7566,-328.8589,982.6640,-326.7663
534,1048.9437,-164.0516,-8.7002,1139.9579,1049.0061,-164.1140,1048.9437,-164.0516
535,1033.9193,-111.1082,0.3284,1093.7145,1033.9194,-111.1083,1033.9193,-111.1082
536,1110.8561,-84.1566,1.2557,1155.2377,1110.8574,-84.1579,1110.8561,-84.1566
537,1132.8739,-71.1588,13.7532,1170.3197,1133.0310,-71.3159,1132.8739,-71.1588
538,1149.0406,-489.6488,92.7675,1465.7743,1154.2756,-494.8837,1149.0406,-489.6488
539,1130.9973,-350.1735,70.9014,1346.4408,1134.3835,-353.5597,1130.9973,-350.1735
540,1121.7925,-670.4994,50.7264,1570.9451,1123.2270,-671.9340,1121.7925,-670.4994
541,1084.9489,-414.8877,6.3296,1341.4537,1084.9756,-414.9144,1084.9489,-414.8877
542,993.0446,-390.5362,111.9436,1250.6279,1002.0433,-399.5349,993.0446,-390.5362
543,1251.7455,-88.2631,23.4683,1298.7657,1252.1564,-88.6739,1251.7455,-88.2631
544,1078.3620,-96.3117,-18.3661,1130.0493,1078.6491,-96.5987,1078.3620,-96.3117
545,1230.6632,13.2208,18.0848,1224.5070,1230.9317,12.9522,1230.6632,13.2208
546,1180.2977,5.3248,41.1558,1179.7999,1181.7375,3.8850,1180.2977,5.3248
547,1044.2400,-23.1358,29.7540,1057.2548,1045.0688,-23.9645,1044.2400,-23.1358
548,1014.6004,-72.1682,-1.3316,1052.5442,1014.6020,-72.1698,1014.6004,-72.1682
549,1050.4528,-51.2354,-17.4229,1077.4076,1050.7282,-51.5109,1050.4528,-51.2354
550,1222.5639,-8.3946,0.1459,1226.7828,1222.5640,-8.3946,1222.5639,-8.3946
551,1176.5731,-54.2761,-34.5546,1206.1144,1177.5424,-55.2454,1176.5731,-54.2761
552,1092.8053,-50.3711,-20.5577,1119.4081,1093.1749,-50.7407,1092.8053,-50.3711
553,1253.0203,-26.8449,9.4017,1266.7608,1253.0894,-26.9139,1253.0203,-26.8449
554,1119.7087,-20.8428,-16.0256,1130.6150,1119.9338,-21.0679,1119.7087,-20.8428
555,1208.2357,-8.8644,16.2040,1213.0169,1208.4514,-9.0801,1208.2357,-8.8644
556,1221.3006,-3.0520,23.1649,1223.4875,1221.7387,-3.4901,1221.3006,-3.0520
557,1141.7618,-58.9903,12.5905,1172.5734,1141.8938,-59.1223,1141.7618,-58.9903
558,1039.9426,-72.2659,0.9199,1077.8951,1039.9433,-72.2667,1039.9426,-72.2659
559,1049.5506,-60.1083,-11.4025,1081.0393,1049.6677,-60.2254,1049.5506,-60.1083
560,1156.6291,-29.7646,-15.7305,1172.1116,1156.8376,-29.9732,1156.6291,-29.7646
561,1020.0892,-31.8299,1.1701,1036.3728,1020.0905,-31.8312,1020.0892,-31.8299
562,1059.2637,-47.4524,28.1049,1084.8620,1059.9770,-48.1656,1059.2637,-47.4524
563,1033.0389,-114.0579,1.9117,1094.5390,1033.0421,-114.0611,1033.0389,-114.0579
564,1155.4812,-122.3236,-18.0702,1221.6473,1155.7367,-122.5791,1155.4812,-122.3236
565,1198.4537,-126.3577,7.3713,1266.4337,1198.4947,-126.3987,1198.4537,-126.3577
566,1041.5518,-159.9571,-16.8530,1130.4300,1041.7881,-160.1934,1041.5518,-159.9571
567,1069.4133,-72.6760,-9.5569,1107.6649,1069.4933,-72.7560,1069.4133,-72.6760
568,1076.8830,-211.6322,-0.9753,1196.8171,1076.8837,-211.6330,1076.8830,-211.6322
569,1217.8240,-327.0561,-9.2920,1410.1833,1217.8799,-327.1120,1217.8240,-327.0561
570,1194.8574,-192.7551,-20.1393,1302.4478,1195.1497,-193.0473,1194.8574,-192.7551
571,1150.6653,12.5168,26.4449,1145.3745,1151.2794,11.9027,1150.6653,12.5168
572,996.6148,4.4309,15.5505,994.7715,996.8585,4.1872,996.6148,4.4309
573,1122.9246,-400.4628,115.5939,1382.4274,1131.6459,-409.1841,1122.9246,-400.4628
574,1086.7558,-377.8143,128.7307,1335.6978,1097.9847,-389.0432,1086.7558,-377.8143
575,1106.8899,7.9815,36.7320,1104.7543,1108.1163,6.7550,1106.8899,7.9815
576,1076.4854,-19.4228,19.3320,1086.8429,1076.8263,-19.7637,1076.4854,-19.4228
577,1128.6716,-42.6822,35.7042,1152.2673,1129.7589,-43.7695,1128.6716,-42.6822
578,1141.0075,-141.7904,-10.7564,1218.2503,1141.0977,-141.8806,1141.0075,-141.7904
579,1170.0035,-208.3677,-33.2116,1288.1868,1170.8033,-209.1674,1170.0035,-208.3677
580,1072.4876,-247.8928,-8.8217,1215.6381,1072.5466,-247.9517,1072.4876,-247.8928
581,1003.3215,-93.4840,-13.6202,1053.4440,1003.4906,-93.6531,1003.3215,-93.4840
582,1204.4504,-55.4895,20.4063,1233.6383,1204.7808,-55.8199,1204.4504,-55.4895
583,1134.9537,-22.2061,16.1790,1146.5606,1135.1798,-22.4323,1134.9537,-22.2061
584,1188.6524,-18.8725,15.4094,1198.4974,1188.8490,-19.0692,1188.6524,-18.8725
585,1253.7713,-99.7313,-13.9721,1306.7191,1253.9155,-99.8756,1253.7713,-99.7313
586,1245.8613,-114.4378,-21.6177,1307.3798,1246.2048,-114.7813,1245.8613,-114.4378
587,1164.6241,-62.5434,27.5510,1198.0725,1165.2424,-63.1617,1164.6241,-62.5434
588,1072.3999,-103.4044,-18.4532,1128.1163,1072.6894,-103.6940,1072.3999,-103.4044
589,1199.8409,-546.5043,-3.8639,1547.2712,1199.8494,-546.5129,1199.8409,-546.5043
590,1152.0179,-565.7028,9.5493,1516.2909,1152.0710,-565.7559,1152.0179,-565.7028
591,1143.5530,-275.8321,66.7355,1308.6583,1146.6839,-278.9630,1143.5530,-275.8321
592,1037.5044,-99.0115,6.5900,1090.4466,1037.5426,-99.0497,1037.5044,-99.0115
593,1187.9696,-60.0223,19.5858,1219.5614,1188.2769,-60.3296,1187.9696,-60.0223
594,1041.2568,-87.5890,14.0993,1087.9736,1041.4329,-87.7651,1041.2568,-87.5890
595,1029.5090,-57.4436,9.4353,1059.5255,1029.5909,-57.5254,1029.5090,-57.4436
596,1229.0366,-155.2397,-39.2976,1315.3169,1230.1513,-156.3544,1229.0366,-155.2397
597,1053.8748,-203.2856,58.6879,1173.2636,1056.6086,-206.0194,1053.8748,-203.2856
598,1043.0145,-214.6000,67.7302,1171.1215,1046.6516,-218.2372,1043.0145,-214.6000
599,1051.3560,-229.7302,-13.4939,1183.3004,1051.4981,-229.8723,1051.3560,-229.7302
600,1092.8770,-403.9434,35.1631,1342.6542,1093.7026,-404.7690,1092.8770,-403.9434
601,1042.0389,-484.6767,-139.0876,1372.5322,1054.6067,-497.2444,1042.0389,-484.6767
602,1051.7424,-325.1325,-111.5996,1261.4247,1060.7292,-334.1194,1051.7424,-325.1325
603,1125.9580,-202.8171,30.5043,1240.9961,1126.6580,-203.5170,1125.9580,-202.8171
604,1195.3583,-197.7597,0.7752,1305.5214,1195.3588,-197.7602,1195.3583,-197.7597
605,1182.6316,-61.1996,11.9913,1214.5661,1182.7472,-61.3152,1182.6316,-61.1996
606,1157.5216,-90.8963,-3.1143,1205.5547,1157.5294,-90.9041,1157.5216,-90.8963
607,974.6918,-205.4048,-2.8454,1091.9917,974.6987,-205.4117,974.6918,-205.4048
608,1121.3877,-80.7623,-50.7918,1167.1924,1123.5298,-82.9045,1121.3877,-80.7623
609,1016.5939,-144.7252,7.7797,1096.2285,1016.6460,-144.7773,1016.5939,-144.7252
610,1021.6568,-24.9040,6.1911,1034.3893,1021.6934,-24.9406,1021.6568,-24.9040
611,1213.4834,-4.9079,28.3715,1216.9373,1214.1437,-5.5682,1213.4834,-4.9079
612,1142.8417,-437.3246,144.9567,1435.3293,1156.0293,-450.5121,1142.8417,-437.3246
613,1249.5972,-18.7926,1.0609,1259.1000,1249.5981,-18.7935,1249.5972,-18.7926
614,1220.3300,-38.3058,24.0876,1240.6285,1220.7908,-38.7667,1220.3300,-38.3058
615,1137.4032,-43.0248,50.6070,1162.8228,1139.5688,-45.1905,1137.4032,-43.0248
616,1051.3418,-52.3459,16.4426,1078.8439,1051.5867,-52.5908,1051.3418,-52.3459
617,1171.4968,-88.2053,15.5084,1218.2933,1171.6877,-88.3962,1171.4968,-88.2053
618,1250.5915,-54.4182,33.4827,1279.9838,1251.4500,-55.2767,1250.5915,-54.4182
619,1198.7325,-52.1138,19.5796,1226.0898,1199.0389,-52.4202,1198.7325,-52.1138
620,1176.0898,-47.2350,28.6285,1201.4282,1176.7594,-47.9046,1176.0898,-47.2350
621,1210.8545,-3.2508,-6.4043,1212.5339,1210.8883,-3.2846,1210.8545,-3.2508
622,1218.4647,17.1257,15.7568,1210.3005,1218.6713,16.9191,1218.4647,17.1257
623,1152.2451,-1.4821,15.5546,1153.3016,1152.4548,-1.6918,1152.2451,-1.4821
624,1224.4096,6.6518,23.8665,1221.7968,1224.8772,6.1842,1224.4096,6.6518
625,1093.8940,-63.7932,23.3591,1127.8713,1094.3651,-64.2644,1093.8940,-63.7932
626,1090.2093,-90.9185,-12.9478,1138.6157,1090.3513,-91.0604,1090.2093,-90.9185
627,1204.0443,-15.1532,-10.5119,1211.8288,1204.1350,-15.2439,1204.0443,-15.1532
628,1044.5771,-75.4783,6.7998,1084.3523,1044.6184,-75.5195,1044.5771,-75.4783
629,1038.0148,-70.7768,3.2604,1075.1667,1038.0244,-70.7864,1038.0148,-70.7768
630,1054.0618,-49.6716,6.1529,1079.8074,1054.0961,-49.7059,1054.0618,-49.6716
631,1188.1901,-93.3925,26.7979,1238.4023,1188.7502,-93.9526,1188.1901,-93.3925
632,1222.4187,-69.2844,15.2325,1258.7686,1222.5983,-69.4641,1222.4187,-69.2844
633,1173.0743,-65.5334,-20.6258,1207.7043,1173.4177,-65.8768,1173.0743,-65.5334
634,1069.1005,-82.2303,8.2718,1112.5895,1069.1599,-82.2897,1069.1005,-82.2303
635,1086.1239,-166.4958,13.7722,1178.4694,1086.2753,-166.6472,1086.1239,-166.4958
636,1070.2435,-207.9437,-4.6898,1187.9722,1070.2607,-207.9609,1070.2435,-207.9437
637,1061.0576,-508.3370,102.9375,1398.3609,1067.7806,-515.0600,1061.0576,-508.3370
638,1214.4544,-34.3547,3.2587,1232.0040,1214.4629,-34.3632,1214.4544,-34.3547
639,1209.0683,-93.7101,-14.5361,1258.7945,1209.2305,-93.8723,1209.0683,-93.7101
640,1109.2474,-143.1625,-20.2914,1187.8397,1109.5761,-143.4912,1109.2474,-143.1625
641,1048.3129,-196.6768,-9.6855,1159.3541,1048.3883,-196.7522,1048.3129,-196.6768
642,1055.0511,-266.1610,-13.7356,1210.5181,1055.1939,-266.3037,1055.0511,-266.1610
643,1047.3587,-160.8133,-8.6972,1136.4318,1047.4213,-160.8760,1047.3587,-160.8133
644,1031.7084,-48.1439,-7.9538,1056.6932,1031.7670,-48.2025,1031.7084,-48.1439
645,1195.1104,-233.0420,-21.2507,1327.5779,1195.4265,-233.3582,1195.1104,-233.0420
646,1102.9430,-284.9475,13.0609,1269.8311,1103.0659,-285.0704,1102.9430,-284.9475
647,967.6418,-527.8775,-95.5424,1324.0720,973.7209,-533.9566,967.6418,-527.8775
648,1225.3675,-24.5337,14.7592,1238.0807,1225.5418,-24.7080,1225.3675,-24.5337
649,1159.1320,-58.3559,-2.2760,1189.3907,1159.1363,-58.3602,1159.1320,-58.3559
650,1009.2597,-542.9159,100.5077,1375.3586,1015.7408,-549.3970,1009.2597,-542.9159
651,1196.1516,-410.7038,53.5470,1448.9038,1197.9340,-412.4863,1196.1516,-410.7038
652,1224.5851,10.0119,22.8717,1220.2532,1225.0156,9.5814,1224.5851,10.0119
653,1208.0903,9.2613,31.8294,1204.7485,1208.9348,8.4168,1208.0903,9.2613
654,1138.0113,-173.6611,-44.0997,1236.4023,1139.4923,-175.1421,1138.0113,-173.6611
655,1063.3203,-75.9388,23.1951,1103.9829,1063.7924,-76.4109,1063.3203,-75.9388
656,1219.6811,3.7190,27.7956,1218.7771,1220.3161,3.0840,1219.6811,3.7190
657,1194.2476,-10.7114,40.4650,1201.6848,1195.6049,-12.0688,1194.2476,-10.7114
658,1223.9203,-43.9674,6.4632,1246.5360,1223.9532,-44.0004,1223.9203,-43.9674
659,1216.8371,0.8718,19.1000,1216.8512,1217.1370,0.5718,1216.8371,0.8718
660,1029.6862,-79.1838,-0.0459,1071.4747,1029.6862,-79.1838,1029.6862,-79.1838
661,1010.4101,-83.0975,12.0334,1054.6235,1010.5425,-83.2299,1010.4101,-83.0975
662,1205.3386,-97.8418,40.7361,1259.0969,1206.6107,-99.1140,1205.3386,-97.8418
663,1182.9409,-138.1525,34.3932,1259.1307,1183.8357,-139.0473,1182.9409,-138.1525
664,1119.0031,-50.7466,-27.9445,1146.2423,1119.6703,-51.4138,1119.0031,-50.7466
665,1219.0876,-4.9960,-2.3690,1221.6002,1219.0922,-5.0006,1219.0876,-4.9960
666,1238.2797,-22.5608,-1.4782,1249.7154,1238.2814,-22.5626,1238.2797,-22.5608
667,1243.3894,-19.8618,1.0558,1253.4397,1243.3903,-19.8626,1243.3894,-19.8618
668,1210.9410,-188.2346,-12.7432,1315.3853,1211.0571,-188.3506,1210.9410,-188.2346
669,1165.9051,-136.1736,-11.5760,1239.7764,1166.0080,-136.2765,1165.9051,-136.1736
670,1039.6605,-397.3972,193.3964,1328.2256,1065.2324,-422.9691,1039.6605,-397.3972
671,981.6720,-10.0454,30.9633,988.1893,982.6377,-11.0112,981.6720,-10.0454
672,970.0384,-36.5431,8.2695,988.9202,970.1063,-36.6110,970.0384,-36.5431
673,981.4273,-155.9776,8.8250,1068.1025,981.4958,-156.0460,981.4273,-155.9776
674,1010.4739,-96.3655,-2.9156,1061.9530,1010.4815,-96.3732,1010.4739,-96.3655
675,1209.1376,-47.8519,11.8330,1233.9300,1209.2490,-47.9633,1209.1376,-47.8519
676,1185.5218,-65.1751,13.3732,1219.6363,1185.6648,-65.3181,1185.5218,-65.1751
677,1125.2849,-75.3435,-17.5672,1165.1830,1125.5419,-75.6005,1125.2849,-75.3435
678,1048.8474,-94.9938,2.7456,1099.4369,1048.8540,-95.0004,1048.8474,-94.9938
679,1220.8687,-121.2639,-10.1558,1285.9168,1220.9455,-121.3408,1220.8687,-121.2639
680,1184.3668,-150.2481,9.0640,1266.2916,1184.4284,-150.3096,1184.3668,-150.2481
681,1138.1289,-417.8970,-131.8287,1413.4116,1149.2185,-428.9867,1138.1289,-417.8970
682,1110.7258,-135.3637,13.2445,1184.4464,1110.8665,-135.5045,1110.7258,-135.3637
683,1093.6994,-133.3474,11.4663,1166.2746,1093.8066,-133.4546,1093.6994,-133.3474
684,1144.4165,6.2798,32.8647,1142.7082,1145.3647,5.3316,1144.4165,6.2798
685,1132.9542,8.8093,40.2117,1130.7225,1134.3908,7.3727,1132.9542,8.8093
686,1012.2314,-188.5400,28.8646,1119.6006,1012.9249,-189.2334,1012.2314,-188.5400
687,1019.7009,-160.7542,64.3594,1114.4413,1023.1994,-164.2528,1019.7009,-160.7542
688,1182.1802,-31.9918,25.3004,1199.2973,1182.7072,-32.5188,1182.1802,-31.9918
689,1063.0698,-67.4424,46.4378,1101.2862,1064.9741,-69.3467,1063.0698,-67.4424
690,1133.7838,-44.7948,0.1777,1156.8319,1133.7838,-44.7949,1133.7838,-44.7948
691,1127.7595,-81.6209,1.6330,1170.7092,1127.7617,-81.6231,1127.7595,-81.6209
692,1081.0789,-243.5350,1.9651,1221.2014,1081.0818,-243.5379,1081.0789,-243.5350
693,1226.2486,-39.2717,0.1973,1246.3486,1226.2486,-39.2717,1226.2486,-39.2717
694,1116.4319,-50.9012,-3.1713,1142.7462,1116.4405,-50.9098,1116.4319,-50.9012
695,1068.0812,-619.6320,-120.4191,1493.3388,1076.6299,-628.1806,1068.0812,-619.6320
696,1250.3358,-89.5732,8.1433,1297.5201,1250.3852,-89.6226,1250.3358,-89.5732
697,1217.0194,-39.1839,23.6247,1237.7534,1217.4635,-39.6280,1217.0194,-39.1839
698,1200.8481,-50.3675,9.6256,1226.9208,1200.9221,-50.4416,1200.8481,-50.3675
699,1228.9168,-18.5984,-5.1758,1238.3532,1228.9383,-18.6199,1228.9168,-18.5984
700,1187.7255,-41.1111,19.8638,1209.2950,1188.0465,-41.4321,1187.7255,-41.1111
701,1101.4205,0.9054,62.4852,1106.2747,1104.9569,-2.6310,1101.4205,0.9054
702,1234.8626,-27.2088,15.4642,1248.9765,1235.0520,-27.3983,1234.8626,-27.2088
703,1003.3885,-184.0066,-38.0184,1108.8793,1004.6046,-185.2226,1003.3885,-184.0066
704,1159.6954,12.1634,48.5875,1156.7272,1161.7490,10.1098,1159.6954,12.1634
705,1161.0524,-42.8652,17.1203,1183.4391,1161.2958,-43.1086,1161.0524,-42.8652
706,1153.9603,-44.3279,-8.4130,1176.8409,1154.0194,-44.3870,1153.9603,-44.3279
707,1031.4907,-28.6583,15.2832,1046.4491,1031.7110,-28.8785,1031.4907,-28.6583
708,1129.0232,-30.5634,30.1523,1145.8018,1129.8067,-31.3469,1129.0232,-30.5634
709,1125.7436,-33.0289,9.6991,1142.7396,1125.8248,-33.1100,1125.7436,-33.0289
710,933.0364,-543.0445,-110.9250,1307.3055,941.3257,-551.3338,933.0364,-543.0445
711,1171.9360,-62.6726,-0.5311,1204.4962,1171.9362,-62.6729,1171.9360,-62.6726
712,1220.1625,-93.1153,1.8814,1269.2885,1220.1652,-93.1180,1220.1625,-93.1153
713,1106.2351,-408.6645,-73.6704,1363.4969,1109.8093,-412.2387,1106.2351,-408.6645
714,1001.8801,-441.0717,-126.4303,1299.2932,1012.8741,-452.0656,1001.8801,-441.0717
715,977.6815,-534.0068,-67.7175,1332.9928,980.7089,-537.0342,977.6815,-534.0068
716,946.0964,-388.0461,-108.4001,1203.3532,954.8466,-396.7963,946.0964,-388.0461
717,1109.4726,-55.7081,31.3649,1139.6450,1110.3163,-56.5518,1109.4726,-55.7081
718,1186.4107,20.1974,30.0383,1177.5919,1187.1839,19.4242,1186.4107,20.1974
719,993.2116,-562.8384,-137.4740,1385.2694,1005.2638,-574.8907,993.2116,-562.8384
720,914.6242,-176.0780,-27.1236,1015.2799,915.2983,-176.7521,914.6242,-176.0780
721,1189.8821,18.0259,32.6677,1182.3270,1190.7921,17.1160,1189.8821,18.0259
722,1136.7674,16.5225,44.3337,1131.2061,1138.5192,14.7708,1136.7674,16.5225
723,1045.7979,-598.4178,-124.7710,1457.5063,1055.2122,-607.8322,1045.7979,-598.4178
724,968.0044,-70.1603,-24.6097,1005.8267,968.5874,-70.7434,968.0044,-70.1603
725,924.7914,-205.1626,-44.7470,1045.5000,926.5606,-206.9318,924.7914,-205.1626
726,985.8570,-27.1726,34.5238,1001.5070,987.0322,-28.3478,985.8570,-27.1726
727,981.5172,-23.2721,39.2318,995.6791,983.0467,-24.8015,981.5172,-23.2721
728,1129.4135,27.0245,42.0861,1118.5245,1131.0179,25.4201,1129.4135,27.0245
729,1150.8462,-499.9605,-107.6789,1478.0289,1157.8402,-506.9546,1150.8462,-499.9605
730,1222.1686,-468.2573,-68.1636,1516.3077,1224.9127,-471.0014,1222.1686,-468.2573
731,958.0201,-225.5261,-2.2401,1088.4567,958.0243,-225.5303,958.0201,-225.5261
732,905.2396,-180.9434,-41.6922,1010.5499,906.8376,-182.5413,905.2396,-180.9434
733,1075.0513,-521.1220,97.1592,1419.8085,1080.9436,-527.0144,1075.0513,-521.1220
734,1114.4494,-635.0071,-141.3764,1553.3437,1125.8006,-646.3583,1114.4494,-635.0071
