0 2 930
1 0 573
1 67 122
1 68 852
2 3 510
2 66 943
3 4 455
3 232 889
4 7 891
5 1 525
5 231 400
6 1 672
6 5 946
7 8 618
7 242 572
8 9 865
9 10 602
9 241 337
10 241 351
10 326 243
11 6 624
11 69 824
11 70 249
12 11 306
13 11 1419
13 12 321
14 78 2389
15 14 2106
15 330 314
16 15 2106
16 53 338
17 16 2477
18 17 2509
19 18 2515
20 19 2496
21 20 2472
22 21 2455
23 22 2466
24 23 2482
25 24 2212
25 52 291
26 25 2517
27 28 2548
28 29 2541
29 26 2531
30 31 2526
31 32 1071
31 41 1451
32 33 1300
33 34 2528
34 35 1514
34 36 1011
35 36 1521
36 37 2546
37 38 2560
38 39 2574
39 40 2583
40 27 2568
41 32 222
41 33 1229
42 268 2568
43 42 185
43 267 2355
44 43 2536
45 44 1481
46 44 1049
46 45 1476
47 46 2522
48 47 2517
49 48 2509
50 49 2505
51 50 996
51 266 1442
52 24 282
53 15 337
54 55 350
54 56 2007
55 56 340
56 57 2339
57 58 2330
58 59 2321
59 60 2134
59 61 177
60 61 2136
61 62 2301
62 63 276
62 64 2005
63 64 269
64 65 417
64 76 1830
65 76 402
66 3 903
67 0 355
67 2 565
68 67 822
69 6 1032
70 69 231
71 13 636
71 233 1137
72 71 381
73 71 1405
73 72 391
74 73 268
75 305 2131
76 75 2174
77 54 2370
78 77 2379
79 93 1682
80 79 1650
81 80 1603
82 81 1552
83 82 1505
84 83 1468
85 84 1440
86 85 927
87 85 473
87 86 900
88 87 1332
89 88 357
89 125 874
90 89 944
91 90 242
91 126 885
92 91 1085
93 94 1708
94 95 1737
95 96 246
95 97 1515
96 97 257
97 98 1806
98 99 1831
99 100 1843
100 101 1855
101 102 1872
102 103 1890
103 104 1907
104 105 1924
105 111 1942
106 109 2035
107 106 2032
108 107 2017
109 112 2044
110 108 1992
111 110 1966
112 279 2067
113 114 2258
114 115 2254
115 116 2263
116 117 2298
117 118 2326
118 119 2326
119 120 2321
120 121 2320
121 122 2310
122 123 2306
123 124 2302
124 289 2355
125 88 924
126 89 231
126 90 686
127 92 1060
128 127 1028
129 128 239
129 142 731
130 129 688
131 132 39
132 133 268
133 134 391
134 135 461
135 136 375
135 137 147
136 137 406
137 138 620
138 139 682
139 140 749
140 141 819
141 129 228
141 130 659
142 128 752
143 144 2308
144 146 2310
145 143 2322
146 150 2305
147 145 2337
148 147 2344
149 148 2350
150 151 2287
151 282 2283
152 149 2361
153 152 2345
154 153 2320
155 154 2309
156 155 2307
157 170 3163
158 157 3167
159 158 3174
160 159 3171
161 160 3162
162 161 3150
163 162 3136
164 163 3119
165 164 3089
166 165 3051
167 166 3009
168 167 2968
169 168 2922
170 171 3158
171 172 3158
172 173 3164
173 252 3165
174 175 2250
174 315 425
175 176 2716
176 177 608
176 314 545
176 318 1554
177 178 1643
177 179 295
177 319 529
178 179 1659
179 180 731
179 181 1909
180 181 749
181 182 299
181 247 2359
182 183 710
183 184 326
183 248 2378
184 185 2777
185 186 2819
186 187 2868
187 249 2920
188 189 914
188 191 2245
189 191 909
190 188 3178
191 193 457
191 307 2684
192 190 3180
193 194 3114
194 198 925
194 260 2154
195 192 3168
196 195 3146
197 196 3128
198 199 265
198 260 655
199 200 2905
200 201 764
200 202 2072
201 202 755
202 261 2767
203 51 2438
204 203 503
205 203 979
205 204 511
206 205 355
207 205 355
207 206 360
208 203 981
208 205 786
208 207 718
209 208 2367
210 208 137
210 209 2375
211 210 1873
211 265 648
212 211 2541
213 212 857
213 264 1358
214 215 3093
215 197 3113
217 216 153
218 217 249
219 218 340
220 219 400
221 220 462
222 221 432
223 221 90
223 222 468
224 223 466
225 223 144
225 224 498
226 225 401
227 225 282
227 226 402
228 227 718
229 228 748
230 229 349
231 1 394
232 4 467
232 7 372
233 13 1129
234 73 1542
234 74 273
235 229 435
235 230 254
235 333 114
236 235 718
237 236 95
237 327 684
237 328 129
238 237 671
239 238 151
239 326 505
240 239 557
240 243 44
241 239 89
241 240 638
241 326 103
242 8 272
242 9 93
242 241 174
243 239 24
244 234 1639
245 234 182
245 244 1656
246 169 2885
247 182 407
247 183 1967
248 184 2409
249 250 2962
250 251 2973
251 324 2963
252 253 3162
253 254 3146
254 255 3120
255 256 3096
256 257 3073
257 258 3064
258 214 3072
259 199 2570
260 199 130
260 259 2629
261 262 2718
262 263 2417
262 311 263
263 213 938
263 264 175
263 309 696
263 311 587
264 212 1510
265 210 645
266 50 1505
267 42 2369
268 30 2078
268 325 473
269 271 2249
270 269 2234
271 156 2282
272 270 2213
273 272 2193
274 273 2176
275 274 2158
276 275 2146
277 276 2132
278 277 2113
279 278 2091
280 283 2218
281 280 2244
282 281 2277
283 284 2211
284 285 2207
285 286 2207
286 287 2214
287 288 2222
288 113 2240
289 290 2427
290 291 2450
291 292 2480
292 293 2516
293 294 1872
293 312 670
294 295 2358
294 296 225
295 296 2385
296 297 2635
297 298 1048
297 313 1583
298 174 1847
298 316 133
298 317 481
299 245 1586
299 331 85
300 299 1282
300 306 422
300 331 204
301 300 1939
302 301 1728
302 329 227
303 302 2004
304 303 2048
305 304 2092
306 299 422
307 193 2674
308 212 110
308 213 100
308 310 495
309 213 807
309 308 716
310 212 86
310 213 399
311 309 835
312 294 680
313 298 1412
313 317 162
314 177 549
315 175 431
316 174 581
317 174 209
317 316 446
318 177 1340
318 319 183
319 179 695
320 246 2862
321 320 2858
322 321 2874
323 322 2912
324 323 2938
325 30 471
326 237 282
326 238 541
327 328 666
328 235 127
328 236 639
329 301 230
330 14 304
331 245 47
331 332 235
332 245 226
333 230 107
