stripe 0.3883005377 -0.3525833167 0.1044762029 1
stripe -0.4775467834 -0.2598399432 0.0381208224 -1
stripe -0.5821435157 0.0572871276 0.01223535271 -1
stripe 0.1907164126 -0.467926082 0.0622468151 1
stripe 0.5452765425 -0.2218032542 0.00629975125 1
stripe 0.4929640758 -0.2493034171 0.04099567594 -1
stripe 0.4796868653 -0.2153578582 0.04836248135 -1
stripe 0.4215551174 -0.2629848725 0.09681362406 -1
stripe 0.1621680894 -0.3512952673 0.1364550702 -1
stripe -0.1471351651 -0.3610082076 0.1474242463 1
stripe -0.1801415623 -0.2794884768 0.1330893023 1
stripe -0.5158025622 0.0951973926 0.06040565604 1
stripe -0.1393990795 -0.1103362064 0.176361101 -1
stripe 0.2270242809 0.09085208802 0.1671820286 -1
stripe 0.5347548264 -0.02386058885 0.1005748632 -1
stripe 0.5607247699 -0.01420307583 0.0623387899 1
stripe 0.5281946398 -0.01034607646 0.1142137698 -1
stripe 0.52494383 -0.1114667377 0.08680554792 1
stripe -0.5296490471 -0.1268745554 0.04182029167 1
stripe 0.1187500025 -0.2736035579 0.1717595621 1
stripe 0.1751064227 0.2707544034 0.1268505546 -1
stripe 0.1571467119 0.5059489182 0.04682592896 1
stripe 0.2029797773 -0.126283429 0.1516285002 1
stripe 0.1635896908 -0.119011503 0.1669466154 -1
stripe 0.4148963001 -0.3336447347 0.09172358437 1
stripe 0.2774046628 -0.140888081 0.16213536 -1
stripe -0.1332494943 0.123619833 0.1713578335 -1
stripe -0.5384438167 -0.1607856596 0.0258497975 1
stripe 0.5638412496 -0.1007374867 0.03772390792 -1
stripe 0.554072951 -0.08100346021 0.05899893083 1
stripe -0.1331569729 0.2700968902 0.1374455325 1
stripe 0.5445747736 0.1495814816 0.03611351781 -1
stripe 0.5576110716 0.1588462999 0.02058082198 -1
stripe 0.1876690924 -0.2648596755 0.1327550425 -1
stripe 0.158739883 -0.2424706218 0.1478490831 1
stripe -0.1564879888 -0.2952476442 0.1486608712 1
stripe -0.1234833775 -0.2906856069 0.1761755946 1
stripe -0.1401301544 -0.258837882 0.1581327346 1
stripe 0.5581145485 -0.1504313423 0.02388421562 1
stripe 0.5355283181 -0.1765518637 0.02963623604 -1
stripe 0.2666334569 -0.05901497604 0.1914386299 1
stripe 0.5105896926 -0.09378103729 0.1180007182 1
stripe 0.5016603436 -0.07923786146 0.1365735505 1
stripe 0.4915845093 0.210865533 0.0376096149 -1
stripe 0.1887118092 0.109494134 0.1573853775 -1
stripe -0.5574699212 0.1115119537 0.02570626375 -1
stripe -0.1612341851 0.1108972294 0.1646092891 -1
stripe 0.3229095264 -0.4101937744 0.1059127772 1
stripe 0.3688350806 0.3495930309 0.07118138458 -1
stripe 0.162004033 -0.2960734082 0.1459366308 1
stripe -0.1172833421 -0.4959751792 0.1186917629 -1
stripe -0.1066742442 -0.4930486908 0.1313552321 1
stripe 0.2426725539 -0.4787961007 0.05250056458 1
stripe 0.4745923891 -0.2638251728 0.05811741323 -1
stripe 0.1252094993 -0.5177120558 0.08514999427 -1
stripe 0.1506165669 -0.4985099482 0.08217785771 -1
stripe 0.1908621839 -0.3177856786 0.1189815031 1
stripe 0.1955055676 -0.3550793961 0.1029662628 1
stripe 0.2519757694 -0.1077294586 0.1731772712 -1
stripe 0.3647831739 -0.3728971307 0.1084674272 1
stripe 0.2516808615 0.1091336092 0.1689545546 1
stripe 0.1275754089 -0.4852155355 0.1208262014 -1
stripe 0.1095210405 -0.4760307016 0.1438669824 -1
stripe -0.533597353 0.1533307185 0.02922223219 1
stripe 0.5461431227 -0.1329205717 0.04621455563 1
stripe 0.5387308467 0.071766695 0.08390104396 1
stripe -0.1765489482 -0.4800739937 0.0669786474 -1
stripe 0.4824580555 -0.1268437131 0.118100762 1
stripe 0.50078217 -0.003596317917 0.1590096402 -1
stripe 0.50575255 0.02408606458 0.1467848465 1
stripe 0.4928344167 0.08009703146 0.1446373059 1
stripe 0.4051908389 -0.3850912735 0.05734043917 1
stripe 0.4588855986 0.1967452255 0.05850607604 -1
stripe 0.1665579394 -0.5333443304 0.0373570925 1
stripe 0.164203805 -0.5077242077 0.06028748375 -1
stripe 0.1803985979 -0.5173619385 0.04125059542 1
stripe -0.1138238891 -0.3178708139 0.1838083621 -1
stripe 0.5311366771 -0.1251795965 0.06847529771 -1
stripe -0.1540070803 -0.5089503803 0.06634331812 -1
stripe -0.1381085509 -0.5120900459 0.07829529937 -1
stripe -0.1479721226 -0.5450813121 0.03784605333 1
stripe 0.5486528083 0.1266519179 0.04427916365 -1
stripe 0.5425116249 0.1183293842 0.05825210573 -1
stripe 0.157242155 0.08879733927 0.175207939 -1
stripe 0.1003803198 -0.2849674455 0.1846510918 1
stripe 0.4610996881 -0.2629436829 0.07182229229 -1
stripe 0.4459696531 -0.2897561454 0.08545506479 -1
stripe 0.4662827566 -0.299550601 0.05823186073 -1
stripe 0.4549869991 -0.3002873585 0.07216570073 -1
stripe 0.461148675 -0.2837444571 0.06770925458 -1
stripe 0.2619511114 0.04583749385 0.1906935595 1
stripe 0.5219931898 0.1100944042 0.09046031021 -1
stripe 0.5179277439 0.1008873201 0.1012417927 -1
stripe 0.5086773085 0.09181892292 0.1202485727 -1
stripe -0.1392214918 0.5115393428 0.05028812562 1
stripe -0.1517005383 -0.2435486617 0.1484311162 -1
stripe 0.5077999543 0.1772626566 0.0493860775 -1
stripe 0.5756437025 -0.1291986646 0.01295679083 1
stripe 0.136865989 -0.3149524597 0.1643465473 -1
stripe -0.5625262779 -0.1009156307 0.02354524375 -1
stripe -0.1599295696 -0.5212867227 0.05067801937 1
stripe 0.5791112925 -0.07855079187 0.02269438646 1
stripe 0.573985055 0.07514216125 0.03173426594 -1
stripe 0.5829416075 0.09344247875 0.01572549781 -1
stripe 0.5608957828 0.02745576448 0.0581075324 -1
stripe 0.5626862177 0.08331862375 0.04656132708 1
