1 0 0 0.9790800048 0.9712638246
1 0 0 0.9790800048 0.9712638246
1 0 0 0.9790800048 0.9712638246
1 0 0 0.9790800048 0.9712638246
1 0 0 0.9790800048 0.9712638246
1 0 0 0.9790800048 0.9712638246
1 0 0 0.9790800048 0.9712638246
1 0 0 0.9790800048 0.9712638246
1 0 0 0.9790800048 0.9712638246
1 0 0 0.9790800048 0.9712638246
1 0 0 0.9775077578 0.9719403016
1 0 0 0.9775077578 0.9719403016
1 0 0 0.9775077578 0.9719403016
1 0 0 0.9775077578 0.9719403016
1 0 0 0.9775077578 0.9719403016
1 0 0 0.9761925136 0.9773266057
1 0 0 0.9775077578 0.9719403016
1 0 0 0.9775077578 0.9719403016
1 0 0 0.9775077578 0.9719403016
1 0 0 0.9775077578 0.9719403016
1 0 0 0.9775077578 0.9719403016
1 0 0 0.9775077578 0.9719403016
1 0 0 0.9775077578 0.9719403016
1 0 0 0.9775077578 0.9719403016
1 0 0 0.9775077578 0.9719403016
1 0 0 0.9775077578 0.9719403016
1 0 0 0.9775077578 0.9719403016
1 0 0 0.9775077578 0.9719403016
1 0 0 0.9775077578 0.9719403016
1 0 0 0.9836977058 0.9708972966
1 0 0 0.9836977058 0.9708972966
1 0 0 0.9836977058 0.9708972966
1 0 0 0.9836977058 0.9708972966
1 0 0 0.9836977058 0.9708972966
1 0 0 0.9836977058 0.9708972966
1 0 0 0.9836977058 0.9708972966
1 0 0 0.9836977058 0.9708972966
1 0 0 0.9836977058 0.9708972966
1 0 0 0.9836977058 0.9708972966
1 0 0 0.9836977058 0.9708972966
1 0 0 0.9836977058 0.9708972966
1 0 0 0.9761925136 0.9773266057
1 0 0 0.9990363888 0.921860601
1 0 0 0.9990363888 0.921860601
1 0 0 0.9990363888 0.921860601
1 0 0 0.98165577 0.9694302412
1 0 0 0.9990363888 0.921860601
1 0 0 0.9990363888 0.921860601
1 0 0 0.9990363888 0.921860601
1 0 0 0.9990363888 0.921860601
1 0 0 0.9990363888 0.921860601
1 0 0 0.9990363888 0.921860601
1 0 0 0.9990363888 0.921860601
1 0 0 0.9990363888 0.921860601
1 0 0 0.9990363888 0.921860601
1 0 0 0.9990363888 0.921860601
1 0 0 0.9990363888 0.921860601
1 0 0 0.9990363888 0.921860601
1 0 0 0.9836977058 0.9708972966
1 0 0 0.9761925136 0.9773266057
1 0 0 0.9836977058 0.9708972966
1 0 0 0.9836977058 0.9708972966
1 0 0 0.9836977058 0.9708972966
1 0 0 0.9761925136 0.9773266057
1 0 0 0.9761925136 0.9773266057
1 0 0 0.9761925136 0.9773266057
1 0 0 0.9761925136 0.9773266057
1 0 0 0.9761925136 0.9773266057
1 0 0 0.9761925136 0.9773266057
1 0 0 0.9761925136 0.9773266057
1 0 0 0.9761925136 0.9773266057
1 0 0 0.9761925136 0.9773266057
1 0 0 0.9761925136 0.9773266057
1 0 0 0.9761925136 0.9773266057
1 0 0 0.9761925136 0.9773266057
1 0 0 0.9761925136 0.9773266057
1 0 0 0.9761925136 0.9773266057
1 0 0 0.9761925136 0.9773266057
1 0 0 0.9761925136 0.9773266057
1 0 0 0.9761925136 0.9773266057
1 0 0 0.9946074939 0.9731833901
1 0 0 0.9946074939 0.9731833901
1 0 0 0.9946074939 0.9731833901
1 0 0 0.9946074939 0.9731833901
1 0 0 0.9946074939 0.9731833901
1 0 0 0.9946074939 0.9731833901
1 0 0 0.9946074939 0.9731833901
1 0 0 0.9946074939 0.9731833901
1 0 0 0.9946074939 0.9731833901
1 0 0 0.9775077578 0.9719403016
1 0 0 0.9946074939 0.9731833901
1 0 0 0.9946074939 0.9731833901
1 0 0 0.9946074939 0.9731833901
1 0 0 0.9775077578 0.9719403016
1 0 0 0.9775077578 0.9719403016
1 0 0 0.9946074939 0.9731833901
1 0 0 0.9775077578 0.9719403016
1 0 0 0.9690226685 0.9757568927
1 0 0 0.9690226685 0.9757568927
1 0 0 0.9690226685 0.9757568927
1 0 0 0.9690226685 0.9757568927
1 0 0 0.9690226685 0.9757568927
1 0 0 0.9690226685 0.9757568927
1 0 0 0.9690226685 0.9757568927
1 0 0 0.9690226685 0.9757568927
1 0 0 0.9690226685 0.9757568927
1 0 0 0.9690226685 0.9757568927
1 0 0 0.9690226685 0.9757568927
1 0 0 0.9690226685 0.9757568927
1 0 0 0.9690226685 0.9757568927
1 0 0 0.9790800048 0.9712638246
1 0 0 0.9690226685 0.9757568927
1 0 0 0.9690226685 0.9757568927
1 0 0 0.9690226685 0.9757568927
1 0 0 0.9790800048 0.9712638246
1 0 0 0.9690226685 0.9757568927
1 0 0 0.9790800048 0.9712638246
1 0 0 0.9790800048 0.9712638246
1 0 0 0.98165577 0.9694302412
1 0 0 0.98165577 0.9694302412
1 0 0 0.98165577 0.9694302412
1 0 0 0.98165577 0.9694302412
1 0 0 0.98165577 0.9694302412
1 0 0 0.98165577 0.9694302412
1 0 0 0.98165577 0.9694302412
1 0 0 0.98165577 0.9694302412
1 0 0 0.98165577 0.9694302412
1 0 0 0.98165577 0.9694302412
1 0 0 0.98165577 0.9694302412
1 0 0 0.98165577 0.9694302412
1 0 0 0.98165577 0.9694302412
1 0 0 0.98165577 0.9694302412
1 0 0 0.98165577 0.9694302412
1 0 0 0.98165577 0.9694302412
1 0 0 0.98165577 0.9694302412
1 0 0 0.98165577 0.9694302412
1 0 0 0.98165577 0.9694302412
1 0 0 0.9690226685 0.9757568927
1 0 0 0.9690226685 0.9757568927
1 0 0 0.9946074939 0.9731833901
1 0 0 0.9946074939 0.9731833901
1 0 0 0.9946074939 0.9731833901
1 0 0 0.9946074939 0.9731833901
1 0 0 0.9790800048 0.9712638246
1 0 0 0.9790800048 0.9712638246
1 0 0 0.9946074939 0.9731833901
1 0 0 0.9790800048 0.9712638246
1 0 0 0.9790800048 0.9712638246
1 0 0 0.9790800048 0.9712638246
1 0 0 0.9790800048 0.9712638246
1 0 0 0.9690226685 0.9757568927
1 0 0 0.9690226685 0.9757568927
1 0 0 0.9946074939 0.9731833901
1 0 0 0.9691096461 0.9646766742
1 0 0 0.9946074939 0.9731833901
1 0 0 0.9790800048 0.9712638246
1 0 0 0.9790800048 0.9712638246
1 0 0 0.9946074939 0.9731833901
1 0 0 0.9790800048 0.9712638246
1 0 0 0.9790800048 0.9712638246
1 0 0 0.9946074939 0.9731833901
1 0 0 0.9946074939 0.9731833901
1 0 0 0.9790800048 0.9712638246
1 0 0 0.9790800048 0.9712638246
1 0 0 0.9946074939 0.9731833901
1 0 0 0.9946074939 0.9731833901
1 0 0 0.9690226685 0.9757568927
1 0 0 0.9790800048 0.9712638246
1 0 0 0.9690226685 0.9757568927
1 0 0 0.9690226685 0.9757568927
1 0 0 0.9690226685 0.9757568927
1 0 0 0.9690226685 0.9757568927
1 0 0 0.9690226685 0.9757568927
1 0 0 0.9690226685 0.9757568927
1 0 0 0.9690226685 0.9757568927
1 0 0 0.9690226685 0.9757568927
1 0 0 0.9775077578 0.9719403016
1 0 0 0.9775077578 0.9719403016
1 0 0 0.9761925136 0.9773266057
1 0 0 0.9775077578 0.9719403016
1 0 0 0.9775077578 0.9719403016
1 0 0 0.9775077578 0.9719403016
1 0 0 0.9775077578 0.9719403016
1 0 0 0.9775077578 0.9719403016
1 0 0 0.9775077578 0.9719403016
1 0 0 0.9775077578 0.9719403016
1 0 0 0.9775077578 0.9719403016
1 0 0 0.9946074939 0.9731833901
1 0 0 0.9946074939 0.9731833901
1 0 0 0.9946074939 0.9731833901
1 0 0 0.9946074939 0.9731833901
1 0 0 0.9946074939 0.9731833901
1 0 0 0.9946074939 0.9731833901
1 0 0 0.9761925136 0.9773266057
1 0 0 0.9761925136 0.9773266057
1 0 0 0.9761925136 0.9773266057
1 0 0 0.9761925136 0.9773266057
1 0 0 0.9761925136 0.9773266057
1 0 0 0.9761925136 0.9773266057
1 0 0 0.9761925136 0.9773266057
1 0 0 0.9761925136 0.9773266057
1 0 0 0.9775077578 0.9719403016
1 0 0 0.9761925136 0.9773266057
1 0 0 0.9761925136 0.9773266057
1 0 0 0.9775077578 0.9719403016
1 0 0 0.9946074939 0.9731833901
1 0 0 0.9775077578 0.9719403016
1 0 0 0.9946074939 0.9731833901
1 0 0 0.9946074939 0.9731833901
1 0 0 0.9946074939 0.9731833901
1 0 0 0.9946074939 0.9731833901
1 0 0 0.9946074939 0.9731833901
1 0 0 0.9990363888 0.921860601
1 0 0 0.9836977058 0.9708972966
1 0 0 0.9836977058 0.9708972966
1 0 0 0.9990363888 0.921860601
1 0 0 0.9836977058 0.9708972966
1 0 0 0.9836977058 0.9708972966
1 0 0 0.9836977058 0.9708972966
1 0 0 0.9836977058 0.9708972966
1 0 0 0.9836977058 0.9708972966
1 0 0 0.9836977058 0.9708972966
1 0 0 0.9836977058 0.9708972966
1 0 0 0.9836977058 0.9708972966
1 0 0 0.9836977058 0.9708972966
1 0 0 0.9761925136 0.9773266057
1 0 0 0.9836977058 0.9708972966
1 0 0 0.9836977058 0.9708972966
1 0 0 0.9836977058 0.9708972966
1 0 0 0.9761925136 0.9773266057
1 0 0 0.9761925136 0.9773266057
1 0 0 0.9761925136 0.9773266057
1 0 0 0.9761925136 0.9773266057
1 0 0 0.9990363888 0.921860601
1 0 0 0.9990363888 0.921860601
1 0 0 0.9990363888 0.921860601
1 0 0 0.9990363888 0.921860601
1 0 0 0.9990363888 0.921860601
1 0 0 0.9836977058 0.9708972966
1 0 0 0.9990363888 0.921860601
1 0 0 0.9990363888 0.921860601
1 0 0 0.9691096461 0.9646766742
1 0 0 0.9990363888 0.921860601
1 0 0 0.9836977058 0.9708972966
1 0 0 0.9836977058 0.9708972966
1 0 0 0.9836977058 0.9708972966
1 0 0 0.9836977058 0.9708972966
1 0 0 0.9836977058 0.9708972966
1 0 0 0.9836977058 0.9708972966
1 0 0 0.9761925136 0.9773266057
1 0 0 0.9761925136 0.9773266057
1 0 0 0.9761925136 0.9773266057
1 0 0 0.9761925136 0.9773266057
1 0 0 0.9761925136 0.9773266057
1 0 0 0.98165577 0.9694302412
1 0 0 0.98165577 0.9694302412
1 0 0 0.98165577 0.9694302412
1 0 0 0.98165577 0.9694302412
1 0 0 0.98165577 0.9694302412
1 0 0 0.98165577 0.9694302412
1 0 0 0.98165577 0.9694302412
1 0 0 0.98165577 0.9694302412
1 0 0 0.98165577 0.9694302412
1 0 0 0.98165577 0.9694302412
1 0 0 0.9990363888 0.921860601
1 0 0 0.9990363888 0.921860601
1 0 0 0.9990363888 0.921860601
1 0 0 0.9990363888 0.921860601
1 0 0 0.9990363888 0.921860601
1 0 0 0.9990363888 0.921860601
1 0 0 0.9990363888 0.921860601
1 0 0 0.9990363888 0.921860601
1 0 0 0.98165577 0.9694302412
1 0 0 0.98165577 0.9694302412
1 0 0 0.9690226685 0.9757568927
1 0 0 0.9690226685 0.9757568927
1 0 0 0.9691096461 0.9646766742
1 0 0 0.9690226685 0.9757568927
1 0 0 0.9990363888 0.921860601
1 0 0 0.9990363888 0.921860601
1 0 0 0.9990363888 0.921860601
1 0 0 0.9990363888 0.921860601
1 0 0 0.98165577 0.9694302412
1 0 0 0.98165577 0.9694302412
1 0 0 0.9690226685 0.9757568927
1 0 0 0.9690226685 0.9757568927
1 0 0 0.9690226685 0.9757568927
1 0 0 0.9690226685 0.9757568927
1 0 0 0.9690226685 0.9757568927
1 0 0 0.9690226685 0.9757568927
1 0 0 0.9690226685 0.9757568927
1 0 0 0.9690226685 0.9757568927
1 0 0 0.9990363888 0.921860601
1 0 0 0.9990363888 0.921860601
1 0 0 0.9990363888 0.921860601
1 0 0 0.9990363888 0.921860601
1 0 0 0.9691096461 0.9646766742
1 0 0 0.9990363888 0.921860601
1 0 0 0.9990363888 0.921860601
1 0 0 0.9691096461 0.9646766742
1 0 0 0.9690226685 0.9757568927
1 0 0 0.9691096461 0.9646766742
1 0 0 0.9990363888 0.921860601
1 0 0 0.9691096461 0.9646766742
1 0 0 0.9691096461 0.9646766742
1 0 0 0.9691096461 0.9646766742
1 0 0 0.9990363888 0.921860601
1 0 0 0.9990363888 0.921860601
1 0 0 0.9990363888 0.921860601
1 0 0 0.9990363888 0.921860601
1 0 0 0.9990363888 0.921860601
1 0 0 0.9691096461 0.9646766742
1 0 0 0.9691096461 0.9646766742
1 0 0 0.9691096461 0.9646766742
1 0 0 0.9761925136 0.9773266057
1 0 0 0.9761925136 0.9773266057
1 0 0 0.9691096461 0.9646766742
1 0 0 0.9691096461 0.9646766742
1 0 0 0.9990363888 0.921860601
1 0 0 0.9990363888 0.921860601
1 0 0 0.9990363888 0.921860601
1 0 0 0.9990363888 0.921860601
1 0 0 0.9990363888 0.921860601
1 0 0 0.9990363888 0.921860601
1 0 0 0.9990363888 0.921860601
1 0 0 0.9761925136 0.9773266057
1 0 0 0.9761925136 0.9773266057
1 0 0 0.9761925136 0.9773266057
1 0 0 0.9761925136 0.9773266057
1 0 0 0.9761925136 0.9773266057
1 0 0 0.9761925136 0.9773266057
1 0 0 0.9691096461 0.9646766742
1 0 0 0.9691096461 0.9646766742
1 0 0 0.9691096461 0.9646766742
1 0 0 0.9691096461 0.9646766742
1 0 0 0.9691096461 0.9646766742
1 0 0 0.9761925136 0.9773266057
1 0 0 0.9761925136 0.9773266057
1 0 0 0.9761925136 0.9773266057
1 0 0 0.9761925136 0.9773266057
1 0 0 0.9761925136 0.9773266057
1 0 0 0.9761925136 0.9773266057
1 0 0 0.9761925136 0.9773266057
1 0 0 0.9761925136 0.9773266057
1 0 0 0.9691096461 0.9646766742
1 0 0 0.9691096461 0.9646766742
1 0 0 0.9691096461 0.9646766742
1 0 0 0.9691096461 0.9646766742
1 0 0 0.9761925136 0.9773266057
1 0 0 0.9761925136 0.9773266057
1 0 0 0.9761925136 0.9773266057
1 0 0 0.9691096461 0.9646766742
1 0 0 0.9691096461 0.9646766742
1 0 0 0.9691096461 0.9646766742
1 0 0 0.9691096461 0.9646766742
1 0 0 0.9691096461 0.9646766742
1 0 0 0.9691096461 0.9646766742
1 0 0 0.9691096461 0.9646766742
1 0 0 0.9691096461 0.9646766742
1 0 0 0.9946074939 0.9731833901
1 0 0 0.9946074939 0.9731833901
1 0 0 0.9946074939 0.9731833901
1 0 0 0.9946074939 0.9731833901
1 0 0 0.9946074939 0.9731833901
1 0 0 0.9946074939 0.9731833901
1 0 0 0.9946074939 0.9731833901
1 0 0 0.9946074939 0.9731833901
1 0 0 0.9946074939 0.9731833901
1 0 0 0.9946074939 0.9731833901
1 0 0 0.9946074939 0.9731833901
1 0 0 0.9946074939 0.9731833901
1 0 0 0.9946074939 0.9731833901
1 0 0 0.9946074939 0.9731833901
1 0 0 0.9946074939 0.9731833901
1 0 0 0.9946074939 0.9731833901
1 0 0 0.9946074939 0.9731833901
1 0 0 0.9691096461 0.9646766742
1 0 0 0.9691096461 0.9646766742
1 0 0 0.9691096461 0.9646766742
1 0 0 0.9691096461 0.9646766742
1 0 0 0.9946074939 0.9731833901
1 0 0 0.9946074939 0.9731833901
1 0 0 0.9946074939 0.9731833901
1 0 0 0.9946074939 0.9731833901
1 0 0 0.9946074939 0.9731833901
1 0 0 0.9691096461 0.9646766742
1 0 0 0.9691096461 0.9646766742
1 0 0 0.9691096461 0.9646766742
1 0 0 0.9691096461 0.9646766742
1 0 0 0.9691096461 0.9646766742
1 0 0 0.9691096461 0.9646766742
1 0 0 0.9690226685 0.9757568927
1 0 0 0.9691096461 0.9646766742
1 0 0 0.9690226685 0.9757568927
1 0 0 0.9690226685 0.9757568927
1 0 0 0.9690226685 0.9757568927
1 0 0 0.9690226685 0.9757568927
1 0 0 0.9690226685 0.9757568927
1 0 0 0.9691096461 0.9646766742
1 0 0 0.9691096461 0.9646766742
1 0 0 0.9691096461 0.9646766742
1 0 0 0.9691096461 0.9646766742
1 0 0 0.9690226685 0.9757568927
1 0 0 0.9690226685 0.9757568927
1 0 0 0.9690226685 0.9757568927
1 0 0 0.9690226685 0.9757568927
1 0 0 0.9691096461 0.9646766742
1 0 0 0.9691096461 0.9646766742
1 0 0 0.9691096461 0.9646766742
1 0 0 0.9691096461 0.9646766742
1 0 0 0.9691096461 0.9646766742
1 0 0 0.9690226685 0.9757568927
1 0 0 0.9690226685 0.9757568927
1 0 0 0.9690226685 0.9757568927
1 0 0 0.9690226685 0.9757568927
1 0 0 0.9690226685 0.9757568927
1 0 0 0.9690226685 0.9757568927
1 0 0 0.9690226685 0.9757568927
1 0 0 0.9690226685 0.9757568927
1 0 0 0.9690226685 0.9757568927
1 0 0 0.9690226685 0.9757568927
1 0 0 0.9690226685 0.9757568927
1 0 0 0.9946074939 0.9731833901
1 0 0 0.9946074939 0.9731833901
1 0 0 0.9761925136 0.9773266057
1 0 0 0.9946074939 0.9731833901
1 0 0 0.9946074939 0.9731833901
1 0 0 0.9946074939 0.9731833901
1 0 0 0.9946074939 0.9731833901
1 0 0 0.9761925136 0.9773266057
1 0 0 0.9761925136 0.9773266057
1 0 0 0.9775077578 0.9719403016
1 0 0 0.9775077578 0.9719403016
1 0 0 0.9690226685 0.9757568927
1 0 0 0.9990363888 0.921860601
1 0 0 0.9690226685 0.9757568927
1 0 0 0.9990363888 0.921860601
1 0 0 0.98165577 0.9694302412
1 0 0 0.9836977058 0.9708972966
1 0 0 0.9946074939 0.9731833901
1 0 0 0.9761925136 0.9773266057
1 0 0 0.9691096461 0.9646766742
1 0 0 0.9690226685 0.9757568927
1 0 0 0.9690226685 0.9757568927
1 0 0 0.9836977058 0.9708972966
1 0 0 0.9790800048 0.9712638246
1 0 0 0.9761925136 0.9773266057
1 0 0 0.9761925136 0.9773266057
1 0 0 0.9946074939 0.9731833901
1 0 0 0.9775077578 0.9719403016
1 0 0 0.9836977058 0.9708972966
1 0 0 0.9790800048 0.9712638246
1 0 0 0.9761925136 0.9773266057
1 0 0 0.9761925136 0.9773266057
1 0 0 0.9691096461 0.9646766742
1 0 0 0.9691096461 0.9646766742
1 0 0 0.9690226685 0.9757568927
1 0 0 0.9990363888 0.921860601
1 0 0 0.9946074939 0.9731833901
1 0 0 0.9946074939 0.9731833901
1 0 0 0.9690226685 0.9757568927
1 0 0 0.9990363888 0.921860601
1 0 0 0.9946074939 0.9731833901
1 0 0 0.9946074939 0.9731833901
1 0 0 0.9790800048 0.9712638246
1 0 0 0.9775077578 0.9719403016
1 0 0 0.9761925136 0.9773266057
1 0 0 0.9761925136 0.9773266057
1 0 0 0.9990363888 0.921860601
1 0 0 0.9775077578 0.9719403016
1 0 0 0.9761925136 0.9773266057
1 0 0 0.9690226685 0.9757568927
1 0 0 0.9761925136 0.9773266057
1 0 0 0.9836977058 0.9708972966
1 0 0 0.9790800048 0.9712638246
1 0 0 0.9761925136 0.9773266057
1 0 0 0.9790800048 0.9712638246
1 0 0 0.9761925136 0.9773266057
1 0 0 0.9946074939 0.9731833901
1 0 0 0.9946074939 0.9731833901
1 0 0 0.9761925136 0.9773266057
1 0 0 0.9775077578 0.9719403016
1 0 0 0.9790800048 0.9712638246
1 0 0 0.9761925136 0.9773266057
1 0 0 0.9790800048 0.9712638246
1 0 0 0.9761925136 0.9773266057
1 0 0 0.9790800048 0.9712638246
1 0 0 0.9990363888 0.921860601
1 0 0 0.9790800048 0.9712638246
1 0 0 0.9946074939 0.9731833901
1 0 0 0.9946074939 0.9731833901
1 0 0 0.9946074939 0.9731833901
1 0 0 0.9790800048 0.9712638246
1 0 0 0.98165577 0.9694302412
1 0 0 0.9990363888 0.921860601
1 0 0 0.9946074939 0.9731833901
1 0 0 0.9761925136 0.9773266057
