stripe -0.3137203 -0.4112389375 0.1101805827 -1
stripe -0.2267995375 -0.4839266865 0.06820626802 1
stripe -0.08146201667 0.3773706833 0.2054881 -1
stripe -0.1159333464 0.4246372385 0.1711616479 -1
stripe -0.07741192937 0.4459133937 0.1501029 -1
stripe -0.1978501802 -0.4807566437 0.09175800615 -1
stripe -0.07722139135 0.4649656927 0.1297089404 1
stripe -0.06870725427 0.4841638073 0.1087691471 -1
stripe -0.3910591021 0.308062151 0.135778633 1
stripe -0.0233400199 -0.5549620177 0.01497531302 1
stripe -0.03923753021 -0.5448232833 0.02891784583 -1
stripe -0.04210338031 0.5372650062 0.04466614865 -1
stripe -0.2530358635 0.1912238 0.3129940552 1
stripe -0.1567729521 0.3679678854 0.2166392729 -1
stripe -0.05555197573 0.1032584586 0.328692676 -1
stripe -0.3468051229 0.3380162917 0.1502784312 1
stripe -0.362394275 -0.3627710563 0.12266105 1
stripe -0.05110039146 -0.4916957813 0.09514758854 -1
stripe -0.06397402854 -0.5276140094 0.05203396865 -1
stripe -0.0993787326 -0.5416891208 0.02444826937 -1
stripe -0.0985759875 -0.2574707115 0.3181107594 1
stripe -0.1704293406 0.4427886885 0.1469827448 1
stripe -0.230170025 0.4392651083 0.1246717833 1
stripe -0.2749582521 -0.3434198802 0.2365180208 1
stripe -0.09334957083 -0.4820687 0.114202875 1
stripe -0.0771363474 -0.5125835094 0.07229015823 1
stripe -0.06846626042 -0.4886232469 0.1040571005 -1
stripe -0.09199686323 -0.506784025 0.08006238646 -1
stripe -0.2843530833 -0.4016497823 0.1550057365 1
stripe -0.1633491979 -0.3739055083 0.2461208042 1
stripe -0.05387661667 -0.5345867458 0.04241671333 1
stripe -0.02895868146 -0.5227309073 0.04763138948 1
stripe -0.3136744437 -0.4413462917 0.05718840219 -1
stripe -0.1500266542 0.276795099 0.2735091573 -1
stripe -0.07120497354 -0.2956919146 0.278115025 1
stripe -0.0763902975 -0.3470096333 0.245343775 1
stripe -0.06460595979 -0.4376828792 0.1605482042 -1
stripe -0.08390250323 -0.4423042104 0.1597112604 -1
stripe -0.09356493354 -0.427070176 0.1809793604 1
stripe -0.1616887083 -0.4817906354 0.1086685587 1
stripe -0.1424910677 -0.458201151 0.147047315 1
stripe -0.1014254981 -0.3653312667 0.2444206958 -1
stripe -0.06487918563 -0.3858488667 0.2083545458 -1
stripe -0.05781073437 0.165915675 0.3039860187 -1
stripe -0.1722344219 0.3051518187 0.2579382885 -1
stripe -0.1192372375 -0.41017855 0.2069536729 1
stripe -0.1265166979 -0.2948748062 0.3058509146 -1
stripe -0.3268312458 0.2059670708 0.2722014833 1
stripe -0.05836096833 0.4977323812 0.0934564525 -1
stripe -0.0511485224 0.5151849937 0.07218700625 -1
stripe -0.08432521583 0.5289999375 0.055334045 1
stripe -0.03824928354 0.5452079625 0.03560664167 1
stripe -0.0128066749 0.56172255 0.01491086969 1
stripe -0.03047105406 0.55023715 0.02945675927 1
stripe -0.30058395 0.4486224667 0.06044672875 -1
stripe 0.3137203 -0.4112389375 0.1101805827 1
stripe 0.2267995375 -0.4839266865 0.06820626802 -1
stripe 0.08204951979 0.3789436927 0.2043122687 -1
stripe 0.1122982424 0.4298304677 0.1657768521 1
stripe 0.1978501802 -0.4807566437 0.09175800615 -1
stripe 0.06854379229 0.4868475396 0.1058817192 -1
stripe 0.07671205885 0.4666286396 0.1279039679 1
stripe 0.07630934865 0.4464431042 0.1495583571 1
stripe 0.3910591021 0.308062151 0.135778633 -1
stripe 0.02621083385 -0.5540706948 0.01600809323 1
stripe 0.04184286948 -0.542973801 0.03149979635 1
stripe 0.04121735281 0.5401138437 0.04119415365 1
stripe 0.251965999 0.1905900375 0.3135938385 -1
stripe 0.1633412135 0.3695259615 0.2150877458 1
stripe 0.05623981135 0.1181596761 0.3219163823 1
stripe 0.3468051229 0.3380162917 0.1502784312 -1
stripe 0.362394275 -0.3627710563 0.12266105 -1
stripe 0.05110039146 -0.4916957813 0.09514758854 -1
stripe 0.0993787326 -0.5416891208 0.02444826937 1
stripe 0.097678425 -0.2512805208 0.3213162125 -1
stripe 0.1704293406 0.4427886885 0.1469827448 1
stripe 0.2306482969 0.4382571073 0.1255907948 -1
stripe 0.2749582521 -0.3434198802 0.2365180208 -1
stripe 0.09532086302 -0.4811956687 0.1155698687 -1
stripe 0.06621040323 -0.5266595281 0.05354936177 1
stripe 0.08183177896 -0.511833275 0.07330919042 1
stripe 0.06846626042 -0.4886232469 0.1040571005 -1
stripe 0.08729141073 -0.5034257688 0.08449770583 -1
stripe 0.2843530833 -0.4016497823 0.1550057365 1
stripe 0.1633491979 -0.3739055083 0.2461208042 -1
stripe 0.1429644979 -0.457424051 0.1480440073 -1
stripe 0.05589698979 -0.533439174 0.04396588365 1
stripe 0.02895868146 -0.5227309073 0.04763138948 -1
stripe 0.3136744437 -0.4413462917 0.05718840219 1
stripe 0.1504518583 0.2757834729 0.2740190896 1
stripe 0.07201286646 -0.2861944354 0.284156325 -1
stripe 0.07434519344 -0.3421877458 0.2478129219 -1
stripe 0.06460595979 -0.4376828792 0.1605482042 1
stripe 0.08136499677 -0.4380590833 0.1643167021 1
stripe 0.0985146126 -0.4233892979 0.1867787729 1
stripe 0.1616887083 -0.4817906354 0.1086685588 1
stripe 0.1031788837 -0.3629629667 0.2474975958 -1
stripe 0.06478677313 -0.3841708417 0.2099465365 1
stripe 0.0572621625 0.1704857812 0.3017477625 1
stripe 0.1698666937 0.3075566312 0.2566359208 -1
stripe 0.1208721531 -0.4092215344 0.208048076 -1
stripe 0.1279454458 -0.2948144281 0.306098301 -1
stripe 0.3268312458 0.2059670708 0.2722014833 -1
stripe 0.05825470573 0.49998655 0.09070894875 1
stripe 0.08432521583 0.5289999375 0.055334045 -1
stripe 0.05171576208 0.5190986625 0.06741649 -1
stripe 0.028533875 0.5529035625 0.026390805 1
stripe 0.03834941073 0.5461392875 0.03434993667 -1
stripe 0.01148184646 0.56402525 0.01254907615 -1
stripe 0.30058395 0.4486224667 0.06044672875 1
