0 221 2303
1 0 2322
2 1 2338
3 2 914
4 2 1443
4 3 922
5 4 1467
5 311 927
6 5 2411
7 6 2432
8 7 2450
9 8 2467
10 9 2484
11 10 2505
12 11 2523
13 12 2540
14 13 2554
15 14 2558
16 15 2558
17 269 1057
18 17 1036
19 18 1011
20 19 659
20 312 318
21 20 307
22 20 647
22 21 293
23 22 307
24 22 308
24 23 296
24 313 288
25 24 876
26 25 854
27 26 358
28 26 114
28 27 350
28 314 347
29 28 281
30 37 1602
31 30 1629
32 31 1664
33 32 1705
34 33 1746
35 34 1790
36 35 747
37 229 1576
38 35 341
38 36 768
38 316 767
39 38 1310
39 317 625
40 39 643
41 39 1335
41 40 660
42 41 2023
43 42 2054
44 45 2976
45 46 3003
46 47 3021
47 48 3038
48 49 3060
49 50 3081
50 51 3097
51 52 3116
52 53 3136
53 54 3143
54 55 3134
55 56 3116
56 57 3097
57 58 3077
58 59 3060
59 60 3044
60 79 3028
61 63 1279
61 64 1518
62 61 2842
63 64 1258
64 66 2739
65 62 2884
66 67 2703
67 68 1438
67 318 1227
68 70 2612
69 65 2921
70 71 2573
71 72 2537
72 73 2498
73 74 2463
74 75 2431
75 87 2403
76 69 2963
77 76 3006
78 77 3032
79 80 3011
80 81 2995
81 82 2979
82 83 2962
83 84 2944
84 85 2928
85 86 2911
86 224 2893
87 88 2383
88 89 2372
89 90 1095
89 91 1288
90 91 1105
91 92 1310
91 319 1104
92 93 2440
93 94 2459
94 115 2478
95 96 2346
96 97 2368
97 98 2386
98 99 2402
99 100 2415
100 101 2436
101 102 935
101 103 119
101 104 462
101 320 935
102 103 945
103 104 1073
104 105 2496
105 106 1437
105 321 1074
106 107 2549
107 108 2582
108 153 2610
109 16 2559
110 109 2559
111 110 2560
112 111 1341
112 270 1227
113 112 2559
114 113 2538
115 114 1597
115 251 898
116 117 3164
117 119 3150
118 116 3155
119 121 3126
120 118 3135
121 122 3103
122 126 3081
123 120 3118
124 123 3098
125 124 3078
126 78 3054
127 95 2328
128 127 2312
129 128 2302
130 129 2300
131 130 1328
131 322 382
132 131 1327
132 309 381
132 322 587
133 134 2859
134 135 2878
135 136 2897
136 137 2916
137 138 2932
138 139 2950
139 141 2970
140 133 2844
141 142 2988
142 143 3004
143 144 3021
144 145 3042
145 125 3060
146 147 1576
146 191 1083
147 148 1590
147 328 1087
148 150 2707
149 146 2644
150 151 2721
151 152 2735
152 154 2753
153 149 2628
154 155 2765
155 156 2787
156 157 2824
157 158 2862
158 159 2897
159 44 2939
160 267 809
160 323 525
161 160 529
162 160 828
162 161 542
163 162 1388
164 163 1396
165 164 1395
166 165 842
166 324 547
167 166 543
168 166 845
168 167 545
169 168 1385
170 169 1384
171 170 1379
172 171 822
172 325 410
173 171 135
173 172 406
174 175 1085
174 223 450
174 334 452
175 176 2041
176 177 803
176 206 1270
177 178 2127
178 179 2159
179 180 2193
180 181 959
180 182 301
180 326 960
181 182 979
182 183 2282
183 184 769
183 185 745
183 327 772
184 185 774
185 186 2288
186 187 910
186 287 1380
187 188 302
187 287 612
188 189 2297
189 190 2298
190 132 2299
191 147 1093
192 195 1157
192 329 708
193 192 720
194 192 1117
194 193 703
195 205 1920
196 194 1786
197 196 735
198 196 275
198 197 719
198 330 35
198 331 541
199 198 540
200 198 1008
200 199 530
200 331 125
201 200 1634
202 201 1607
203 202 1587
204 203 1565
205 174 1954
206 177 1288
207 43 2098
208 207 2128
209 208 2140
210 209 356
210 285 1419
211 210 1774
211 285 370
212 211 2153
213 212 2159
214 213 2168
215 214 2177
216 215 2183
217 216 2195
218 217 463
219 217 1272
219 218 469
219 332 475
220 219 2245
221 220 2278
222 204 487
223 175 458
224 225 2875
225 226 2860
226 227 2844
227 228 2828
228 271 2817
229 230 1558
230 231 1539
231 232 1511
232 233 1488
233 234 524
233 235 943
234 235 519
235 236 1441
236 237 901
236 335 515
237 238 1392
238 239 305
238 252 765
238 336 302
239 173 400
240 204 566
240 222 475
240 333 476
241 240 1482
242 241 1440
243 242 1396
244 243 1354
245 244 1314
246 245 1272
247 246 433
248 246 367
248 247 191
248 286 62
248 337 185
248 346 62
249 247 155
249 248 854
249 337 158
250 249 427
251 114 914
252 172 413
252 173 141
252 239 102
252 336 103
253 276 280
254 253 298
254 276 384
254 342 297
255 254 1012
256 255 1048
257 256 672
257 339 422
258 257 424
259 257 703
259 258 437
260 259 1167
261 260 1187
262 261 1206
263 262 753
263 340 484
264 263 486
265 263 767
265 264 498
266 265 1287
267 266 1305
268 249 32
268 250 412
269 249 204
269 268 435
269 341 434
270 111 1219
271 272 2815
272 273 2815
273 275 2816
274 140 2827
275 274 2817
276 277 893
277 278 336
277 279 503
278 279 312
279 280 457
279 343 312
280 281 278
280 282 149
280 344 281
281 282 264
282 283 266
282 284 381
283 284 250
284 288 346
284 345 250
285 209 1794
286 247 63
287 188 1386
287 351 604
288 289 529
289 290 480
290 291 197
290 292 45
290 347 193
291 292 170
292 293 339
293 310 172
294 295 155
295 296 292
296 297 227
296 298 128
297 299 269
297 348 149
298 297 151
299 300 486
300 301 345
300 302 187
301 303 278
301 308 106
301 349 202
302 301 209
303 304 659
304 305 239
304 306 214
304 350 241
305 306 256
306 307 768
307 28 255
307 29 273
307 315 271
308 303 121
309 131 381
311 4 919
312 19 328
313 22 301
314 26 360
315 28 273
316 35 749
317 38 606
318 68 1209
319 92 1113
320 104 942
321 106 1087
322 130 974
323 267 512
324 165 543
325 171 412
326 182 978
327 185 773
328 148 1098
329 195 725
330 196 736
331 330 683
332 217 469
333 204 489
334 175 459
335 237 508
336 172 402
337 246 428
338 249 431
339 256 408
340 262 470
341 249 32
341 338 412
342 276 280
343 280 288
344 282 266
345 288 232
346 337 63
347 292 170
348 299 171
349 303 111
349 352 106
350 306 258
351 188 606
352 303 121
